0.000000 0.000518
1.000000 0.000515
2.000000 0.000499
3.000000 0.000512
4.000000 0.000508
5.000000 0.000479
6.000000 0.000504
7.000000 0.000501
8.000000 0.000460
9.000000 0.000498
10.000000 0.000440
11.000000 0.000495
12.000000 0.000492
13.000000 0.000422
14.000000 0.000488
15.000000 0.000485
16.000000 0.000402
17.000000 0.000482
18.000000 0.000383
19.000000 0.000479
20.000000 0.000475
21.000000 0.000363
22.000000 0.000472
23.000000 0.000469
24.000000 0.000345
25.000000 0.000467
26.000000 0.000326
27.000000 0.000464
28.000000 0.000460
29.000000 0.000307
30.000000 0.000458
31.000000 0.000455
32.000000 0.000289
33.000000 0.000452
34.000000 0.000270
35.000000 0.000448
36.000000 0.000446
37.000000 0.000251
38.000000 0.000443
39.000000 0.000441
40.000000 0.000233
41.000000 0.000438
42.000000 0.000215
43.000000 0.000435
44.000000 0.000432
45.000000 0.000196
46.000000 0.000430
47.000000 0.000428
48.000000 0.000178
49.000000 0.000424
50.000000 0.000160
51.000000 0.000422
52.000000 0.000420
53.000000 0.000142
54.000000 0.000417
55.000000 0.000415
56.000000 0.000124
57.000000 0.000412
58.000000 0.000106
59.000000 0.000410
60.000000 0.000408
61.000000 0.000907
62.000000 0.000405
63.000000 0.000402
64.000000 0.000721
65.000000 0.000400
66.000000 0.000398
67.000000 0.000538
68.000000 0.000396
69.000000 0.000355
70.000000 0.000394
71.000000 0.000391
72.000000 0.000183
73.000000 0.000389
74.000000 0.000387
75.000000 0.000003
76.000000 0.000385
77.000000 0.000177
78.000000 0.000384
79.000000 0.000381
80.000000 0.000355
81.000000 0.000379
82.000000 0.000377
83.000000 0.000522
84.000000 0.000376
85.000000 0.000699
86.000000 0.000373
87.000000 0.000371
88.000000 0.000874
89.000000 0.000369
90.000000 0.000368
91.000000 0.000102
92.000000 0.000366
93.000000 0.000120
94.000000 0.000364
95.000000 0.000362
96.000000 0.000137
97.000000 0.000361
98.000000 0.000359
99.000000 0.000154
100.000000 0.000357
101.000000 0.000170
102.000000 0.000355
103.000000 0.000354
104.000000 0.000187
105.000000 0.000352
106.000000 0.000351
107.000000 0.000204
108.000000 0.000349
109.000000 0.000220
110.000000 0.000347
111.000000 0.000346
112.000000 0.000236
113.000000 0.000345
114.000000 0.000343
115.000000 0.000253
116.000000 0.000341
117.000000 0.000269
118.000000 0.000340
119.000000 0.000339
120.000000 0.000285
121.000000 0.000338
122.000000 0.000336
123.000000 0.000301
124.000000 0.000335
125.000000 0.000317
126.000000 0.000334
127.000000 0.000333
128.000000 0.000334
129.000000 0.000330
130.000000 0.000330
131.000000 0.000349
132.000000 0.000329
133.000000 0.000328
134.000000 0.000365
135.000000 0.000327
136.000000 0.000381
137.000000 0.000325
138.000000 0.000324
139.000000 0.000397
140.000000 0.000323
141.000000 0.000322
142.000000 0.000412
143.000000 0.000321
144.000000 0.000428
145.000000 0.000320
146.000000 0.000319
147.000000 0.000444
148.000000 0.000318
149.000000 0.000318
150.000000 0.000458
151.000000 0.000316
152.000000 0.000474
153.000000 0.000315
154.000000 0.000315
155.000000 0.000489
156.000000 0.000314
157.000000 0.000314
158.000000 0.000505
159.000000 0.000312
160.000000 0.000519
161.000000 0.000312
162.000000 0.000311
163.000000 0.000535
164.000000 0.000311
165.000000 0.000309
166.000000 0.000550
167.000000 0.000309
168.000000 0.000565
169.000000 0.000308
170.000000 0.000308
171.000000 0.000579
172.000000 0.000308
173.000000 0.000306
174.000000 0.000595
175.000000 0.000306
176.000000 0.000610
177.000000 0.000306
178.000000 0.000306
179.000000 0.000624
180.000000 0.000304
181.000000 0.000304
182.000000 0.000639
183.000000 0.000304
184.000000 0.000653
185.000000 0.000304
186.000000 0.000304
187.000000 0.000668
188.000000 0.000303
189.000000 0.000303
190.000000 0.000682
191.000000 0.000303
192.000000 0.000697
193.000000 0.000302
194.000000 0.000301
195.000000 0.000711
196.000000 0.000302
197.000000 0.000302
198.000000 0.000726
199.000000 0.000302
200.000000 0.000302
201.000000 0.000739
202.000000 0.000301
203.000000 0.000754
204.000000 0.000301
205.000000 0.000301
206.000000 0.000768
207.000000 0.000301
208.000000 0.000300
209.000000 0.000781
210.000000 0.000301
211.000000 0.000795
212.000000 0.000301
213.000000 0.000301
214.000000 0.000810
215.000000 0.000302
216.000000 0.000301
217.000000 0.000824
218.000000 0.000301
219.000000 0.000837
220.000000 0.000302
221.000000 0.000302
222.000000 0.000851
223.000000 0.000301
224.000000 0.000302
225.000000 0.000864
226.000000 0.000302
227.000000 0.000878
228.000000 0.000303
229.000000 0.000303
230.000000 0.000891
231.000000 0.000303
232.000000 0.000303
233.000000 0.000905
234.000000 0.000304
235.000000 0.000918
236.000000 0.000304
237.000000 0.000305
238.000000 0.000931
239.000000 0.000305
240.000000 0.000305
241.000000 0.000945
242.000000 0.000306
243.000000 0.000958
244.000000 0.000307
245.000000 0.000306
246.000000 0.000971
247.000000 0.000307
248.000000 0.000308
249.000000 0.000984
250.000000 0.000309
251.000000 0.000997
252.000000 0.000310
253.000000 0.000309
254.000000 0.001010
255.000000 0.000310
256.000000 0.000311
257.000000 0.001023
258.000000 0.000312
259.000000 0.001036
260.000000 0.000312
261.000000 0.000313
262.000000 0.001049
263.000000 0.000314
264.000000 0.000315
265.000000 0.001062
266.000000 0.000316
267.000000 0.001074
268.000000 0.000316
269.000000 0.000317
270.000000 0.001086
271.000000 0.000318
272.000000 0.000319
273.000000 0.001099
274.000000 0.000319
275.000000 0.000320
276.000000 0.001112
277.000000 0.000321
278.000000 0.001124
279.000000 0.000323
280.000000 0.000324
281.000000 0.001136
282.000000 0.000324
283.000000 0.000325
284.000000 0.001149
285.000000 0.000327
286.000000 0.001161
287.000000 0.000328
288.000000 0.000328
289.000000 0.001173
290.000000 0.000329
291.000000 0.000331
292.000000 0.001185
293.000000 0.000332
294.000000 0.001198
295.000000 0.000334
296.000000 0.000334
297.000000 0.001209
298.000000 0.000335
299.000000 0.000337
300.000000 0.001221
301.000000 0.000338
302.000000 0.001233
303.000000 0.000339
304.000000 0.000340
305.000000 0.001245
306.000000 0.000342
307.000000 0.000343
308.000000 0.001256
309.000000 0.000345
310.000000 0.001268
311.000000 0.000346
312.000000 0.000347
313.000000 0.001280
314.000000 0.000349
315.000000 0.000351
316.000000 0.001292
317.000000 0.000352
318.000000 0.001303
319.000000 0.000353
320.000000 0.000355
321.000000 0.001315
322.000000 0.000356
323.000000 0.000358
324.000000 0.001326
325.000000 0.000359
326.000000 0.001337
327.000000 0.000361
328.000000 0.000363
329.000000 0.001349
330.000000 0.000364
331.000000 0.000366
332.000000 0.001360
333.000000 0.000367
334.000000 0.001372
335.000000 0.000369
336.000000 0.000371
337.000000 0.001382
338.000000 0.000373
339.000000 0.000374
340.000000 0.001393
341.000000 0.000376
342.000000 0.000378
343.000000 0.001405
344.000000 0.000380
345.000000 0.001416
346.000000 0.000382
347.000000 0.000383
348.000000 0.001426
349.000000 0.000385
350.000000 0.000387
351.000000 0.001437
352.000000 0.000390
353.000000 0.001448
354.000000 0.000391
355.000000 0.000393
356.000000 0.001458
357.000000 0.000395
358.000000 0.000397
359.000000 0.001469
360.000000 0.000400
361.000000 0.001480
362.000000 0.000401
363.000000 0.000403
364.000000 0.001491
365.000000 0.000405
366.000000 0.000408
367.000000 0.001501
368.000000 0.000409
369.000000 0.001512
370.000000 0.000411
371.000000 0.000414
372.000000 0.001522
373.000000 0.000416
374.000000 0.000419
375.000000 0.001533
376.000000 0.000420
377.000000 0.001543
378.000000 0.000423
379.000000 0.000425
380.000000 0.001553
381.000000 0.000427
382.000000 0.000430
383.000000 0.001564
384.000000 0.000431
385.000000 0.001573
386.000000 0.000434
387.000000 0.000437
388.000000 0.001584
389.000000 0.000439
390.000000 0.000441
391.000000 0.001594
392.000000 0.000443
393.000000 0.001604
394.000000 0.000446
395.000000 0.000449
396.000000 0.001613
397.000000 0.000451
398.000000 0.000453
399.000000 0.001624
400.000000 0.000456
401.000000 0.001634
402.000000 0.000459
403.000000 0.000461
404.000000 0.001644
405.000000 0.000463
406.000000 0.000466
407.000000 0.001653
408.000000 0.000469
409.000000 0.001663
410.000000 0.000472
411.000000 0.000475
412.000000 0.001672
413.000000 0.000476
414.000000 0.000479
415.000000 0.001681
416.000000 0.000482
417.000000 0.000485
418.000000 0.001691
419.000000 0.000487
420.000000 0.001701
421.000000 0.000490
422.000000 0.000493
423.000000 0.001711
424.000000 0.000496
425.000000 0.000499
426.000000 0.001719
427.000000 0.000501
428.000000 0.001729
429.000000 0.000504
430.000000 0.000507
431.000000 0.001738
432.000000 0.000511
433.000000 0.000513
434.000000 0.001748
435.000000 0.000516
436.000000 0.001756
437.000000 0.000519
438.000000 0.000522
439.000000 0.001766
440.000000 0.000525
441.000000 0.000528
442.000000 0.001775
443.000000 0.000531
444.000000 0.001783
445.000000 0.000534
446.000000 0.000538
447.000000 0.001792
448.000000 0.000540
449.000000 0.000543
450.000000 0.001801
451.000000 0.000546
452.000000 0.001811
453.000000 0.000550
454.000000 0.000553
455.000000 0.001819
456.000000 0.000556
457.000000 0.000559
458.000000 0.001828
459.000000 0.000562
460.000000 0.001837
461.000000 0.000566
462.000000 0.000569
463.000000 0.001845
464.000000 0.000572
465.000000 0.000575
466.000000 0.001853
467.000000 0.000579
468.000000 0.001862
469.000000 0.000583
470.000000 0.000585
471.000000 0.001871
472.000000 0.000589
473.000000 0.000592
474.000000 0.001879
475.000000 0.000596
476.000000 0.001887
477.000000 0.000600
478.000000 0.000602
479.000000 0.001896
480.000000 0.000606
481.000000 0.000610
482.000000 0.001904
483.000000 0.000613
484.000000 0.001912
485.000000 0.000616
486.000000 0.000620
487.000000 0.001920
488.000000 0.000624
489.000000 0.000627
490.000000 0.001929
491.000000 0.000631
492.000000 0.001937
493.000000 0.000634
494.000000 0.000638
495.000000 0.001944
496.000000 0.000642
497.000000 0.000646
498.000000 0.001953
499.000000 0.000649
500.000000 0.000652
501.000000 0.001961
502.000000 0.000656
503.000000 0.001968
504.000000 0.000660
505.000000 0.000664
506.000000 0.001976
507.000000 0.000667
508.000000 0.000671
509.000000 0.001984
510.000000 0.000675
511.000000 0.001992
512.000000 0.000679
513.000000 0.000683
514.000000 0.001999
515.000000 0.000687
516.000000 0.000691
517.000000 0.002007
518.000000 0.000695
519.000000 0.002015
520.000000 0.000699
521.000000 0.000702
522.000000 0.002022
523.000000 0.000706
524.000000 0.000711
525.000000 0.002029
526.000000 0.000715
527.000000 0.002037
528.000000 0.000718
529.000000 0.000722
530.000000 0.002044
531.000000 0.000727
532.000000 0.000731
533.000000 0.002051
534.000000 0.000735
535.000000 0.002058
536.000000 0.000738
537.000000 0.000743
538.000000 0.002066
539.000000 0.000747
540.000000 0.000752
541.000000 0.002073
542.000000 0.000756
543.000000 0.002080
544.000000 0.000759
545.000000 0.000764
546.000000 0.002087
547.000000 0.000768
548.000000 0.000773
549.000000 0.002094
550.000000 0.000776
551.000000 0.002102
552.000000 0.000781
553.000000 0.000785
554.000000 0.002108
555.000000 0.000790
556.000000 0.000794
557.000000 0.002115
558.000000 0.000798
559.000000 0.002122
560.000000 0.000803
561.000000 0.000807
562.000000 0.002128
563.000000 0.000812
564.000000 0.000815
565.000000 0.002135
566.000000 0.000820
567.000000 0.002142
568.000000 0.000825
569.000000 0.000830
570.000000 0.002149
571.000000 0.000834
572.000000 0.000838
573.000000 0.002155
574.000000 0.000843
575.000000 0.000848
576.000000 0.002161
577.000000 0.000852
578.000000 0.002168
579.000000 0.000856
580.000000 0.000861
581.000000 0.002175
582.000000 0.000866
583.000000 0.000871
584.000000 0.002181
585.000000 0.000876
586.000000 0.002187
587.000000 0.000880
588.000000 0.000884
589.000000 0.002194
590.000000 0.000889
591.000000 0.000894
592.000000 0.002199
593.000000 0.000898
594.000000 0.002206
595.000000 0.000903
596.000000 0.000908
597.000000 0.002212
598.000000 0.000913
599.000000 0.000918
600.000000 0.002218
601.000000 0.000922
602.000000 0.002224
603.000000 0.000928
604.000000 0.000933
605.000000 0.002230
606.000000 0.000938
607.000000 0.000942
608.000000 0.002236
609.000000 0.000947
610.000000 0.002242
611.000000 0.000952
612.000000 0.000957
613.000000 0.002247
614.000000 0.000963
615.000000 0.000967
616.000000 0.002253
617.000000 0.000972
618.000000 0.002259
619.000000 0.000977
620.000000 0.000983
621.000000 0.002265
622.000000 0.000988
623.000000 0.000992
624.000000 0.002270
625.000000 0.000998
626.000000 0.002276
627.000000 0.001003
628.000000 0.001008
629.000000 0.002282
630.000000 0.001013
631.000000 0.001018
632.000000 0.002287
633.000000 0.001023
634.000000 0.002292
635.000000 0.001029
636.000000 0.001034
637.000000 0.002298
638.000000 0.001039
639.000000 0.001044
640.000000 0.002304
641.000000 0.001050
642.000000 0.002308
643.000000 0.001055
644.000000 0.001060
645.000000 0.002314
646.000000 0.001066
647.000000 0.001071
648.000000 0.002319
649.000000 0.001077
650.000000 0.002325
651.000000 0.001082
652.000000 0.001087
653.000000 0.002329
654.000000 0.001093
655.000000 0.001098
656.000000 0.002334
657.000000 0.001104
658.000000 0.001109
659.000000 0.002339
660.000000 0.001114
661.000000 0.002344
662.000000 0.001120
663.000000 0.001126
664.000000 0.002349
665.000000 0.001132
666.000000 0.001136
667.000000 0.002354
668.000000 0.001142
669.000000 0.002359
670.000000 0.001148
671.000000 0.001154
672.000000 0.002363
673.000000 0.001159
674.000000 0.001165
675.000000 0.002368
676.000000 0.001171
677.000000 0.002373
678.000000 0.001176
679.000000 0.001182
680.000000 0.002378
681.000000 0.001187
682.000000 0.001193
683.000000 0.002382
684.000000 0.001199
685.000000 0.002387
686.000000 0.001205
687.000000 0.001210
688.000000 0.002391
689.000000 0.001216
690.000000 0.001222
691.000000 0.002395
692.000000 0.001229
693.000000 0.002400
694.000000 0.001235
695.000000 0.001240
696.000000 0.002404
697.000000 0.001246
698.000000 0.001252
699.000000 0.002409
700.000000 0.001258
701.000000 0.002412
702.000000 0.001264
703.000000 0.001270
704.000000 0.002417
705.000000 0.001276
706.000000 0.001282
707.000000 0.002421
708.000000 0.001288
709.000000 0.002426
710.000000 0.001293
711.000000 0.001300
712.000000 0.002429
713.000000 0.001306
714.000000 0.001312
715.000000 0.002433
716.000000 0.001319
717.000000 0.002437
718.000000 0.001324
719.000000 0.001330
720.000000 0.002441
721.000000 0.001337
722.000000 0.001343
723.000000 0.002445
724.000000 0.001349
725.000000 0.002449
726.000000 0.001355
727.000000 0.001362
728.000000 0.002453
729.000000 0.001368
730.000000 0.001375
731.000000 0.002456
732.000000 0.001380
733.000000 0.002460
734.000000 0.001387
735.000000 0.001393
736.000000 0.002464
737.000000 0.001400
738.000000 0.001405
739.000000 0.002467
740.000000 0.001412
741.000000 0.002470
742.000000 0.001418
743.000000 0.001425
744.000000 0.002474
745.000000 0.001432
746.000000 0.001437
747.000000 0.002478
748.000000 0.001444
749.000000 0.001451
750.000000 0.002480
751.000000 0.001458
752.000000 0.002484
753.000000 0.001463
754.000000 0.001470
755.000000 0.002487
756.000000 0.001477
757.000000 0.001484
758.000000 0.002491
759.000000 0.001490
760.000000 0.002493
761.000000 0.001496
762.000000 0.001503
763.000000 0.002497
764.000000 0.001510
765.000000 0.001517
766.000000 0.002500
767.000000 0.001523
768.000000 0.002503
769.000000 0.001530
770.000000 0.001537
771.000000 0.002506
772.000000 0.001544
773.000000 0.001551
774.000000 0.002509
775.000000 0.001556
776.000000 0.002512
777.000000 0.001564
778.000000 0.001570
779.000000 0.002514
780.000000 0.001578
781.000000 0.001585
782.000000 0.002517
783.000000 0.001591
784.000000 0.002520
785.000000 0.001598
786.000000 0.001605
787.000000 0.002523
788.000000 0.001612
789.000000 0.001618
790.000000 0.002525
791.000000 0.001625
792.000000 0.002528
793.000000 0.001632
794.000000 0.001640
795.000000 0.002531
796.000000 0.001647
797.000000 0.001653
798.000000 0.002534
799.000000 0.001660
800.000000 0.002535
801.000000 0.001668
802.000000 0.001675
803.000000 0.002538
804.000000 0.001681
805.000000 0.001689
806.000000 0.002541
807.000000 0.001696
808.000000 0.002542
809.000000 0.001703
810.000000 0.001711
811.000000 0.002545
812.000000 0.001717
813.000000 0.001724
814.000000 0.002547
815.000000 0.001732
816.000000 0.002550
817.000000 0.001739
818.000000 0.001746
819.000000 0.002551
820.000000 0.001753
821.000000 0.001761
822.000000 0.002553
823.000000 0.001768
824.000000 0.002556
825.000000 0.001776
826.000000 0.001782
827.000000 0.002558
828.000000 0.001790
829.000000 0.001797
830.000000 0.002559
831.000000 0.001805
832.000000 0.002561
833.000000 0.001812
834.000000 0.001819
835.000000 0.002563
836.000000 0.001827
837.000000 0.001835
838.000000 0.002564
839.000000 0.001842
840.000000 0.001849
841.000000 0.002567
842.000000 0.001857
843.000000 0.002568
844.000000 0.001864
845.000000 0.001872
846.000000 0.002570
847.000000 0.001879
848.000000 0.001887
849.000000 0.002571
850.000000 0.001895
851.000000 0.002573
852.000000 0.001902
853.000000 0.001910
854.000000 0.002575
855.000000 0.001917
856.000000 0.001925
857.000000 0.002577
858.000000 0.001933
859.000000 0.002577
860.000000 0.001941
861.000000 0.001949
862.000000 0.002579
863.000000 0.001956
864.000000 0.001964
865.000000 0.002580
866.000000 0.001972
867.000000 0.002581
868.000000 0.001980
869.000000 0.001987
870.000000 0.002582
871.000000 0.001995
872.000000 0.002003
873.000000 0.002584
874.000000 0.002011
875.000000 0.002585
876.000000 0.002019
877.000000 0.002026
878.000000 0.002586
879.000000 0.002034
880.000000 0.002042
881.000000 0.002587
882.000000 0.002051
883.000000 0.002588
884.000000 0.002058
885.000000 0.002066
886.000000 0.002589
887.000000 0.002074
888.000000 0.002082
889.000000 0.002589
890.000000 0.002091
891.000000 0.002591
892.000000 0.002098
893.000000 0.002106
894.000000 0.002592
895.000000 0.002114
896.000000 0.002123
897.000000 0.002592
898.000000 0.002130
899.000000 0.002592
900.000000 0.002138
901.000000 0.002147
902.000000 0.002593
903.000000 0.002155
904.000000 0.002164
905.000000 0.002594
906.000000 0.002171
907.000000 0.002594
908.000000 0.002180
909.000000 0.002188
910.000000 0.002595
911.000000 0.002197
912.000000 0.002204
913.000000 0.002596
914.000000 0.002213
915.000000 0.002596
916.000000 0.002221
917.000000 0.002230
918.000000 0.002596
919.000000 0.002238
920.000000 0.002246
921.000000 0.002596
922.000000 0.002254
923.000000 0.002597
924.000000 0.002263
925.000000 0.002272
926.000000 0.002596
927.000000 0.002279
928.000000 0.002288
929.000000 0.002597
930.000000 0.002297
931.000000 0.002305
932.000000 0.002597
933.000000 0.002314
934.000000 0.002597
935.000000 0.002322
936.000000 0.002331
937.000000 0.002597
938.000000 0.002340
939.000000 0.002348
940.000000 0.002597
941.000000 0.002357
942.000000 0.002597
943.000000 0.002365
944.000000 0.002374
945.000000 0.002597
946.000000 0.002383
947.000000 0.002392
948.000000 0.002596
949.000000 0.002400
950.000000 0.002596
951.000000 0.002409
952.000000 0.002417
953.000000 0.002596
954.000000 0.002426
955.000000 0.002435
956.000000 0.002595
957.000000 0.002443
958.000000 0.002595
959.000000 0.002453
960.000000 0.002461
961.000000 0.002595
962.000000 0.002471
963.000000 0.002479
964.000000 0.002594
965.000000 0.002488
966.000000 0.002593
967.000000 0.002497
968.000000 0.002506
969.000000 0.002593
970.000000 0.002515
971.000000 0.002523
972.000000 0.002592
973.000000 0.002533
974.000000 0.002592
975.000000 0.002542
976.000000 0.002551
977.000000 0.002591
978.000000 0.002559
979.000000 0.002569
980.000000 0.002590
981.000000 0.002578
982.000000 0.002589
983.000000 0.002587
984.000000 0.002596
985.000000 0.002588
986.000000 0.002605
987.000000 0.002614
988.000000 0.002587
989.000000 0.002623
990.000000 0.002586
991.000000 0.002633
992.000000 0.002641
993.000000 0.002586
994.000000 0.002630
995.000000 0.002619
996.000000 0.002584
997.000000 0.002607
998.000000 0.002583
999.000000 0.002595
1000.000000 0.002584
1001.000000 0.002582
1002.000000 0.002572
1003.000000 0.002581
1004.000000 0.002561
1005.000000 0.002549
1006.000000 0.002579
1007.000000 0.002538
1008.000000 0.002578
1009.000000 0.002526
1010.000000 0.002515
1011.000000 0.002577
1012.000000 0.002503
1013.000000 0.002575
1014.000000 0.002492
1015.000000 0.002481
1016.000000 0.002573
1017.000000 0.002469
1018.000000 0.002572
1019.000000 0.002458
1020.000000 0.002447
1021.000000 0.002571
1022.000000 0.002435
1023.000000 0.002568
1024.000000 0.002424
1025.000000 0.002413
1026.000000 0.002567
1027.000000 0.002402
1028.000000 0.002565
1029.000000 0.002391
1030.000000 0.002379
1031.000000 0.002564
1032.000000 0.002368
1033.000000 0.002561
1034.000000 0.002357
1035.000000 0.002346
1036.000000 0.002559
1037.000000 0.002335
1038.000000 0.002558
1039.000000 0.002323
1040.000000 0.002313
1041.000000 0.002555
1042.000000 0.002302
1043.000000 0.002553
1044.000000 0.002291
1045.000000 0.002279
1046.000000 0.002551
1047.000000 0.002269
1048.000000 0.002550
1049.000000 0.002258
1050.000000 0.002247
1051.000000 0.002547
1052.000000 0.002236
1053.000000 0.002545
1054.000000 0.002226
1055.000000 0.002214
1056.000000 0.002543
1057.000000 0.002203
1058.000000 0.002540
1059.000000 0.002192
1060.000000 0.002182
1061.000000 0.002537
1062.000000 0.002171
1063.000000 0.002535
1064.000000 0.002160
1065.000000 0.002149
1066.000000 0.002533
1067.000000 0.002139
1068.000000 0.002529
1069.000000 0.002128
1070.000000 0.002118
1071.000000 0.002527
1072.000000 0.002107
1073.000000 0.002525
1074.000000 0.002097
1075.000000 0.002086
1076.000000 0.002522
1077.000000 0.002075
1078.000000 0.002519
1079.000000 0.002064
1080.000000 0.002055
1081.000000 0.002516
1082.000000 0.002044
1083.000000 0.002513
1084.000000 0.002033
1085.000000 0.002022
1086.000000 0.002511
1087.000000 0.002013
1088.000000 0.002507
1089.000000 0.002002
1090.000000 0.001992
1091.000000 0.002504
1092.000000 0.001981
1093.000000 0.002501
1094.000000 0.001971
1095.000000 0.001961
1096.000000 0.002497
1097.000000 0.001950
1098.000000 0.001940
1099.000000 0.002495
1100.000000 0.001930
1101.000000 0.002491
1102.000000 0.001920
1103.000000 0.001909
1104.000000 0.002488
1105.000000 0.001899
1106.000000 0.002484
1107.000000 0.001889
1108.000000 0.001879
1109.000000 0.002481
1110.000000 0.001869
1111.000000 0.002478
1112.000000 0.001858
1113.000000 0.001849
1114.000000 0.002475
1115.000000 0.001839
1116.000000 0.002470
1117.000000 0.001828
1118.000000 0.001818
1119.000000 0.002467
1120.000000 0.001809
1121.000000 0.002464
1122.000000 0.001799
1123.000000 0.001789
1124.000000 0.002459
1125.000000 0.001778
1126.000000 0.002455
1127.000000 0.001769
1128.000000 0.001759
1129.000000 0.002452
1130.000000 0.001749
1131.000000 0.002448
1132.000000 0.001739
1133.000000 0.001730
1134.000000 0.002444
1135.000000 0.001720
1136.000000 0.002440
1137.000000 0.001710
1138.000000 0.001700
1139.000000 0.002436
1140.000000 0.001691
1141.000000 0.002432
1142.000000 0.001681
1143.000000 0.001671
1144.000000 0.002427
1145.000000 0.001661
1146.000000 0.002423
1147.000000 0.001652
1148.000000 0.001643
1149.000000 0.002419
1150.000000 0.001633
1151.000000 0.002414
1152.000000 0.001623
1153.000000 0.001614
1154.000000 0.002410
1155.000000 0.001604
1156.000000 0.002406
1157.000000 0.001595
1158.000000 0.001585
1159.000000 0.002401
1160.000000 0.001576
1161.000000 0.002396
1162.000000 0.001567
1163.000000 0.001557
1164.000000 0.002392
1165.000000 0.001548
1166.000000 0.002387
1167.000000 0.001539
1168.000000 0.001529
1169.000000 0.002383
1170.000000 0.001520
1171.000000 0.002377
1172.000000 0.001510
1173.000000 0.001502
1174.000000 0.002373
1175.000000 0.001492
1176.000000 0.002368
1177.000000 0.001483
1178.000000 0.001474
1179.000000 0.002362
1180.000000 0.001465
1181.000000 0.002358
1182.000000 0.001456
1183.000000 0.001447
1184.000000 0.002353
1185.000000 0.001437
1186.000000 0.002348
1187.000000 0.001429
1188.000000 0.001420
1189.000000 0.002342
1190.000000 0.001410
1191.000000 0.001401
1192.000000 0.002337
1193.000000 0.001393
1194.000000 0.002332
1195.000000 0.001384
1196.000000 0.001375
1197.000000 0.002327
1198.000000 0.001366
1199.000000 0.002321
1200.000000 0.001358
1201.000000 0.001348
1202.000000 0.002315
1203.000000 0.001339
1204.000000 0.002310
1205.000000 0.001330
1206.000000 0.001322
1207.000000 0.002304
1208.000000 0.001313
1209.000000 0.002298
1210.000000 0.001304
1211.000000 0.001296
1212.000000 0.002293
1213.000000 0.001288
1214.000000 0.002288
1215.000000 0.001279
1216.000000 0.001270
1217.000000 0.002281
1218.000000 0.001261
1219.000000 0.002275
1220.000000 0.001253
1221.000000 0.001244
1222.000000 0.002270
1223.000000 0.001236
1224.000000 0.002264
1225.000000 0.001227
1226.000000 0.001219
1227.000000 0.002257
1228.000000 0.001211
1229.000000 0.002251
1230.000000 0.001202
1231.000000 0.001193
1232.000000 0.002245
1233.000000 0.001186
1234.000000 0.002238
1235.000000 0.001177
1236.000000 0.001169
1237.000000 0.002232
1238.000000 0.001160
1239.000000 0.002226
1240.000000 0.001153
1241.000000 0.001144
1242.000000 0.002220
1243.000000 0.001136
1244.000000 0.002213
1245.000000 0.001127
1246.000000 0.001120
1247.000000 0.002207
1248.000000 0.001112
1249.000000 0.002200
1250.000000 0.001103
1251.000000 0.001095
1252.000000 0.002194
1253.000000 0.001088
1254.000000 0.002186
1255.000000 0.001079
1256.000000 0.001071
1257.000000 0.002180
1258.000000 0.001063
1259.000000 0.002173
1260.000000 0.001056
1261.000000 0.001047
1262.000000 0.002166
1263.000000 0.001039
1264.000000 0.002159
1265.000000 0.001031
1266.000000 0.001024
1267.000000 0.002152
1268.000000 0.001016
1269.000000 0.002145
1270.000000 0.001008
1271.000000 0.001000
1272.000000 0.002137
1273.000000 0.000993
1274.000000 0.002130
1275.000000 0.000985
1276.000000 0.000977
1277.000000 0.002123
1278.000000 0.000969
1279.000000 0.000962
1280.000000 0.002116
1281.000000 0.000954
1282.000000 0.002108
1283.000000 0.000947
1284.000000 0.000939
1285.000000 0.002101
1286.000000 0.000932
1287.000000 0.002094
1288.000000 0.000924
1289.000000 0.000917
1290.000000 0.002085
1291.000000 0.000909
1292.000000 0.002078
1293.000000 0.000902
1294.000000 0.000895
1295.000000 0.002070
1296.000000 0.000887
1297.000000 0.002063
1298.000000 0.000879
1299.000000 0.000873
1300.000000 0.002054
1301.000000 0.000865
1302.000000 0.002047
1303.000000 0.000858
1304.000000 0.000850
1305.000000 0.002039
1306.000000 0.000844
1307.000000 0.002031
1308.000000 0.000837
1309.000000 0.000829
1310.000000 0.002022
1311.000000 0.000822
1312.000000 0.002014
1313.000000 0.000815
1314.000000 0.000808
1315.000000 0.002006
1316.000000 0.000801
1317.000000 0.001997
1318.000000 0.000794
1319.000000 0.000787
1320.000000 0.001989
1321.000000 0.000780
1322.000000 0.001981
1323.000000 0.000773
1324.000000 0.000766
1325.000000 0.001973
1326.000000 0.000760
1327.000000 0.001964
1328.000000 0.000753
1329.000000 0.000746
1330.000000 0.001955
1331.000000 0.000739
1332.000000 0.001947
1333.000000 0.000733
1334.000000 0.000726
1335.000000 0.001938
1336.000000 0.000719
1337.000000 0.001929
1338.000000 0.000712
1339.000000 0.000706
1340.000000 0.001920
1341.000000 0.000699
1342.000000 0.001911
1343.000000 0.000692
1344.000000 0.000685
1345.000000 0.001902
1346.000000 0.000680
1347.000000 0.001893
1348.000000 0.000673
1349.000000 0.000666
1350.000000 0.001884
1351.000000 0.000660
1352.000000 0.001875
1353.000000 0.000654
1354.000000 0.000647
1355.000000 0.001865
1356.000000 0.000641
1357.000000 0.001856
1358.000000 0.000634
1359.000000 0.000628
1360.000000 0.001846
1361.000000 0.000622
1362.000000 0.001837
1363.000000 0.000616
1364.000000 0.000609
1365.000000 0.001827
1366.000000 0.000603
1367.000000 0.000597
1368.000000 0.001817
1369.000000 0.000591
1370.000000 0.001808
1371.000000 0.000585
1372.000000 0.000578
1373.000000 0.001797
1374.000000 0.000573
1375.000000 0.001788
1376.000000 0.000567
1377.000000 0.000561
1378.000000 0.001778
1379.000000 0.000554
1380.000000 0.001768
1381.000000 0.000549
1382.000000 0.000543
1383.000000 0.001757
1384.000000 0.000537
1385.000000 0.001748
1386.000000 0.000531
1387.000000 0.000526
1388.000000 0.001738
1389.000000 0.000520
1390.000000 0.001728
1391.000000 0.000514
1392.000000 0.000508
1393.000000 0.001716
1394.000000 0.000503
1395.000000 0.001706
1396.000000 0.000497
1397.000000 0.000491
1398.000000 0.001696
1399.000000 0.000486
1400.000000 0.001685
1401.000000 0.000481
1402.000000 0.000475
1403.000000 0.001674
1404.000000 0.000469
1405.000000 0.001664
1406.000000 0.000464
1407.000000 0.000459
1408.000000 0.001653
1409.000000 0.000453
1410.000000 0.001642
1411.000000 0.000448
1412.000000 0.000442
1413.000000 0.001631
1414.000000 0.000438
1415.000000 0.001620
1416.000000 0.000432
1417.000000 0.000427
1418.000000 0.001609
1419.000000 0.000421
1420.000000 0.001597
1421.000000 0.000417
1422.000000 0.000412
1423.000000 0.001586
1424.000000 0.000406
1425.000000 0.001575
1426.000000 0.000401
1427.000000 0.000397
1428.000000 0.001563
1429.000000 0.000391
1430.000000 0.001552
1431.000000 0.000386
1432.000000 0.000381
1433.000000 0.001540
1434.000000 0.000377
1435.000000 0.001529
1436.000000 0.000372
1437.000000 0.000367
1438.000000 0.001517
1439.000000 0.000362
1440.000000 0.001505
1441.000000 0.000358
1442.000000 0.000353
1443.000000 0.001493
1444.000000 0.000348
1445.000000 0.001482
1446.000000 0.000343
1447.000000 0.000339
1448.000000 0.001469
1449.000000 0.000334
1450.000000 0.000329
1451.000000 0.001457
1452.000000 0.000325
1453.000000 0.001445
1454.000000 0.000321
1455.000000 0.000316
1456.000000 0.001432
1457.000000 0.000311
1458.000000 0.001420
1459.000000 0.000307
1460.000000 0.000303
1461.000000 0.001408
1462.000000 0.000299
1463.000000 0.001395
1464.000000 0.000294
1465.000000 0.000290
1466.000000 0.001382
1467.000000 0.000286
1468.000000 0.001369
1469.000000 0.000282
1470.000000 0.000277
1471.000000 0.001357
1472.000000 0.000273
1473.000000 0.001344
1474.000000 0.000270
1475.000000 0.000265
1476.000000 0.001331
1477.000000 0.000261
1478.000000 0.001318
1479.000000 0.000257
1480.000000 0.000254
1481.000000 0.001305
1482.000000 0.000250
1483.000000 0.001292
1484.000000 0.000246
1485.000000 0.000242
1486.000000 0.001278
1487.000000 0.000239
1488.000000 0.001265
1489.000000 0.000235
1490.000000 0.000230
1491.000000 0.001252
1492.000000 0.000227
1493.000000 0.001237
1494.000000 0.000224
1495.000000 0.000220
1496.000000 0.001224
1497.000000 0.000216
1498.000000 0.001210
1499.000000 0.000212
1500.000000 0.000210
1501.000000 0.001197
1502.000000 0.000206
1503.000000 0.001182
1504.000000 0.000202
1505.000000 0.000199
1506.000000 0.001168
1507.000000 0.000196
1508.000000 0.001154
1509.000000 0.000193
1510.000000 0.000189
1511.000000 0.001141
1512.000000 0.000186
1513.000000 0.001126
1514.000000 0.000183
1515.000000 0.000180
1516.000000 0.001111
1517.000000 0.000176
1518.000000 0.001097
1519.000000 0.000173
1520.000000 0.000171
1521.000000 0.001082
1522.000000 0.000168
1523.000000 0.001068
1524.000000 0.000164
1525.000000 0.000161
1526.000000 0.001053
1527.000000 0.000159
1528.000000 0.001038
1529.000000 0.000156
1530.000000 0.000153
1531.000000 0.001023
1532.000000 0.000150
1533.000000 0.000148
1534.000000 0.001008
1535.000000 0.000145
1536.000000 0.000993
1537.000000 0.000142
1538.000000 0.000140
1539.000000 0.000978
1540.000000 0.000138
1541.000000 0.000962
1542.000000 0.000135
1543.000000 0.000132
1544.000000 0.000947
1545.000000 0.000130
1546.000000 0.000932
1547.000000 0.000128
1548.000000 0.000125
1549.000000 0.000915
1550.000000 0.000123
1551.000000 0.000900
1552.000000 0.000120
1553.000000 0.000119
1554.000000 0.000884
1555.000000 0.000116
1556.000000 0.000869
1557.000000 0.000114
1558.000000 0.000112
1559.000000 0.000852
1560.000000 0.000111
1561.000000 0.000836
1562.000000 0.000108
1563.000000 0.000106
1564.000000 0.000820
1565.000000 0.000104
1566.000000 0.000804
1567.000000 0.000103
1568.000000 0.000756
1569.000000 0.000787
1570.000000 0.000741
1571.000000 0.000771
1572.000000 0.000725
1573.000000 0.000718
1574.000000 0.000754
1575.000000 0.000704
1576.000000 0.000737
1577.000000 0.000690
1578.000000 0.000675
1579.000000 0.000720
1580.000000 0.000669
1581.000000 0.000704
1582.000000 0.000656
1583.000000 0.000643
1584.000000 0.000687
1585.000000 0.000631
1586.000000 0.000669
1587.000000 0.000627
1588.000000 0.000615
1589.000000 0.000652
1590.000000 0.000603
1591.000000 0.000635
1592.000000 0.000592
1593.000000 0.000589
1594.000000 0.000617
1595.000000 0.000579
1596.000000 0.000599
1597.000000 0.000569
1598.000000 0.000559
1599.000000 0.000581
1600.000000 0.000558
1601.000000 0.000564
1602.000000 0.000549
1603.000000 0.000540
1604.000000 0.000545
1605.000000 0.000532
1606.000000 0.000527
1607.000000 0.000531
1608.000000 0.000524
1609.000000 0.000509
1610.000000 0.000517
1611.000000 0.000511
1612.000000 0.000491
1613.000000 0.000512
1614.000000 0.000472
1615.000000 0.000505
1616.000000 0.000500
1617.000000 0.000454
1618.000000 0.000495
1619.000000 0.000436
1620.000000 0.000497
1621.000000 0.000493
1622.000000 0.000417
1623.000000 0.000489
1624.000000 0.000397
1625.000000 0.000486
1626.000000 0.000490
1627.000000 0.000379
1628.000000 0.000486
1629.000000 0.000360
1630.000000 0.000484
1631.000000 0.000482
1632.000000 0.000340
1633.000000 0.000488
1634.000000 0.000321
1635.000000 0.000486
1636.000000 0.000486
1637.000000 0.000301
1638.000000 0.000485
1639.000000 0.000282
1640.000000 0.000491
1641.000000 0.000492
1642.000000 0.000261
1643.000000 0.000492
1644.000000 0.000242
1645.000000 0.000494
1646.000000 0.000502
1647.000000 0.000222
1648.000000 0.000504
1649.000000 0.000202
1650.000000 0.000507
1651.000000 0.000509
1652.000000 0.000181
1653.000000 0.000519
1654.000000 0.000161
1655.000000 0.000522
1656.000000 0.000526
1657.000000 0.000141
1658.000000 0.000530
1659.000000 0.000119
1660.000000 0.000542
1661.000000 0.000548
1662.000000 0.000716
1663.000000 0.000553
1664.000000 0.000565
1665.000000 0.000558
1666.000000 0.000572
1667.000000 0.000413
1668.000000 0.000578
1669.000000 0.000254
1670.000000 0.000586
1671.000000 0.000593
1672.000000 0.000101
1673.000000 0.000609
1674.000000 0.000053
1675.000000 0.000617
1676.000000 0.000626
1677.000000 0.000208
1678.000000 0.000634
1679.000000 0.000370
1680.000000 0.000651
1681.000000 0.000661
1682.000000 0.000526
1683.000000 0.000672
1684.000000 0.000683