-3.146859 1.317897
-3.136859 1.412416
-3.126859 1.484555
-3.116859 1.545100
-3.106859 1.598218
-3.096859 1.646048
-3.086859 1.689859
-3.076859 1.730480
-3.066859 1.768486
-3.056859 1.804296
-3.046859 1.838227
-3.036859 1.870525
-3.026859 1.901386
-3.016859 1.930968
-3.006859 1.959404
-2.996859 1.986803
-2.986859 2.013258
-2.976859 2.038848
-2.966859 2.063642
-2.956859 2.087700
-2.946859 2.111074
-2.936859 2.133810
-2.926859 2.155949
-2.916859 2.177529
-2.906859 2.198582
-2.896859 2.219138
-2.886859 2.239223
-2.876859 2.258863
-2.866859 2.278079
-2.856859 2.296892
-2.846859 2.315321
-2.836859 2.333383
-2.826859 2.351093
-2.816859 2.368467
-2.806859 2.385519
-2.796859 2.402260
-2.786859 2.418703
-2.776859 2.434859
-2.766859 2.450738
-2.756859 2.466351
-2.746859 2.481705
-2.736859 2.496809
-2.726859 2.511672
-2.716859 2.526302
-2.706859 2.540705
-2.696859 2.554887
-2.686859 2.568857
-2.676859 2.582619
-2.666859 2.596179
-2.656859 2.609543
-2.646859 2.622716
-2.636859 2.635703
-2.626859 2.648509
-2.616859 2.661138
-2.606859 2.673595
-2.596859 2.685883
-2.586859 2.698006
-2.576859 2.709969
-2.566859 2.721775
-2.556859 2.733427
-2.546859 2.744928
-2.536859 2.756283
-2.526859 2.767493
-2.516859 2.778562
-2.506859 2.789492
-2.496859 2.800287
-2.486859 2.810948
-2.476859 2.821479
-2.466859 2.831882
-2.456859 2.842158
-2.446859 2.852311
-2.436859 2.862343
-2.426859 2.872255
-2.416859 2.882049
-2.406859 2.891729
-2.396859 2.901294
-2.386859 2.910748
-2.376859 2.920092
-2.366859 2.929328
-2.356859 2.938457
-2.346859 2.947481
-2.336859 2.956402
-2.326859 2.965221
-2.316859 2.973939
-2.306859 2.982558
-2.296859 2.991080
-2.286859 2.999506
-2.276859 3.007836
-2.266859 3.016073
-2.256859 3.024217
-2.246859 3.032269
-2.236859 3.040232
-2.226859 3.048106
-2.216859 3.055891
-2.206859 3.063590
-2.196859 3.071203
-2.186859 3.078731
-2.176859 3.086175
-2.166859 3.093537
-2.156859 3.100816
-2.146859 3.108015
-2.136859 3.115133
-2.126859 3.122172
-2.116859 3.129133
-2.106859 3.136016
-2.096859 3.142822
-2.086859 3.149553
-2.076859 3.156208
-2.066859 3.162788
-2.056859 3.169295
-2.046859 3.175729
-2.036859 3.182091
-2.026859 3.188380
-2.016859 3.194599
-2.006859 3.200748
-1.996859 3.206826
-1.986859 3.212836
-1.976859 3.218777
-1.966859 3.224650
-1.956859 3.230456
-1.946859 3.236195
-1.936859 3.241868
-1.926859 3.247476
-1.916859 3.253018
-1.906859 3.258496
-1.896859 3.263909
-1.886859 3.269259
-1.876859 3.274546
-1.866859 3.279770
-1.856859 3.284933
-1.846859 3.290033
-1.836859 3.295072
-1.826859 3.300050
-1.816859 3.304968
-1.806859 3.309826
-1.796859 3.314625
-1.786859 3.319364
-1.776859 3.324045
-1.766859 3.328667
-1.756859 3.333231
-1.746859 3.337738
-1.736859 3.342187
-1.726859 3.346579
-1.716859 3.350915
-1.706859 3.355195
-1.696859 3.359419
-1.686859 3.363587
-1.676859 3.367700
-1.666859 3.371758
-1.656859 3.375762
-1.646859 3.379711
-1.636859 3.383606
-1.626859 3.387448
-1.616859 3.391236
-1.606859 3.394971
-1.596859 3.398653
-1.586859 3.402283
-1.576859 3.405860
-1.566859 3.409386
-1.556859 3.412859
-1.546859 3.416281
-1.536859 3.419652
-1.526859 3.422971
-1.516859 3.426240
-1.506859 3.429458
-1.496859 3.432626
-1.486859 3.435743
-1.476859 3.438811
-1.466859 3.441829
-1.456859 3.444797
-1.446859 3.447716
-1.436859 3.450586
-1.426859 3.453407
-1.416859 3.456179
-1.406859 3.458903
-1.396859 3.461578
-1.386859 3.464206
-1.376859 3.466785
-1.366859 3.469316
-1.356859 3.471800
-1.346859 3.474236
-1.336859 3.476625
-1.326859 3.478966
-1.316859 3.481261
-1.306859 3.483509
-1.296859 3.485710
-1.286859 3.487864
-1.276859 3.489972
-1.266859 3.492034
-1.256859 3.494049
-1.246859 3.496019
-1.236859 3.497942
-1.226859 3.499820
-1.216859 3.501652
-1.206859 3.503439
-1.196859 3.505180
-1.186859 3.506876
-1.176859 3.508526
-1.166859 3.510132
-1.156859 3.511692
-1.146859 3.513208
-1.136859 3.514679
-1.126859 3.516105
-1.116859 3.517487
-1.106859 3.518824
-1.096859 3.520117
-1.086859 3.521366
-1.076859 3.522570
-1.066859 3.523730
-1.056859 3.524846
-1.046859 3.525918
-1.036859 3.526946
-1.026859 3.527930
-1.016859 3.528871
-1.006859 3.529768
-0.996859 3.530621
-0.986859 3.531430
-0.976859 3.532196
-0.966859 3.532919
-0.956859 3.533598
-0.946859 3.534234
-0.936859 3.534826
-0.926859 3.535376
-0.916859 3.535882
-0.906859 3.536345
-0.896859 3.536764
-0.886859 3.537141
-0.876859 3.537475
-0.866859 3.537765
-0.856859 3.538013
-0.846859 3.538217
-0.836859 3.538379
-0.826859 3.538498
-0.816859 3.538574
-0.806859 3.538607
-0.796859 3.538597
-0.786859 3.538544
-0.776859 3.538449
-0.766859 3.538311
-0.756859 3.538130
-0.746859 3.537906
-0.736859 3.537640
-0.726859 3.537330
-0.716859 3.536978
-0.706859 3.536584
-0.696859 3.536146
-0.686859 3.535666
-0.676859 3.535143
-0.666859 3.534577
-0.656859 3.533968
-0.646859 3.533316
-0.636859 3.532622
-0.626859 3.531885
-0.616859 3.531105
-0.606859 3.530282
-0.596859 3.529416
-0.586859 3.528507
-0.576859 3.527555
-0.566859 3.526561
-0.556859 3.525523
-0.546859 3.524442
-0.536859 3.523318
-0.526859 3.522151
-0.516859 3.520941
-0.506859 3.519687
-0.496859 3.518390
-0.486859 3.517050
-0.476859 3.515667
-0.466859 3.514240
-0.456859 3.512769
-0.446859 3.511255
-0.436859 3.509698
-0.426859 3.508096
-0.416859 3.506451
-0.406859 3.504762
-0.396859 3.503030
-0.386859 3.501253
-0.376859 3.499432
-0.366859 3.497568
-0.356859 3.495659
-0.346859 3.493705
-0.336859 3.491708
-0.326859 3.489666
-0.316859 3.487579
-0.306859 3.485448
-0.296859 3.483272
-0.286859 3.481051
-0.276859 3.478786
-0.266859 3.476475
-0.256859 3.474119
-0.246859 3.471718
-0.236859 3.469272
-0.226859 3.466780
-0.216859 3.464242
-0.206859 3.461659
-0.196859 3.459030
-0.186859 3.456355
-0.176859 3.453634
-0.166859 3.450867
-0.156859 3.448053
-0.146859 3.445193
-0.136859 3.442286
-0.126859 3.439333
-0.116859 3.436332
-0.106859 3.433284
-0.096859 3.430189
-0.086859 3.427047
-0.076859 3.423857
-0.066859 3.420620
-0.056859 3.417334
-0.046859 3.414000
-0.036859 3.410619
-0.026859 3.407188
-0.016859 3.403709
-0.006859 3.400181
0.003141 3.396605
0.013141 3.392979
0.023141 3.389303
0.033141 3.385578
0.043141 3.381803
0.053141 3.377978
0.063141 3.374103
0.073141 3.370178
0.083141 3.366201
0.093141 3.362174
0.103141 3.358096
0.113141 3.353966
0.123141 3.349784
0.133141 3.345551
0.143141 3.341265
0.153141 3.336927
0.163141 3.332536
0.173141 3.328092
0.183141 3.323595
0.193141 3.319045
0.203141 3.314440
0.213141 3.309782
0.223141 3.305069
0.233141 3.300302
0.243141 3.295479
0.253141 3.290601
0.263141 3.285667
0.273141 3.280677
0.283141 3.275631
0.293141 3.270529
0.303141 3.265369
0.313141 3.260152
0.323141 3.254877
0.333141 3.249543
0.343141 3.244152
0.353141 3.238701
0.363141 3.233191
0.373141 3.227622
0.383141 3.221992
0.393141 3.216301

0.394367 -1.279179
0.384367 -1.284192
0.374367 -1.289144
0.364367 -1.294036
0.354367 -1.298868
0.344367 -1.303641
0.334367 -1.308355
0.324367 -1.313010
0.314367 -1.317607
0.304367 -1.322146
0.294367 -1.326628
0.284367 -1.331053
0.274367 -1.335421
0.264367 -1.339733
0.254367 -1.343988
0.244367 -1.348188
0.234367 -1.352332
0.224367 -1.356422
0.214367 -1.360456
0.204367 -1.364436
0.194367 -1.368362
0.184367 -1.372234
0.174367 -1.376053
0.164367 -1.379818
0.154367 -1.383530
0.144367 -1.387190
0.134367 -1.390797
0.124367 -1.394352
0.114367 -1.397855
0.104367 -1.401306
0.094367 -1.404705
0.084367 -1.408054
0.074367 -1.411352
0.064367 -1.414598
0.054367 -1.417795
0.044367 -1.420941
0.034367 -1.424037
0.024367 -1.427083
0.014367 -1.430079
0.004367 -1.433026
-0.005633 -1.435924
-0.015633 -1.438773
-0.025633 -1.441573
-0.035633 -1.444324
-0.045633 -1.447027
-0.055633 -1.449681
-0.065633 -1.452288
-0.075633 -1.454846
-0.085633 -1.457357
-0.095633 -1.459820
-0.105633 -1.462236
-0.115633 -1.464604
-0.125633 -1.466926
-0.135633 -1.469200
-0.145633 -1.471427
-0.155633 -1.473608
-0.165633 -1.475743
-0.175633 -1.477831
-0.185633 -1.479872
-0.195633 -1.481868
-0.205633 -1.483818
-0.215633 -1.485721
-0.225633 -1.487579
-0.235633 -1.489392
-0.245633 -1.491159
-0.255633 -1.492880
-0.265633 -1.494557
-0.275633 -1.496188
-0.285633 -1.497774
-0.295633 -1.499315
-0.305633 -1.500812
-0.315633 -1.502263
-0.325633 -1.503670
-0.335633 -1.505033
-0.345633 -1.506351
-0.355633 -1.507624
-0.365633 -1.508854
-0.375633 -1.510039
-0.385633 -1.511180
-0.395633 -1.512277
-0.405633 -1.513330
-0.415633 -1.514339
-0.425633 -1.515305
-0.435633 -1.516226
-0.445633 -1.517104
-0.455633 -1.517939
-0.465633 -1.518729
-0.475633 -1.519477
-0.485633 -1.520181
-0.495633 -1.520841
-0.505633 -1.521458
-0.515633 -1.522032
-0.525633 -1.522562
-0.535633 -1.523050
-0.545633 -1.523494
-0.555633 -1.523895
-0.565633 -1.524253
-0.575633 -1.524568
-0.585633 -1.524840
-0.595633 -1.525069
-0.605633 -1.525255
-0.615633 -1.525399
-0.625633 -1.525499
-0.635633 -1.525556
-0.645633 -1.525571
-0.655633 -1.525543
-0.665633 -1.525472
-0.675633 -1.525358
-0.685633 -1.525201
-0.695633 -1.525002
-0.705633 -1.524759
-0.715633 -1.524474
-0.725633 -1.524147
-0.735633 -1.523776
-0.745633 -1.523363
-0.755633 -1.522907
-0.765633 -1.522408
-0.775633 -1.521867
-0.785633 -1.521282
-0.795633 -1.520655
-0.805633 -1.519985
-0.815633 -1.519272
-0.825633 -1.518516
-0.835633 -1.517718
-0.845633 -1.516876
-0.855633 -1.515992
-0.865633 -1.515065
-0.875633 -1.514094
-0.885633 -1.513081
-0.895633 -1.512025
-0.905633 -1.510925
-0.915633 -1.509783
-0.925633 -1.508597
-0.935633 -1.507368
-0.945633 -1.506096
-0.955633 -1.504780
-0.965633 -1.503421
-0.975633 -1.502019
-0.985633 -1.500573
-0.995633 -1.499084
-1.005633 -1.497551
-1.015633 -1.495975
-1.025633 -1.494355
-1.035633 -1.492691
-1.045633 -1.490983
-1.055633 -1.489231
-1.065633 -1.487436
-1.075633 -1.485596
-1.085633 -1.483712
-1.095633 -1.481784
-1.105633 -1.479812
-1.115633 -1.477795
-1.125633 -1.475734
-1.135633 -1.473628
-1.145633 -1.471477
-1.155633 -1.469282
-1.165633 -1.467042
-1.175633 -1.464757
-1.185633 -1.462427
-1.195633 -1.460051
-1.205633 -1.457631
-1.215633 -1.455165
-1.225633 -1.452653
-1.235633 -1.450096
-1.245633 -1.447493
-1.255633 -1.444844
-1.265633 -1.442149
-1.275633 -1.439408
-1.285633 -1.436621
-1.295633 -1.433787
-1.305633 -1.430907
-1.315633 -1.427980
-1.325633 -1.425006
-1.335633 -1.421985
-1.345633 -1.418917
-1.355633 -1.415802
-1.365633 -1.412639
-1.375633 -1.409429
-1.385633 -1.406170
-1.395633 -1.402864
-1.405633 -1.399510
-1.415633 -1.396107
-1.425633 -1.392656
-1.435633 -1.389156
-1.445633 -1.385607
-1.455633 -1.382009
-1.465633 -1.378361
-1.475633 -1.374664
-1.485633 -1.370918
-1.495633 -1.367121
-1.505633 -1.363275
-1.515633 -1.359378
-1.525633 -1.355430
-1.535633 -1.351432
-1.545633 -1.347383
-1.555633 -1.343282
-1.565633 -1.339130
-1.575633 -1.334926
-1.585633 -1.330670
-1.595633 -1.326362
-1.605633 -1.322001
-1.615633 -1.317587
-1.625633 -1.313121
-1.635633 -1.308601
-1.645633 -1.304027
-1.655633 -1.299399
-1.665633 -1.294717
-1.675633 -1.289981
-1.685633 -1.285190
-1.695633 -1.280343
-1.705633 -1.275441
-1.715633 -1.270483
-1.725633 -1.265469
-1.735633 -1.260399
-1.745633 -1.255271
-1.755633 -1.250087
-1.765633 -1.244845
-1.775633 -1.239545
-1.785633 -1.234186
-1.795633 -1.228769
-1.805633 -1.223293
-1.815633 -1.217757
-1.825633 -1.212162
-1.835633 -1.206506
-1.845633 -1.200789
-1.855633 -1.195011
-1.865633 -1.189172
-1.875633 -1.183270
-1.885633 -1.177306
-1.895633 -1.171279
-1.905633 -1.165188
-1.915633 -1.159033
-1.925633 -1.152814
-1.935633 -1.146529
-1.945633 -1.140179
-1.955633 -1.133763
-1.965633 -1.127281
-1.975633 -1.120731
-1.985633 -1.114113
-1.995633 -1.107427
-2.005633 -1.100671
-2.015633 -1.093846
-2.025633 -1.086951
-2.035633 -1.079985
-2.045633 -1.072948
-2.055633 -1.065838
-2.065633 -1.058655
-2.075633 -1.051398
-2.085633 -1.044067
-2.095633 -1.036661
-2.105633 -1.029179
-2.115633 -1.021621
-2.125633 -1.013985
-2.135633 -1.006270
-2.145633 -0.998477
-2.155633 -0.990603
-2.165633 -0.982648
-2.175633 -0.974612
-2.185633 -0.966493
-2.195633 -0.958290
-2.205633 -0.950003
-2.215633 -0.941629
-2.225633 -0.933169
-2.235633 -0.924622
-2.245633 -0.915985
-2.255633 -0.907258
-2.265633 -0.898440
-2.275633 -0.889530
-2.285633 -0.880526
-2.295633 -0.871428
-2.305633 -0.862233
-2.315633 -0.852940
-2.325633 -0.843549
-2.335633 -0.834058
-2.345633 -0.824465
-2.355633 -0.814768
-2.365633 -0.804967
-2.375633 -0.795059
-2.385633 -0.785044
-2.395633 -0.774918
-2.405633 -0.764681
-2.415633 -0.754331
-2.425633 -0.743866
-2.435633 -0.733283
-2.445633 -0.722582
-2.455633 -0.711759
-2.465633 -0.700812
-2.475633 -0.689740
-2.485633 -0.678540
-2.495633 -0.667210
-2.505633 -0.655747
-2.515633 -0.644148
-2.525633 -0.632411
-2.535633 -0.620534
-2.545633 -0.608512
-2.555633 -0.596344
-2.565633 -0.584025
-2.575633 -0.571554
-2.585633 -0.558925
-2.595633 -0.546137
-2.605633 -0.533184
-2.615633 -0.520063
-2.625633 -0.506771
-2.635633 -0.493302
-2.645633 -0.479652
-2.655633 -0.465817
-2.665633 -0.451791
-2.675633 -0.437571
-2.685633 -0.423149
-2.695633 -0.408520
-2.705633 -0.393679
-2.715633 -0.378618
-2.725633 -0.363332
-2.735633 -0.347813
-2.745633 -0.332053
-2.755633 -0.316045
-2.765633 -0.299780
-2.775633 -0.283249
-2.785633 -0.266443
-2.795633 -0.249350
-2.805633 -0.231961
-2.815633 -0.214263
-2.825633 -0.196245
-2.835633 -0.177891
-2.845633 -0.159188
-2.855633 -0.140120
-2.865633 -0.120670
-2.875633 -0.100820
-2.885633 -0.080548
-2.895633 -0.059833
-2.905633 -0.038652
-2.915633 -0.016976
-2.925633 0.005222
-2.935633 0.027976
-2.945633 0.051322
-2.955633 0.075301
-2.965633 0.099957
-2.975633 0.125342
-2.985633 0.151516
-2.995633 0.178546
-3.005633 0.206510
-3.015633 0.235498
-3.025633 0.265619
-3.035633 0.297000
-3.045633 0.329797
-3.055633 0.364200
-3.065633 0.400450
-3.075633 0.438851
-3.085633 0.479809
-3.095633 0.523877
-3.105633 0.571842
-3.115633 0.624906
-3.125633 0.685061
-3.135633 0.756105
-3.145633 0.847400
-3.155633 1.011879
