-2.91733 0.00363725
-2.93823 -0.251838
-2.80414 -0.398434
-2.50063 -0.492267
-2.31404 -0.685553
-2.03533 -0.723439
-1.94445 -0.765805
-1.65664 -0.842117
-1.55722 -0.867737
-1.48641 -0.888263
-1.20533 -0.814405
-1.09325 -0.951008
-0.940056 -0.873693
-0.89433 -0.951076
-0.793215 -0.942814
-0.712022 -0.984472
-0.668869 -0.9746
-0.568819 -1.00285
-0.406046 -0.970058
-0.341151 -0.958675
-0.341574 -0.995329
-0.217685 -0.99685
-0.188129 -0.999327
-0.158744 -1.00328
-0.058448 -0.999322
0.0665831 -0.998747
0.0199164 -0.999727
0.16914 -1.00375
0.133136 -0.979326
0.278912 -0.999321
0.248516 -0.984545
0.428967 -1.00151
0.501408 -0.993652
0.465388 -0.984479
0.673422 -1.02893
0.693876 -0.988882
0.807903 -0.972445
0.771176 -0.944078
1.01965 -0.930591
1.08941 -0.919435
1.28177 -0.968906
1.37438 -0.873483
1.44359 -0.775331
1.72547 -0.761981
1.97268 -0.855419
2.17017 -0.639161
2.34395 -0.585659
2.54506 -0.610276
2.82601 -0.345678
2.90743 -0.293208
2.9474 -0.0502761
2.88738 0.313277
2.77241 0.414859
2.64264 0.444104
2.42682 0.686933
2.17966 0.679468
2.03186 0.752228
1.68868 0.817575
1.61977 0.889633
1.3836 0.85843
1.31761 0.882046
1.0786 0.900584
0.99847 0.915384
0.895572 0.938121
0.829327 0.9797
0.695263 0.959091
0.658389 0.968648
0.586628 1.00747
0.464991 0.972713
0.348632 0.976283
0.292122 0.98703
0.249913 0.993059
0.23128 1.00713
0.0932466 0.99946
0.124477 1.00324
-0.0363004 1.00024
0.0366912 0.99767
-0.136087 0.999307
-0.147539 0.995064
-0.386552 1.01857
-0.272002 0.982974
-0.478113 1.01166
-0.458955 0.985279
-0.473436 0.987012
-0.628642 0.989986
-0.775363 1.00193
-0.721217 0.96342
-0.865432 0.926378
-0.912702 0.916486
-1.09393 0.969949
-1.25504 0.906009
-1.36892 0.856987
-1.60462 0.86496
-1.82886 0.780084
-1.93048 0.803436
-2.29935 0.732607
-2.27724 0.672666
-2.36545 0.616238
-2.80784 0.363535
-3.02509 0.146245