2.96242 -0.028855
2.93235 0.0678092
2.9387 0.126866
2.93636 0.203198
2.94405 0.244767
2.83975 0.316989
2.83112 0.351988
2.75186 0.454535
2.64673 0.450691
2.58619 0.547613
2.56134 0.62005
2.32499 0.651071
2.20401 0.68345
2.01835 0.750759
1.84365 0.757856
1.7976 0.81383
1.62552 0.821492
1.49464 0.933402
1.26314 0.980511
1.10197 0.890106
0.889048 0.97933
0.798078 1.05865
0.514438 1.0052
0.315118 0.922693
0.240846 1.02408
-0.020816 1.08665
-0.165273 0.985448
-0.296478 1.04265
-0.575396 0.985929
-0.736428 1.02511
-0.921432 1.00588
-1.07581 0.891323
-1.26177 1.00465
-1.4405 0.789192
-1.60611 0.849752
-1.75926 0.796711
-1.96364 0.779941
-2.06607 0.767476
-2.19276 0.707304
-2.30156 0.658091
-2.40152 0.531205
-2.53057 0.513891
-2.59452 0.432255
-2.69245 0.425063
-2.71156 0.358556
-2.81318 0.316255
-2.86882 0.202231
-2.96049 0.203026
-2.88648 0.109995
-2.96617 0.050286
-2.96404 0.0115283
-2.97978 -0.0925493
-2.9613 -0.118605
-2.98483 -0.189917
-2.89425 -0.232241
-2.802 -0.305684
-2.81081 -0.375396
-2.74519 -0.439168
-2.67067 -0.523659
-2.52187 -0.496707
-2.38907 -0.611896
-2.35314 -0.620061
-2.15786 -0.730562
-2.14612 -0.777296
-1.89087 -0.779428
-1.70563 -0.767137
-1.50603 -0.788017
-1.45809 -0.913977
-1.22619 -0.956399
-1.07455 -0.929908
-0.959589 -1.01265
-0.715211 -1.01348
-0.570449 -1.04155
-0.299843 -1.00817
-0.142918 -1.02572
-0.0460892 -0.991174
0.19946 -0.916622
0.367279 -0.954828
0.55832 -1.02476
0.81786 -1.03221
0.997317 -1.08675
1.11166 -0.957702
1.29718 -0.918693
1.43525 -0.831318
1.67178 -0.85098
1.79949 -0.835073
1.88398 -0.763
2.13827 -0.76305
2.15822 -0.720847
2.37697 -0.624752
2.45952 -0.571055
2.49414 -0.551737
2.65738 -0.463939
2.78007 -0.420487
2.83596 -0.38158
2.80443 -0.317065
2.90455 -0.255864
2.88469 -0.15778
2.96952 -0.14424
3.02673 -0.0682298