2.91971 0
2.96517 0.0621843
2.96916 0.125031
2.9328 0.186487
2.84497 0.243488
2.85483 0.309197
2.68416 0.354244
2.70287 0.423958
2.6969 0.494211
2.48263 0.525175
2.41201 0.584142
2.31009 0.637025
2.19085 0.685781
2.02674 0.71942
1.9581 0.78898
1.79883 0.825293
1.62637 0.854252
1.45068 0.879589
1.22631 0.868683
1.10939 0.933999
0.950543 0.975157
0.714413 0.927485
0.55706 0.973404
0.39691 1.04729
0.182187 0.965261
-4.87694e-16 1.0109
-0.173321 0.918285
-0.394991 1.04222
-0.593873 1.03773
-0.791486 1.02754
-0.911869 0.935482
-1.14934 0.967637
-1.29108 0.91456
-1.42472 0.863854
-1.60061 0.840721
-1.79548 0.823757
-1.95305 0.786943
-2.08009 0.738356
-2.1802 0.682449
-2.2711 0.626272
-2.51757 0.609708
-2.45569 0.519476
-2.64356 0.484436
-2.70942 0.424986
-2.78678 0.367788
-2.76666 0.299648
-2.85051 0.243962
-3.04853 0.193846
-3.01082 0.126785
-3.0267 0.0634747
-3.01812 -3.23567e-16
-3.07678 -0.0645249
-2.97882 -0.125437
-3.03298 -0.192857
-2.90989 -0.249044
-2.80545 -0.303849
-2.80996 -0.370848
-2.71306 -0.425556
-2.66061 -0.487561
-2.45757 -0.519873
-2.47355 -0.599045
-2.31578 -0.638593
-2.2307 -0.698255
-2.04938 -0.727455
-1.87315 -0.754748
-1.7513 -0.803485
-1.63109 -0.85673
-1.4614 -0.886094
-1.29199 -0.91521
-1.09963 -0.92578
-0.902168 -0.925529
-0.70763 -0.918679
-0.572997 -1.00125
-0.400016 -1.05549
-0.184897 -0.979618
-4.90525e-16 -0.890098
0.178874 -0.947707
0.361677 -0.954323
0.58784 -1.02719
0.762151 -0.989461
0.936035 -0.960273
1.15457 -0.972033
1.26048 -0.892884
1.42469 -0.863835
1.61702 -0.84934
1.79974 -0.82571
1.8696 -0.753318
2.07605 -0.736923
2.2259 -0.696752
2.29845 -0.633814
2.48538 -0.60191
2.46274 -0.520968
2.57158 -0.471246
2.70691 -0.424592
2.83516 -0.374174
2.84201 -0.307808
2.91606 -0.249572
3.04063 -0.193344
2.98471 -0.125686
3.00563 -0.0630328