3 0
2.99408 0.0627905
2.97634 0.125333
2.94686 0.187381
2.90575 0.24869
2.85317 0.309017
2.78933 0.368125
2.71448 0.425779
2.62892 0.481754
2.53298 0.535827
2.42705 0.587785
2.31154 0.637424
2.18691 0.684547
2.05364 0.728969
1.91227 0.770513
1.76336 0.809017
1.60748 0.844328
1.44526 0.876307
1.27734 0.904827
1.10437 0.929776
0.927051 0.951057
0.74607 0.968583
0.562144 0.982287
0.376 0.992115
0.188372 0.998027
-4.82437e-16 1
-0.188372 0.998027
-0.376 0.992115
-0.562144 0.982287
-0.74607 0.968583
-0.927051 0.951057
-1.10437 0.929776
-1.27734 0.904827
-1.44526 0.876307
-1.60748 0.844328
-1.76336 0.809017
-1.91227 0.770513
-2.05364 0.728969
-2.18691 0.684547
-2.31154 0.637424
-2.42705 0.587785
-2.53298 0.535827
-2.62892 0.481754
-2.71448 0.425779
-2.78933 0.368125
-2.85317 0.309017
-2.90575 0.24869
-2.94686 0.187381
-2.97634 0.125333
-2.99408 0.0627905
-3 -3.21625e-16
-2.99408 -0.0627905
-2.97634 -0.125333
-2.94686 -0.187381
-2.90575 -0.24869
-2.85317 -0.309017
-2.78933 -0.368125
-2.71448 -0.425779
-2.62892 -0.481754
-2.53298 -0.535827
-2.42705 -0.587785
-2.31154 -0.637424
-2.18691 -0.684547
-2.05364 -0.728969
-1.91227 -0.770513
-1.76336 -0.809017
-1.60748 -0.844328
-1.44526 -0.876307
-1.27734 -0.904827
-1.10437 -0.929776
-0.927051 -0.951057
-0.74607 -0.968583
-0.562144 -0.982287
-0.376 -0.992115
-0.188372 -0.998027
-5.51091e-16 -1
0.188372 -0.998027
0.376 -0.992115
0.562144 -0.982287
0.74607 -0.968583
0.927051 -0.951057
1.10437 -0.929776
1.27734 -0.904827
1.44526 -0.876307
1.60748 -0.844328
1.76336 -0.809017
1.91227 -0.770513
2.05364 -0.728969
2.18691 -0.684547
2.31154 -0.637424
2.42705 -0.587785
2.53298 -0.535827
2.62892 -0.481754
2.71448 -0.425779
2.78933 -0.368125
2.85317 -0.309017
2.90575 -0.24869
2.94686 -0.187381
2.97634 -0.125333
2.99408 -0.0627905