2.99999 0.00253915
2.99632 0.0494837
2.98338 0.105121
2.93721 0.203525
2.88127 0.278539
2.86351 0.298198
2.76309 0.389493
2.73774 0.408897
2.61317 0.491185
2.54502 0.529453
2.47507 0.565098
2.3155 0.635826
2.19997 0.679879
2.0445 0.731818
1.98982 0.748377
1.73022 0.816928
1.62815 0.839916
1.4499 0.875454
1.31071 0.899508
1.07169 0.934016
0.966951 0.946632
0.888311 0.955156
0.61254 0.978933
0.421999 0.990057
0.281921 0.995575
-0.0230887 0.99997
-0.202514 0.997719
-0.428564 0.989744
-0.556466 0.982646
-0.744329 0.968732
-1.00347 0.9424
-1.12524 0.926992
-1.27518 0.905165
-1.38038 0.887853
-1.5819 0.849678
-1.75338 0.811422
-1.86744 0.782636
-2.0945 0.715935
-2.24118 0.664755
-2.25896 0.658037
-2.41417 0.593649
-2.49572 0.554913
-2.65393 0.466265
-2.73431 0.411438
-2.82387 0.3376
-2.86279 0.298968
-2.86572 0.295835
-2.95022 0.181416
-2.95611 0.170424
-2.99552 0.054621
-2.99994 -0.00639618
-2.99106 -0.0771304
-2.97869 -0.118972
-2.96207 -0.158509
-2.88733 -0.271485
-2.83873 -0.323452
-2.78781 -0.3694
-2.74214 -0.405612
-2.66537 -0.45896
-2.54397 -0.530013
-2.46816 -0.568445
-2.29756 -0.643014
-2.175 -0.688749
-2.07802 -0.721252
-1.90112 -0.773575
-1.81125 -0.797173
-1.64402 -0.836474
-1.38962 -0.88625
-1.31953 -0.898075
-1.08778 -0.931947
-0.897516 -0.954199
-0.764375 -0.966996
-0.490346 -0.986552
-0.402383 -0.990964
-0.115058 -0.999264
0.0583948 -0.999811
0.175817 -0.998281
0.434238 -0.989469
0.593462 -0.980238
0.734563 -0.96956
1.03308 -0.938837
1.10646 -0.929501
1.29335 -0.902297
1.36202 -0.890999
1.68642 -0.827043
1.77917 -0.805162
1.84416 -0.788746
2.08302 -0.719648
2.1758 -0.688467
2.29326 -0.644719
2.34807 -0.622411
2.53287 -0.535888
2.63636 -0.477214
2.67658 -0.451651
2.79511 -0.363221
2.81707 -0.343853
2.90614 -0.24818
2.95215 -0.177896
2.96995 -0.141182
2.98809 -0.0890175