-2.99654 0.0479796
-2.85099 -0.311244
-2.85516 -0.306967
-2.648 -0.47
-2.38263 -0.607643
-2.2235 -0.671322
-1.97659 -0.752264
-1.71816 -0.81975
-1.65015 -0.835132
-1.42904 -0.879258
-1.3322 -0.895994
-1.09013 -0.931643
-1.00627 -0.942068
-0.872942 -0.956729
-0.764813 -0.966957
-0.750638 -0.968191
-0.61605 -0.978689
-0.541774 -0.983558
-0.453719 -0.988497
-0.400862 -0.991033
-0.34604 -0.993325
-0.276141 -0.995755
-0.181936 -0.998159
-0.113832 -0.99928
-0.0540533 -0.999838
0.00296477 -1
0.0628182 -0.999781
0.135972 -0.998972
0.192423 -0.997941
0.229367 -0.997073
0.353416 -0.993037
0.377557 -0.992049
0.523341 -0.984667
0.516196 -0.985086
0.593325 -0.980247
0.703903 -0.972084
0.794636 -0.964282
0.845644 -0.959449
0.971809 -0.946079
1.10502 -0.929691
1.20529 -0.915743
1.46493 -0.872671
1.56938 -0.852255
1.70474 -0.822858
2.04679 -0.731106
2.13719 -0.701777
2.50951 -0.54796
2.60641 -0.495154
2.77963 -0.376184
2.933 -0.210154
3 0.000212658
2.97252 0.135051
2.81875 0.342324
2.67165 0.454885
2.37147 0.612476
2.0489 0.730449
1.9625 0.75635
1.77771 0.805518
1.6161 0.842497
1.31437 0.898915
1.26789 0.906302
1.19304 0.917524
0.989329 0.944059
0.974722 0.945746
0.779178 0.965682
0.720564 0.970726
0.647967 0.976396
0.563333 0.982212
0.463699 0.987982
0.402191 0.990973
0.295903 0.995124
0.227559 0.997119
0.207224 0.997611
0.115782 0.999255
0.0550579 0.999832
-0.0156061 0.999986
-0.0461769 0.999882
-0.130099 0.999059
-0.196592 0.997851
-0.246713 0.996613
-0.294284 0.995177
-0.396214 0.99124
-0.466523 0.987835
-0.535111 0.983963
-0.600498 0.979762
-0.729399 0.969993
-0.81586 0.96231
-0.86903 0.957125
-1.00875 0.941772
-1.13424 0.925773
-1.32898 0.896525
-1.45582 0.874362
-1.56298 0.853561
-1.74702 0.812946
-1.88987 0.776632
-2.08875 0.717801
-2.252 0.660682
-2.62027 0.486964
-2.80065 0.358445
-2.98143 0.111105