-3 -3.67394e-16
-2.94795 -0.185469
-2.80529 -0.354391
-2.60377 -0.496696
-2.37668 -0.610227
-2.14826 -0.698012
-1.93214 -0.764987
-1.73411 -0.816011
-1.55541 -0.855095
-1.39502 -0.885307
-1.251 -0.908906
-1.1212 -0.927536
-1.00354 -0.942391
-0.896183 -0.954338
-0.797505 -0.964019
-0.70613 -0.971904
-0.620879 -0.978349
-0.54075 -0.983621
-0.46488 -0.987921
-0.392524 -0.991403
-0.323031 -0.994186
-0.255821 -0.996358
-0.190376 -0.997984
-0.126218 -0.999115
-0.0629008 -0.99978
2.83277e-16 -1
0.0629008 -0.99978
0.126218 -0.999115
0.190376 -0.997984
0.255821 -0.996358
0.323031 -0.994186
0.392524 -0.991403
0.46488 -0.987921
0.54075 -0.983621
0.620879 -0.978349
0.70613 -0.971904
0.797505 -0.964019
0.896183 -0.954338
1.00354 -0.942391
1.1212 -0.927536
1.251 -0.908906
1.39502 -0.885307
1.55541 -0.855095
1.73411 -0.816011
1.93214 -0.764987
2.14826 -0.698012
2.37668 -0.610227
2.60377 -0.496696
2.80529 -0.354391
2.94795 -0.185469
3 1.33227e-15
2.94795 0.185469
2.80529 0.354391
2.60377 0.496696
2.37668 0.610227
2.14826 0.698012
1.93214 0.764987
1.73411 0.816011
1.55541 0.855095
1.39502 0.885307
1.251 0.908906
1.1212 0.927536
1.00354 0.942391
0.896183 0.954338
0.797505 0.964019
0.70613 0.971904
0.620879 0.978349
0.54075 0.983621
0.46488 0.987921
0.392524 0.991403
0.323031 0.994186
0.255821 0.996358
0.190376 0.997984
0.126218 0.999115
0.0629008 0.99978
6.12323e-17 1
-0.0629008 0.99978
-0.126218 0.999115
-0.190376 0.997984
-0.255821 0.996358
-0.323031 0.994186
-0.392524 0.991403
-0.46488 0.987921
-0.54075 0.983621
-0.620879 0.978349
-0.70613 0.971904
-0.797505 0.964019
-0.896183 0.954338
-1.00354 0.942391
-1.1212 0.927536
-1.251 0.908906
-1.39502 0.885307
-1.55541 0.855095
-1.73411 0.816011
-1.93214 0.764987
-2.14826 0.698012
-2.37668 0.610227
-2.60377 0.496696
-2.80529 0.354391
-2.94795 0.185469