-2.99154 -0.0750458
-2.90658 -0.247608
-2.68506 -0.446029
-2.72875 -0.415518
-2.26659 -0.655112
-2.06041 -0.726842
-2.14897 -0.697767
-1.71214 -0.82115
-1.61161 -0.843452
-1.39688 -0.884982
-1.28433 -0.903726
-1.14129 -0.924809
-1.00642 -0.94205
-0.90405 -0.953514
-0.762096 -0.967196
-0.75955 -0.967418
-0.629112 -0.977765
-0.52825 -0.984375
-0.440311 -0.989171
-0.363976 -0.992613
-0.324855 -0.99412
-0.246717 -0.996613
-0.181509 -0.998168
-0.109916 -0.999329
-0.04457 -0.99989
0.00802647 -0.999996
0.0692139 -0.999734
0.0928178 -0.999521
0.212334 -0.997492
0.27238 -0.99587
0.313636 -0.99452
0.385674 -0.991702
0.464844 -0.987923
0.554899 -0.982745
0.621887 -0.978278
0.698478 -0.972518
0.75498 -0.967816
0.9264 -0.951127
1.08426 -0.932404
1.11148 -0.928835
1.29028 -0.902784
1.45706 -0.874134
1.57244 -0.851629
1.66992 -0.830754
1.96444 -0.755791
2.19009 -0.683416
2.46302 -0.570917
2.57189 -0.514822
2.86277 -0.298987
2.98238 -0.108209
2.99667 0.0470833
2.90941 0.243884
2.81354 0.347053
2.67391 0.453408
2.32362 0.632525
2.18085 0.68669
1.89298 0.775789
1.78854 0.80285
1.55667 0.85484
1.42849 0.879357
1.29819 0.901524
1.11572 0.92827
1.03925 0.938081
0.887846 0.955204
0.84458 0.959553
0.713109 0.971338
0.682378 0.973788
0.541292 0.983588
0.449876 0.988692
0.371327 0.99231
0.35316 0.993047
0.219244 0.997326
0.150286 0.998744
0.105304 0.999384
0.0460811 0.999882
0.0110233 0.999993
-0.089223 0.999558
-0.140539 0.998902
-0.220495 0.997295
-0.270338 0.995932
-0.336361 0.993695
-0.411455 0.99055
-0.487047 0.986733
-0.544224 0.983408
-0.594568 0.980164
-0.727184 0.970178
-0.761405 0.967256
-0.9508 0.948448
-0.959242 0.947503
-1.13951 0.925053
-1.2671 0.906426
-1.43284 0.878571
-1.59075 0.847842
-1.72967 0.817057
-2.01428 0.741071
-2.26168 0.656996
-2.44249 0.580634
-2.60505 0.495951
-2.77448 0.380392
-2.94719 0.186808