nan -3.67394e-16
-2.98553 -0.206748
-2.85481 -0.410686
-2.66634 -0.604117
-2.42174 -0.714366
-2.11925 -0.613174
-1.93872 -0.788429
-1.73769 -0.831182
-1.57863 -0.969948
-1.38141 -0.807552
-1.25031 -0.904368
-1.13581 -1.03633
-1.00911 -0.989419
-0.898294 -0.974564
-0.801703 -1.00969
-0.700963 -0.907899
-0.619725 -0.961972
-0.545535 -1.06196
-0.46265 -0.94527
-0.392768 -0.996942
-0.323177 -0.998239
-0.257666 -1.06102
-0.190506 -1.00413
-0.125538 -0.95072
-0.0629119 -1.00136
2.85173e-16 -1.10613
0.0630005 -1.01404
0.125729 -0.964286
0.190947 -1.02493
0.255311 -0.978485
0.322686 -0.984637
0.394589 -1.03834
0.462866 -0.949388
0.54083 -0.98493
0.628006 -1.07942
0.705388 -0.962714
0.805486 -1.05084
0.883504 -0.832824
1.00103 -0.921145
1.11234 -0.86156
1.25618 -0.942752
1.39176 -0.866659
1.55196 -0.838
1.74454 -0.860182
1.93886 -0.78895
2.16468 -0.74603
2.37756 -0.612256
2.63329 -0.547376
2.80837 -0.35789
2.9702 -0.198068
2.89745 1.03541e-15
2.97045 0.198211
2.80828 0.357788
2.59686 0.484827
2.36875 0.591902
2.14651 0.692896
1.93429 0.772654
1.7176 0.746071
1.56811 0.917915
1.39843 0.904789
1.24653 0.87969
1.12525 0.957664
1.00248 0.933415
0.893463 0.928268
0.79972 0.988115
0.712668 1.0529
0.626014 1.05117
0.541249 0.991789
0.469898 1.0839
0.398606 1.12965
0.318502 0.868744
0.257344 1.04973
0.189065 0.936152
0.126389 1.01134
0.0631582 1.0366
6.07085e-17 0.974335
-0.0626575 0.964973
-0.126435 1.01458
-0.190389 0.998613
-0.257889 1.06883
-0.323954 1.01978
-0.392308 0.986478
-0.465094 0.992017
-0.532422 0.847283
-0.625061 1.03766
-0.699279 0.887039
-0.802721 1.02076
-0.911408 1.10025
-1.00211 0.93028
-1.11809 0.904363
-1.25448 0.931665
-1.39874 0.906549
-1.54312 0.794279
-1.72322 0.769867
-1.93653 0.780632
-2.18252 0.798194
-2.4136 0.695541
-2.6103 0.507898
-2.75405 0.296133
-2.93352 0.177296