0 0.0250808
1 0.0221519
2 0.0389486
3 -0.0373825
4 0.0300343
5 0.0249766
6 -0.0630324
7 0.00737548
8 -0.0204945
9 -0.000767458
10 -0.0151444
11 -0.0101502
12 -0.00160724
13 -0.00479398
14 0.0238044
15 -0.03729
16 -0.00624752
17 0.0101309
18 0.0210248
19 0.0255302
20 -0.00167841
21 0.00865042
22 0.00861887
23 0.0161138
24 0.0182864
25 0.00802632
26 0.00629019
27 -0.033067
28 0.0212421
29 0.0156527
30 -0.00866691
31 -0.00608966
32 -3.05777e-05
33 0.0113605
34 0.000767092
35 -0.00547176
36 -0.0286703
37 0.0182466
38 0.0437412
39 -0.00496551
40 0.0178078
41 0.0251178
42 0.00628493
43 -0.0218084
44 0.00971219
45 0.0116848
46 0.0235545
47 -0.00906594
48 0.0216014
49 0.0265649
50 0.0157106
51 0.0207985
52 -0.00293267
53 -0.0205258
54 0.0144479
55 -0.00911484
56 0.0119558
57 -0.0178966
58 -0.000467637
59 -0.013686
60 -0.0213276
61 0.00279463
62 -0.0197037
63 0.00511506
64 -0.0306062
65 -0.00496218
66 -0.0457403
67 -0.000437301
68 0.0128016
69 0.0189181
70 -0.0275251
71 0.0349376
72 0.0391409
73 0.0206821
74 0.0167779
75 -0.0110229
76 0.0261947
77 0.0141119
78 0.0290972
79 0.0137283
80 0.0122298
81 0.0167035
82 0.0186876
83 0.00280001
84 -0.0202278
85 0.0148864
86 -0.0242757
87 0.0326541
88 -0.0252596
89 0.00925671
90 0.00736074
91 0.0154409
92 0.0129694
93 -0.00148313
94 0.0244519
95 0.0314496
96 0.0179375
97 0.000366291
98 -0.010591
99 -0.000468562