0.007972 0.871526
0.006340 0.872890
0.022391 0.882610
0.025882 0.876959
0.044986 0.875912
0.052112 0.886465
0.066113 0.888327
0.067851 0.900115
0.087195 0.900147
0.095519 0.906164
0.098140 0.919275
0.119921 0.921962
0.129115 0.929085
0.132226 0.932722
0.135088 0.918609
0.146617 0.937361
0.168926 0.940073
0.177312 0.937965
0.188350 0.937362
0.197217 0.950779
0.196619 0.956966
0.218144 0.944523
0.222748 0.958342
0.225837 0.950882
0.242605 0.959210
0.251288 0.960704
0.250592 0.963271
0.266156 0.968732
0.287393 0.965394
0.298779 0.983094
0.290716 0.969222
0.311248 0.974922
0.314770 0.981360
0.324078 0.983205
0.342738 0.992743
0.345718 0.988012
0.364717 0.989640
0.364020 0.993900
0.370982 0.999183
0.391069 0.986763
0.391261 0.998879
0.402927 0.993278
0.417546 0.988750
0.430243 1.002163
0.431040 0.994243
0.454708 1.006235
0.457534 0.995066
0.475962 1.002601
0.477465 0.989822
0.480291 0.999882
0.497464 1.008309
0.503398 1.008700
0.523773 1.000807
0.528022 0.998630
0.540641 0.990120
0.548356 0.998005
0.559824 0.989467
0.563799 0.998424
0.586341 0.991330
0.590586 1.004127
0.595415 0.992487
0.605394 0.994532
0.622420 0.992770
0.639324 0.980036
0.631990 0.990858
0.646763 0.974648
0.652566 0.981889
0.675115 0.983160
0.680682 0.984638
0.691027 0.975099
0.700648 0.967179
0.715524 0.955101
0.728996 0.964512
0.724414 0.947230
0.749861 0.959833
0.753565 0.952283
0.753183 0.933726
0.766656 0.944893
0.773542 0.935110
0.786965 0.932679
0.796548 0.911204
0.802116 0.918170
0.817857 0.906180
0.837480 0.904207
0.841379 0.899663
0.843086 0.883201
0.864266 0.869079
0.872395 0.867045
0.871665 0.846777
0.882950 0.843571
0.898923 0.818662
0.902483 0.815131
0.924416 0.805350
0.921129 0.778026
0.935384 0.770827
0.958204 0.751020
0.956471 0.714677
0.967809 0.690653
0.987234 0.669422
0.991347 0.623223
1.008367 0.508309
0.999625 0.365310
0.975383 0.315332
0.973260 0.275449
0.969062 0.244880
0.953214 0.200118
0.931282 0.182110
0.924722 0.137895
0.928272 0.111679
0.908711 0.095740
0.899392 0.067161
0.895954 0.051757
0.889867 0.028675
0.864248 0.008955
0.850814 -0.008876
0.857676 -0.021253
0.839920 -0.054996
0.837865 -0.069289
0.826796 -0.079987
0.811460 -0.103509
0.800647 -0.118096
0.792117 -0.136742
0.783850 -0.158469
0.771084 -0.160582
0.759881 -0.189922
0.759052 -0.205096
0.733031 -0.217980
0.732104 -0.229440
0.728708 -0.245796
0.700353 -0.259806
0.708726 -0.269703
0.699039 -0.282971
0.671338 -0.300097
0.671253 -0.300535
0.668941 -0.312327
0.647552 -0.335075
0.639154 -0.342493
0.622414 -0.358609
0.623226 -0.365281
0.619601 -0.379526
0.595150 -0.385022
0.583186 -0.410810
0.571932 -0.415492
0.570420 -0.433753
0.568548 -0.443163
0.543385 -0.443441
0.538132 -0.467408
0.524094 -0.465764
0.522060 -0.485838
0.509333 -0.498109
0.495391 -0.493649
0.487671 -0.504850
0.487600 -0.520590
0.473478 -0.533047
0.453135 -0.532734
0.449094 -0.546262
0.443413 -0.557958
0.421969 -0.568071
0.425808 -0.578146
0.401194 -0.583389
0.395118 -0.595513
0.383779 -0.603866
0.377563 -0.607866
0.368782 -0.617923
0.362808 -0.620257
0.354649 -0.636171
0.339491 -0.638461
0.327386 -0.649665
0.327272 -0.661054
0.311580 -0.663001
0.295566 -0.681967
0.294755 -0.685489
0.287615 -0.696278
0.277139 -0.698810
0.267353 -0.714005
0.250209 -0.721052
0.246882 -0.713086
0.226566 -0.724462
0.215401 -0.733200
0.204852 -0.734040
0.204029 -0.752926
0.199919 -0.753458
0.182745 -0.763148
0.175384 -0.773680
0.153667 -0.776162
0.142948 -0.776812
0.139764 -0.786848
0.132318 -0.789036
0.111605 -0.807609
0.109256 -0.796463
0.095765 -0.809567
0.089107 -0.819486
0.080888 -0.827798
0.070098 -0.835825
0.061784 -0.832602
0.051684 -0.831003
0.045014 -0.841680
0.039521 -0.849632
0.024819 -0.864860
0.009381 -0.853124