-0.015553 0.868274
0.023020 0.883619
0.033076 0.886868
0.032508 0.874074
0.026822 0.892083
0.039761 0.897648
0.051598 0.886335
0.058158 0.894632
0.076932 0.910799
0.100579 0.895426
0.086093 0.925403
0.103711 0.902179
0.124365 0.924899
0.131777 0.921887
0.143323 0.923043
0.136294 0.922247
0.147151 0.933201
0.175899 0.952241
0.191045 0.933104
0.174339 0.947659
0.207222 0.950623
0.194210 0.959576
0.228733 0.957144
0.234051 0.950752
0.241954 0.961558
0.259541 0.948859
0.255173 0.982698
0.273008 0.975717
0.293260 0.956189
0.300684 0.981940
0.299840 0.979410
0.295335 0.973303
0.335681 0.993074
0.321711 0.973481
0.326127 0.975887
0.339875 0.995919
0.365779 0.972510
0.377334 0.984720
0.364230 0.992123
0.391572 0.986711
0.416056 0.989983
0.403150 0.982240
0.425662 0.986270
0.413999 1.000994
0.454371 1.011552
0.460437 0.990516
0.453128 0.993075
0.456916 1.001334
0.475236 1.012281
0.491528 0.998520
0.493308 1.010588
0.514952 0.996122
0.524519 0.995189
0.531389 0.998408
0.549290 1.000274
0.548228 0.986987
0.563954 1.011374
0.555958 1.010638
0.574222 1.007413
0.584632 0.992039
0.591901 0.985803
0.612930 0.988379
0.631067 0.981031
0.640033 0.978104
0.644488 0.970556
0.650292 0.989807
0.649438 0.994989
0.662191 0.966653
0.664257 0.968876
0.706627 0.967985
0.702527 0.953756
0.717505 0.955830
0.727694 0.946505
0.723524 0.969683
0.726059 0.966716
0.764998 0.931573
0.772577 0.934324
0.755962 0.928292
0.774656 0.937716
0.787938 0.939323
0.789017 0.920240
0.818962 0.917616
0.818685 0.891505
0.826744 0.890693
0.841866 0.895457
0.844793 0.887942
0.864437 0.886887
0.855882 0.875407
0.879542 0.841106
0.874973 0.844317
0.912050 0.820024
0.904425 0.828606
0.924207 0.806205
0.934830 0.776801
0.953895 0.775574
0.955365 0.738437
0.949289 0.710329
0.981053 0.710838
0.964013 0.666140
0.984368 0.625058
1.006577 0.505603
0.996702 0.382280
0.980219 0.328093
0.973273 0.270965
0.960989 0.221201
0.953436 0.217369
0.945222 0.179890
0.937807 0.138755
0.936487 0.118875
0.900670 0.095647
0.911508 0.082749
0.887716 0.048854
0.887880 0.016096
0.876223 -0.007053
0.872095 -0.027282
0.851506 -0.027400
0.834927 -0.058762
0.828212 -0.060887
0.833298 -0.070793
0.824278 -0.103540
0.792991 -0.129603
0.791293 -0.140123
0.769237 -0.149921
0.761814 -0.170149
0.747627 -0.179682
0.755453 -0.210970
0.734335 -0.206688
0.733693 -0.223248
0.729945 -0.255220
0.719183 -0.242718
0.697814 -0.262052
0.704753 -0.290074
0.682041 -0.283797
0.679894 -0.313638
0.664924 -0.306994
0.637826 -0.337167
0.630681 -0.360140
0.637593 -0.357593
0.618060 -0.380311
0.623103 -0.382515
0.608919 -0.381911
0.603048 -0.389674
0.590682 -0.403738
0.565795 -0.420879
0.563745 -0.439550
0.557687 -0.442411
0.542026 -0.473897
0.526078 -0.473486
0.524945 -0.475676
0.523273 -0.490513
0.489300 -0.511196
0.489363 -0.522235
0.492095 -0.533808
0.485865 -0.521675
0.476362 -0.546882
0.466601 -0.531738
0.455615 -0.565009
0.441377 -0.560774
0.415710 -0.581387
0.397789 -0.596568
0.402914 -0.584323
0.379101 -0.613778
0.383092 -0.599857
0.353408 -0.605455
0.372970 -0.616212
0.346417 -0.636261
0.332837 -0.657653
0.345053 -0.653435
0.327598 -0.659157
0.301040 -0.680169
0.313065 -0.687441
0.279067 -0.668223
0.264894 -0.695638
0.268572 -0.690988
0.250166 -0.713099
0.256285 -0.720051
0.224705 -0.708525
0.244767 -0.717269
0.221056 -0.742354
0.208480 -0.730234
0.186525 -0.750907
0.206315 -0.742036
0.174691 -0.750221
0.176568 -0.764883
0.143380 -0.768637
0.151489 -0.769797
0.146033 -0.788856
0.119362 -0.781310
0.105198 -0.804898
0.115083 -0.799680
0.104367 -0.824830
0.079098 -0.833372
0.064394 -0.819137
0.063522 -0.825592
0.047842 -0.836870
0.056961 -0.835761
0.038071 -0.856422
0.014881 -0.834814
0.008418 -0.871927
0.000624 -0.847923