-0.006214 0.873581
0.008005 0.863249
0.030640 0.884546
0.030806 0.883223
0.042469 0.886049
0.061268 0.897236
0.071086 0.895711
0.068708 0.893829
0.083596 0.911033
0.084677 0.900285
0.105084 0.908906
0.116794 0.907473
0.116491 0.917997
0.125657 0.931033
0.147363 0.915663
0.150327 0.926505
0.151878 0.938371
0.179557 0.945745
0.170882 0.950989
0.194823 0.947366
0.204896 0.951572
0.199258 0.948269
0.217153 0.952102
0.225171 0.946017
0.229426 0.952218
0.245949 0.972914
0.253666 0.972539
0.260456 0.976757
0.274916 0.970751
0.296586 0.984763
0.304573 0.985193
0.300584 0.986869
0.309486 0.970479
0.332356 0.981280
0.330883 0.983866
0.342994 0.975312
0.363904 0.986322
0.376404 0.999935
0.379714 1.001099
0.396479 0.996720
0.409357 0.995825
0.413067 0.988416
0.414549 0.989258
0.430040 0.988580
0.428431 0.989432
0.460622 1.002565
0.455351 1.000206
0.470126 0.988008
0.490523 1.004757
0.500191 1.006381
0.493002 1.004732
0.508538 0.988342
0.523082 1.005516
0.519287 0.993780
0.549381 1.007641
0.560409 0.997817
0.561081 1.005685
0.565534 1.000726
0.575872 0.994418
0.585383 0.993625
0.606555 0.981285
0.605804 0.994415
0.625121 0.978874
0.641477 0.982710
0.639899 0.978762
0.638156 0.986006
0.664148 0.968189
0.676252 0.969835
0.677066 0.972609
0.693104 0.979486
0.691411 0.979554
0.703396 0.976298
0.717138 0.967541
0.735690 0.964445
0.749482 0.946473
0.762047 0.949441
0.759724 0.949049
0.770386 0.948048
0.769310 0.942500
0.798106 0.925718
0.801841 0.908427
0.803551 0.900878
0.812665 0.896734
0.838594 0.886535
0.840993 0.891758
0.840749 0.888733
0.853966 0.876019
0.860284 0.857458
0.888994 0.851078
0.879676 0.834283
0.898882 0.830442
0.911073 0.807408
0.929694 0.789725
0.940199 0.778945
0.935506 0.756897
0.953656 0.747605
0.952100 0.717556
0.967736 0.693548
0.986945 0.659815
0.996382 0.622118
0.989183 0.504298
0.991433 0.364696
0.974000 0.309674
0.973274 0.276232
0.958717 0.239465
0.952502 0.195382
0.928102 0.176662
0.934325 0.156104
0.924289 0.119433
0.917145 0.090874
0.912349 0.060845
0.892351 0.038824
0.870214 0.029699
0.859114 0.017117
0.854008 -0.015544
0.849375 -0.043073
0.834324 -0.049925
0.831308 -0.073107
0.831370 -0.090874
0.820545 -0.107016
0.807613 -0.121358
0.794194 -0.144141
0.780621 -0.154968
0.778849 -0.155184
0.766887 -0.171260
0.746676 -0.201652
0.738172 -0.208402
0.731166 -0.228895
0.708180 -0.236352
0.721415 -0.252016
0.711789 -0.272305
0.687063 -0.280211
0.680695 -0.301102
0.663313 -0.320168
0.662073 -0.309549
0.639013 -0.338629
0.649349 -0.344153
0.624461 -0.355327
0.621559 -0.372173
0.617976 -0.375980
0.604894 -0.391318
0.591653 -0.392186
0.583662 -0.423567
0.564867 -0.436521
0.568045 -0.448147
0.546295 -0.456529
0.535698 -0.451405
0.523244 -0.479249
0.521441 -0.491047
0.497824 -0.487308
0.499031 -0.498536
0.479587 -0.510102
0.492005 -0.512024
0.482196 -0.520393
0.460290 -0.532310
0.441487 -0.538309
0.448119 -0.548909
0.426904 -0.575503
0.431102 -0.572432
0.422110 -0.580782
0.389305 -0.583717
0.395908 -0.600802
0.382278 -0.618580
0.364938 -0.631344
0.370375 -0.637177
0.349231 -0.644391
0.335045 -0.642686
0.333435 -0.645681
0.322636 -0.650611
0.300418 -0.678488
0.295519 -0.667671
0.283322 -0.686612
0.285884 -0.681167
0.264139 -0.694180
0.259293 -0.715845
0.243405 -0.707186
0.248672 -0.728374
0.228124 -0.733683
0.225044 -0.746710
0.211663 -0.734570
0.192106 -0.742621
0.199256 -0.763637
0.184976 -0.759206
0.175476 -0.756354
0.162929 -0.769971
0.151917 -0.792968
0.133369 -0.796008
0.127402 -0.804826
0.107670 -0.801090
0.104534 -0.798265
0.108157 -0.817638
0.083305 -0.816000
0.074662 -0.814949
0.070381 -0.835813
0.065460 -0.844581
0.052366 -0.846890
0.042561 -0.840817
0.022381 -0.863033
0.011082 -0.865726
0.004468 -0.864739