0.000000 0.866025
0.010000 0.870982
0.020000 0.875852
0.030000 0.880636
0.040000 0.885332
0.050000 0.889942
0.060000 0.894465
0.070000 0.898901
0.080000 0.903250
0.090000 0.907511
0.100000 0.911684
0.110000 0.915770
0.120000 0.919767
0.130000 0.923676
0.140000 0.927496
0.150000 0.931227
0.160000 0.934868
0.170000 0.938420
0.180000 0.941880
0.190000 0.945250
0.200000 0.948528
0.210000 0.951714
0.220000 0.954808
0.230000 0.957808
0.240000 0.960714
0.250000 0.963525
0.260000 0.966242
0.270000 0.968861
0.280000 0.971384
0.290000 0.973809
0.300000 0.976136
0.310000 0.978362
0.320000 0.980488
0.330000 0.982511
0.340000 0.984432
0.350000 0.986249
0.360000 0.987960
0.370000 0.989565
0.380000 0.991062
0.390000 0.992449
0.400000 0.993725
0.410000 0.994889
0.420000 0.995939
0.430000 0.996873
0.440000 0.997689
0.450000 0.998385
0.460000 0.998960
0.470000 0.999412
0.480000 0.999737
0.490000 0.999934
0.500000 1.000000
0.510000 0.999933
0.520000 0.999730
0.530000 0.999387
0.540000 0.998903
0.550000 0.998274
0.560000 0.997496
0.570000 0.996565
0.580000 0.995479
0.590000 0.994232
0.600000 0.992820
0.610000 0.991240
0.620000 0.989485
0.630000 0.987551
0.640000 0.985432
0.650000 0.983122
0.660000 0.980615
0.670000 0.977904
0.680000 0.974980
0.690000 0.971837
0.700000 0.968466
0.710000 0.964857
0.720000 0.960999
0.730000 0.956883
0.740000 0.952495
0.750000 0.947822
0.760000 0.942850
0.770000 0.937562
0.780000 0.931941
0.790000 0.925966
0.800000 0.919615
0.810000 0.912863
0.820000 0.905681
0.830000 0.898037
0.840000 0.889894
0.850000 0.881207
0.860000 0.871928
0.870000 0.861995
0.880000 0.851339
0.890000 0.839873
0.900000 0.827492
0.910000 0.814061
0.920000 0.799411
0.930000 0.783316
0.940000 0.765466
0.950000 0.745416
0.960000 0.722487
0.970000 0.695535
0.980000 0.662337
0.990000 0.617168
1.000000 0.500000
0.990000 0.372832
0.980000 0.317663
0.970000 0.274465
0.960000 0.237513
0.950000 0.204584
0.940000 0.174534
0.930000 0.146684
0.920000 0.120589
0.910000 0.095939
0.900000 0.072508
0.890000 0.050127
0.880000 0.028661
0.870000 0.008005
0.860000 -0.011928
0.850000 -0.031207
0.840000 -0.049894
0.830000 -0.068037
0.820000 -0.085681
0.810000 -0.102863
0.800000 -0.119615
0.790000 -0.135966
0.780000 -0.151941
0.770000 -0.167562
0.760000 -0.182850
0.750000 -0.197822
0.740000 -0.212495
0.730000 -0.226883
0.720000 -0.240999
0.710000 -0.254857
0.700000 -0.268466
0.690000 -0.281837
0.680000 -0.294980
0.670000 -0.307904
0.660000 -0.320615
0.650000 -0.333122
0.640000 -0.345432
0.630000 -0.357551
0.620000 -0.369485
0.610000 -0.381240
0.600000 -0.392820
0.590000 -0.404232
0.580000 -0.415479
0.570000 -0.426565
0.560000 -0.437496
0.550000 -0.448274
0.540000 -0.458903
0.530000 -0.469387
0.520000 -0.479730
0.510000 -0.489933
0.500000 -0.500000
0.490000 -0.509934
0.480000 -0.519737
0.470000 -0.529412
0.460000 -0.538960
0.450000 -0.548385
0.440000 -0.557689
0.430000 -0.566873
0.420000 -0.575939
0.410000 -0.584889
0.400000 -0.593725
0.390000 -0.602449
0.380000 -0.611062
0.370000 -0.619565
0.360000 -0.627960
0.350000 -0.636249
0.340000 -0.644432
0.330000 -0.652511
0.320000 -0.660488
0.310000 -0.668362
0.300000 -0.676136
0.290000 -0.683809
0.280000 -0.691384
0.270000 -0.698861
0.260000 -0.706242
0.250000 -0.713525
0.240000 -0.720714
0.230000 -0.727808
0.220000 -0.734808
0.210000 -0.741714
0.200000 -0.748528
0.190000 -0.755250
0.180000 -0.761880
0.170000 -0.768420
0.160000 -0.774868
0.150000 -0.781227
0.140000 -0.787496
0.130000 -0.793676
0.120000 -0.799767
0.110000 -0.805770
0.100000 -0.811684
0.090000 -0.817511
0.080000 -0.823250
0.070000 -0.828901
0.060000 -0.834465
0.050000 -0.839942
0.040000 -0.845332
0.030000 -0.850636
0.020000 -0.855852
0.010000 -0.860982