0.119947 0.835862
0.065122 0.685215
0.134362 0.776250
0.097402 1.210444
0.193345 0.745275
-0.107406 1.050033
0.008409 0.934353
0.066589 0.989105
-0.074192 0.772871
0.171666 0.909494
0.130604 0.997769
0.122390 0.910068
0.143158 0.941369
0.289692 0.951502
0.016253 0.844546
0.174658 0.803046
-0.013268 0.862261
0.204296 0.976347
0.163658 1.072788
0.294420 0.948644
0.230685 1.060310
0.363946 1.085544
0.091370 1.093595
0.271251 0.859076
0.179146 0.933741
0.179296 1.009605
0.317048 0.766771
0.430724 1.000817
0.196755 1.068283
0.314028 0.959462
0.478662 1.179202
0.291805 1.172696
0.371733 1.140177
0.129773 0.935399
0.574828 0.954749
0.372540 1.252446
0.388330 1.134704
0.542521 1.026385
0.350966 0.918927
0.457191 0.981979
0.440008 0.959238
0.265498 0.909416
0.436248 0.981896
0.524283 1.014403
0.396301 0.966392
0.429844 0.938173
0.426586 1.138606
0.357354 1.205076
0.664946 0.899857
0.475637 1.065314
0.456981 1.068170
0.619869 0.778410
0.408021 0.938879
0.462117 0.950500
0.422257 1.002877
0.646091 0.786284
0.538269 1.123396
0.608910 1.081992
0.629573 1.112409
0.747459 1.082305
0.484730 1.032573
0.575095 0.957419
0.750333 0.882602
0.652094 1.083945
0.625568 0.825046
0.518919 1.062769
0.727682 0.986348
0.545254 1.058179
0.638382 1.071409
0.841141 0.884038
0.623002 0.959219
0.773777 1.013240
0.658859 1.030009
0.685761 0.884903
0.763721 1.100089
0.851365 1.077337
0.711180 1.192128
0.819942 0.780341
0.680617 0.739756
0.622572 1.045561
0.780834 0.874450
0.842938 0.896851
0.689754 0.989998
0.863870 1.222919
0.831322 1.096994
0.841441 0.864140
1.023395 0.882772
0.859766 0.922579
0.938825 0.828469
0.913397 0.981891
0.892149 0.802671
0.915290 0.583488
0.901214 0.969756
0.887516 0.692591
0.819363 0.964728
1.000272 0.932981
0.958447 0.717018
0.989645 0.702136
1.030632 0.633213
0.948625 0.597152
1.020827 0.597865
1.019158 0.426762
1.049582 0.280101
0.993776 0.049844
0.965781 0.380600
1.093311 0.229885
1.101253 0.196309
0.840086 0.329105
0.706893 0.119268
0.894017 0.078445
0.855899 -0.020856
1.017790 0.107607
0.861230 0.014669
0.972732 -0.102574
0.737947 -0.002144
0.648056 0.095477
0.892227 -0.115504
0.887998 -0.096756
0.992949 0.048110
0.888073 -0.125742
0.894924 -0.107149
0.800752 -0.191257
0.773446 -0.081714
0.825617 -0.035841
0.832619 -0.105461
0.848762 -0.150167
0.670483 -0.242523
0.574693 -0.339536
1.005908 -0.214839
0.797164 -0.122157
0.750429 -0.189634
0.761674 -0.351313
0.723821 -0.358966
0.677725 -0.507097
0.482965 -0.347165
0.532897 -0.397362
0.586659 -0.293823
0.662401 -0.252628
0.578219 -0.439635
0.673206 -0.422721
0.559941 -0.472822
0.557610 -0.397784
0.488693 -0.344520
0.507231 -0.549966
0.613803 -0.512543
0.409934 -0.409029
0.420831 -0.310990
0.454837 -0.424174
0.620320 -0.575013
0.470182 -0.621008
0.380674 -0.495371
0.418365 -0.758744
0.396306 -0.474410
0.566775 -0.329141
0.479198 -0.613052
0.364129 -0.415175
0.494214 -0.520703
0.451766 -0.606964
0.408091 -0.494108
0.509671 -0.443028
0.385331 -0.521675
0.427798 -0.783571
0.334933 -0.588493
0.416622 -0.580930
0.272999 -0.736742
0.291321 -0.450845
0.384874 -0.678155
0.466698 -0.574263
0.297709 -0.763203
0.241573 -0.675189
0.149143 -0.714199
0.205544 -0.816212
0.387046 -0.580319
0.219443 -0.784629
0.194015 -0.843542
0.142564 -0.727163
0.014395 -0.901682
0.328943 -0.716154
0.194809 -0.777522
0.137971 -0.898481
0.241678 -0.788616
0.132829 -0.812252
0.333387 -0.675884
0.272692 -0.556912
-0.114333 -0.755358
0.059510 -0.665994
0.163980 -0.681087
0.145511 -1.010861
0.006614 -0.935086
0.044107 -0.864038
0.149153 -0.850156
0.191459 -0.736138
0.141615 -0.750989
0.185389 -0.826807
0.261585 -0.803879
0.211627 -0.655707
0.177719 -0.841106
0.034372 -0.962370
0.164393 -0.854084
0.012976 -0.735195