-0.021786 0.860872
0.001733 0.854497
0.031249 0.890212
0.034610 0.875980
0.021251 0.880074
0.044330 0.882578
0.062868 0.896739
0.075219 0.896836
0.072394 0.895435
0.090741 0.918757
0.087510 0.897180
0.113824 0.908511
0.142826 0.932489
0.108736 0.928006
0.129231 0.930278
0.134458 0.934381
0.175025 0.919529
0.158530 0.937107
0.175642 0.947060
0.202470 0.977675
0.213722 0.941352
0.195534 0.953602
0.185383 0.928865
0.224639 0.974697
0.214331 0.964475
0.261135 0.968510
0.249149 0.948374
0.276351 0.969899
0.275241 0.974574
0.299523 0.960170
0.294344 0.986320
0.312088 0.976649
0.326389 0.976088
0.345543 0.976506
0.339162 0.986848
0.342356 0.954720
0.355770 0.996251
0.365658 0.986631
0.389085 0.991659
0.409068 0.989601
0.381282 0.985953
0.410588 1.016546
0.424471 0.983790
0.417507 1.016238
0.423509 1.012556
0.455261 0.994974
0.426209 0.979940
0.449819 1.021953
0.471241 0.992813
0.496660 0.981139
0.481334 1.002379
0.518461 1.015586
0.528762 0.995298
0.518817 0.994928
0.520376 0.998856
0.543094 0.990007
0.548261 1.008412
0.576710 0.980073
0.581120 1.008807
0.588980 0.982014
0.592312 0.961834
0.599695 0.973758
0.617880 1.001574
0.626167 0.970242
0.608774 0.967245
0.661222 0.980517
0.648391 0.983900
0.642176 0.968941
0.690795 0.991208
0.683698 0.944350
0.672330 0.942540
0.727395 0.993423
0.710545 0.977959
0.710522 0.943834
0.721188 0.936749
0.738335 0.943472
0.778460 0.938252
0.766412 0.901550
0.738529 0.924108
0.806384 0.926254
0.817105 0.929367
0.796652 0.923196
0.849693 0.898831
0.816409 0.894448
0.852259 0.886568
0.875828 0.875878
0.869148 0.846520
0.877125 0.857112
0.868904 0.855750
0.888634 0.805822
0.903877 0.847285
0.900735 0.786422
0.915617 0.795544
0.917939 0.759808
0.909966 0.758497
0.930982 0.736855
0.924835 0.728607
0.962229 0.666685
0.980690 0.675316
0.964703 0.638208
0.988914 0.486797
0.974200 0.375483
0.984699 0.327633
0.967396 0.259501
0.973147 0.239066
0.951178 0.202525
0.961264 0.171756
0.939163 0.126420
0.911636 0.125079
0.908352 0.102844
0.884369 0.061943
0.875205 0.053974
0.879240 0.026556
0.881241 0.019540
0.876486 -0.003460
0.839920 -0.023203
0.823590 -0.045061
0.790353 -0.068310
0.831358 -0.094324
0.793390 -0.084192
0.822136 -0.131491
0.797631 -0.151855
0.793808 -0.156384
0.778805 -0.167175
0.739050 -0.181246
0.772416 -0.201402
0.737020 -0.196649
0.717347 -0.217275
0.734925 -0.244942
0.714718 -0.264934
0.689428 -0.253144
0.690339 -0.290524
0.667033 -0.291138
0.647849 -0.312184
0.646949 -0.336395
0.655507 -0.314801
0.626383 -0.324113
0.624126 -0.363824
0.623807 -0.364401
0.605364 -0.362402
0.591484 -0.385986
0.583811 -0.403731
0.582183 -0.409830
0.574364 -0.432325
0.545538 -0.464353
0.558142 -0.452938
0.539554 -0.467241
0.548820 -0.474981
0.514520 -0.483487
0.503829 -0.460306
0.504500 -0.498945
0.490970 -0.529929
0.501180 -0.521398
0.473367 -0.528338
0.446186 -0.525872
0.475454 -0.527947
0.456002 -0.541763
0.435888 -0.567666
0.435358 -0.595038
0.407598 -0.576231
0.410055 -0.569119
0.381062 -0.605560
0.369513 -0.602050
0.354290 -0.610487
0.335427 -0.627368
0.359471 -0.647457
0.347988 -0.655026
0.316071 -0.676051
0.313524 -0.646838
0.293872 -0.666926
0.283964 -0.667303
0.302155 -0.685684
0.257747 -0.698770
0.276974 -0.684656
0.279205 -0.718486
0.265650 -0.716207
0.246925 -0.696315
0.270505 -0.759836
0.214564 -0.736313
0.218256 -0.731990
0.195231 -0.750435
0.188464 -0.760618
0.186904 -0.768463
0.169630 -0.768899
0.181359 -0.753233
0.153989 -0.765623
0.135059 -0.774240
0.126471 -0.778447
0.097215 -0.817849
0.093709 -0.816598
0.098414 -0.818130
0.089359 -0.833744
0.076414 -0.810353
0.049848 -0.843739
0.053289 -0.841636
0.073172 -0.848916
0.045722 -0.839075
0.052499 -0.865545
0.024978 -0.856815
-0.002052 -0.856363