-0.009962 0.875442
0.008086 0.880004
0.022606 0.875063
0.018932 0.873406
0.034461 0.892940
0.058581 0.886504
0.068134 0.892853
0.070566 0.903374
0.087251 0.896549
0.101105 0.912410
0.090088 0.902642
0.104734 0.913285
0.125801 0.925094
0.128515 0.928071
0.142248 0.931063
0.155517 0.920186
0.154358 0.924917
0.159301 0.941610
0.189853 0.949236
0.199660 0.955462
0.189453 0.954373
0.208565 0.940765
0.217651 0.945459
0.220005 0.968737
0.243900 0.967656
0.250869 0.955141
0.264013 0.966921
0.260761 0.974259
0.281232 0.981045
0.292581 0.975548
0.293574 0.977310
0.309518 0.968701
0.315099 0.978335
0.324236 0.981270
0.336252 0.986032
0.344388 0.976960
0.353137 0.977350
0.369100 0.991261
0.388303 0.982491
0.397514 0.999119
0.406361 0.997505
0.415882 0.998046
0.416534 0.987914
0.422111 1.007029
0.443550 0.998799
0.458603 0.993609
0.467379 1.001679
0.475998 0.994627
0.480994 0.995012
0.486235 0.996501
0.504624 1.008926
0.508168 0.994738
0.511783 1.008228
0.540654 0.998658
0.528916 0.995903
0.554276 1.006208
0.565768 1.003657
0.578536 0.996824
0.587244 0.999292
0.584161 0.991762
0.601280 0.993438
0.614176 0.981114
0.618791 0.979463
0.640859 0.997129
0.649865 0.984232
0.643620 0.986666
0.664558 0.978330
0.660839 0.970617
0.677629 0.985720
0.700066 0.967372
0.706876 0.960230
0.702436 0.969466
0.720398 0.960834
0.731865 0.963348
0.737464 0.954274
0.757832 0.952423
0.753882 0.950309
0.761395 0.938045
0.771329 0.921376
0.791414 0.929982
0.801255 0.927799
0.805270 0.919121
0.810439 0.916778
0.838373 0.904005
0.846972 0.886682
0.839407 0.871395
0.863890 0.870720
0.878761 0.858636
0.886835 0.855514
0.891992 0.839008
0.890775 0.821575
0.909126 0.822429
0.929049 0.789121
0.923388 0.793158
0.944359 0.756000
0.952999 0.742420
0.955349 0.715273
0.973696 0.697617
0.975383 0.660864
0.981556 0.623177
0.997706 0.501861
0.990382 0.375971
0.986675 0.308826
0.968284 0.278037
0.969192 0.234676
0.960765 0.205290
0.950681 0.183672
0.918902 0.144126
0.910539 0.118846
0.909156 0.104805
0.891933 0.070630
0.885772 0.049963
0.883195 0.023512
0.871122 0.004789
0.850976 -0.007072
0.852165 -0.041826
0.842483 -0.055157
0.825401 -0.072081
0.827041 -0.085156
0.813075 -0.102479
0.793493 -0.113424
0.797403 -0.135215
0.789774 -0.158192
0.773458 -0.169685
0.755265 -0.187421
0.756084 -0.203956
0.744809 -0.210819
0.726898 -0.218981
0.726658 -0.246399
0.705301 -0.249517
0.692309 -0.263072
0.699771 -0.277419
0.683440 -0.299093
0.675920 -0.314955
0.662619 -0.313151
0.642589 -0.338176
0.637455 -0.339269
0.626723 -0.366897
0.620633 -0.377191
0.609001 -0.378470
0.609255 -0.387028
0.600517 -0.402189
0.581662 -0.420776
0.567936 -0.422635
0.555810 -0.433740
0.556518 -0.445651
0.540103 -0.468645
0.523502 -0.462278
0.516564 -0.476725
0.502844 -0.495549
0.507787 -0.495947
0.490275 -0.503155
0.470549 -0.516701
0.478634 -0.519411
0.457733 -0.531179
0.458675 -0.547698
0.434788 -0.555883
0.438060 -0.565346
0.415635 -0.571727
0.399633 -0.573901
0.396416 -0.584026
0.397421 -0.609287
0.372726 -0.609100
0.371034 -0.620771
0.351324 -0.617223
0.358431 -0.633711
0.338896 -0.650442
0.327592 -0.653510
0.326039 -0.661963
0.305972 -0.663139
0.291346 -0.669688
0.291375 -0.675377
0.270238 -0.700863
0.267984 -0.699463
0.252992 -0.707881
0.241398 -0.704488
0.245726 -0.714251
0.237055 -0.736638
0.213904 -0.737328
0.204365 -0.741172
0.208696 -0.751463
0.193892 -0.752862
0.176107 -0.771719
0.168306 -0.775582
0.169048 -0.765771
0.149370 -0.775208
0.144978 -0.785470
0.139018 -0.804497
0.109700 -0.808369
0.110206 -0.813856
0.100223 -0.819187
0.100241 -0.825953
0.086327 -0.817790
0.070545 -0.836312
0.067812 -0.836029
0.051165 -0.833519
0.043735 -0.847047
0.025595 -0.861445
0.028930 -0.851855
0.003942 -0.871605