-0.011750 0.875934
0.011877 0.861694
0.021407 0.871386
0.022637 0.893012
0.045284 0.893860
0.059503 0.882750
0.062291 0.884858
0.080822 0.890388
0.090170 0.896952
0.100602 0.910788
0.111565 0.903601
0.119168 0.929474
0.121129 0.906593
0.130074 0.935702
0.125756 0.936923
0.155666 0.927677
0.172885 0.942756
0.182965 0.928947
0.168822 0.947390
0.187050 0.943431
0.196116 0.962732
0.213202 0.951284
0.228947 0.945866
0.230038 0.954776
0.252370 0.971610
0.238672 0.954014
0.246783 0.970350
0.267024 0.969388
0.288614 0.968009
0.285690 0.967055
0.300640 0.984158
0.309558 0.979402
0.306375 0.967807
0.318836 0.993903
0.328022 0.986460
0.349889 0.988395
0.351962 0.999857
0.362425 0.979161
0.379236 0.990143
0.378640 0.978690
0.405068 0.994179
0.409058 1.002382
0.422550 1.010102
0.417911 1.003586
0.447210 1.001421
0.448668 0.987642
0.470084 1.010382
0.483706 0.997785
0.466439 0.989970
0.484598 0.997235
0.505093 1.009600
0.517465 0.999895
0.533954 1.002320
0.517122 1.005687
0.526114 1.003268
0.553555 0.996748
0.568915 0.987106
0.556830 0.989369
0.587762 0.998425
0.593710 1.004383
0.604190 0.993576
0.612566 0.987410
0.625233 0.997055
0.630572 0.985056
0.639493 0.983142
0.639495 0.990037
0.654951 0.967133
0.670378 0.990747
0.691291 0.978700
0.693795 0.976684
0.707178 0.966499
0.696325 0.951174
0.711947 0.956389
0.735725 0.946628
0.752564 0.938986
0.752602 0.939474
0.759341 0.934946
0.756115 0.938062
0.784030 0.943964
0.797940 0.915372
0.794033 0.916187
0.810941 0.918761
0.821634 0.897879
0.823525 0.895720
0.846678 0.880807
0.856679 0.877241
0.853130 0.859021
0.859780 0.850508
0.868577 0.860868
0.903196 0.845973
0.904255 0.829488
0.912680 0.811299
0.930066 0.813690
0.941156 0.777961
0.925999 0.767133
0.960411 0.748725
0.946785 0.721745
0.976494 0.692182
0.988654 0.650035
0.994048 0.630717
1.007308 0.501937
0.979828 0.361044
0.987711 0.320496
0.984226 0.274982
0.956280 0.237039
0.947011 0.195938
0.949039 0.181219
0.921577 0.153822
0.914969 0.134376
0.924274 0.104220
0.910729 0.084579
0.889682 0.037663
0.885331 0.017014
0.873267 0.001819
0.852779 -0.015491
0.841772 -0.039216
0.841188 -0.040193
0.818574 -0.066560
0.830282 -0.079056
0.804420 -0.095213
0.803080 -0.112929
0.802978 -0.147101
0.765941 -0.142221
0.765263 -0.170901
0.752818 -0.172756
0.753024 -0.192687
0.742800 -0.210206
0.732459 -0.213541
0.726171 -0.236245
0.710635 -0.249971
0.686115 -0.277987
0.686683 -0.292040
0.666822 -0.302506
0.661082 -0.295488
0.665361 -0.313565
0.655715 -0.339345
0.651979 -0.355008
0.616054 -0.360449
0.627265 -0.379140
0.621526 -0.372046
0.610180 -0.406449
0.603959 -0.411183
0.586085 -0.410368
0.580748 -0.424887
0.567147 -0.451722
0.562299 -0.457252
0.535961 -0.458149
0.523224 -0.475928
0.524997 -0.490952
0.496703 -0.478990
0.503769 -0.508217
0.482957 -0.498162
0.469581 -0.515852
0.473990 -0.534493
0.467833 -0.543757
0.456921 -0.538800
0.436318 -0.553293
0.444036 -0.559801
0.425611 -0.566393
0.411710 -0.581185
0.413953 -0.600145
0.399628 -0.615679
0.385940 -0.612228
0.375725 -0.610527
0.366171 -0.640022
0.349091 -0.641383
0.333726 -0.652484
0.336352 -0.653720
0.328054 -0.648123
0.302802 -0.678994
0.292044 -0.689191
0.297833 -0.677700
0.289234 -0.682404
0.283487 -0.694204
0.246678 -0.713838
0.241013 -0.708109
0.253354 -0.730086
0.233977 -0.729435
0.216437 -0.722140
0.199316 -0.729469
0.192204 -0.734970
0.203389 -0.743313
0.186520 -0.755508
0.161749 -0.771356
0.173370 -0.784143
0.162246 -0.774841
0.129167 -0.774154
0.132246 -0.792063
0.119619 -0.802788
0.109662 -0.805150
0.107806 -0.816896
0.101543 -0.826663
0.074122 -0.822415
0.060006 -0.814841
0.061245 -0.848522
0.042292 -0.838843
0.042571 -0.833635
0.016562 -0.846470
0.008406 -0.859648
0.009687 -0.856659