-0.014865 0.865911
0.026810 0.855639
0.039359 0.875379
0.041864 0.878914
0.030972 0.864037
0.052774 0.871160
0.084226 0.888062
0.082135 0.921237
0.073710 0.883429
0.071300 0.925289
0.079806 0.920009
0.134405 0.939782
0.095046 0.904464
0.145724 0.912295
0.135816 0.948549
0.127842 0.955133
0.172461 0.936630
0.185456 0.944316
0.171405 0.966108
0.192870 0.946813
0.222185 0.962402
0.227983 0.966235
0.233815 0.971845
0.213904 0.935537
0.238477 0.946494
0.227960 0.960959
0.264509 0.947082
0.281470 0.968717
0.300776 0.972782
0.306630 0.964425
0.300631 0.981234
0.300888 0.965928
0.299948 1.000959
0.333140 0.974523
0.324451 1.004230
0.351795 0.980623
0.335688 1.012036
0.389295 0.978482
0.385703 0.981148
0.390195 1.004150
0.393147 1.005047
0.387192 0.987368
0.430262 0.978294
0.454525 1.018879
0.438607 0.992917
0.443907 0.986441
0.438083 0.991684
0.457261 1.006411
0.489325 0.989156
0.505324 1.005992
0.478276 0.991230
0.519362 1.000346
0.535002 0.989650
0.514066 1.008179
0.533701 0.987532
0.570572 0.973735
0.540658 1.017120
0.559974 0.982491
0.587952 0.989767
0.587873 0.985820
0.614546 0.986740
0.606976 0.991894
0.629049 0.971977
0.624776 0.986403
0.648832 0.984138
0.674228 1.000940
0.640392 0.982144
0.672823 0.996098
0.681510 0.994554
0.671694 0.956208
0.705219 0.984170
0.706883 0.959140
0.728519 0.943543
0.708274 0.943151
0.715730 0.948670
0.769302 0.948518
0.735175 0.933249
0.767569 0.940758
0.788320 0.949646
0.783578 0.944792
0.817015 0.900754
0.792958 0.932047
0.813308 0.911293
0.830147 0.922397
0.846714 0.898900
0.837210 0.888103
0.849184 0.858385
0.882377 0.859553
0.865871 0.859745
0.902700 0.824066
0.896946 0.804754
0.892213 0.791542
0.912806 0.791311
0.914740 0.765938
0.924013 0.786738
0.937351 0.765141
0.940169 0.735463
0.971382 0.707106
0.971158 0.664814
1.000701 0.606208
0.999273 0.504176
0.970048 0.365808
0.977211 0.322718
0.949302 0.268985
0.943914 0.250102
0.933664 0.190552
0.963344 0.190937
0.927576 0.156340
0.923381 0.126675
0.885889 0.119679
0.900743 0.088280
0.892491 0.030917
0.872758 0.044856
0.868247 0.015077
0.867667 -0.020747
0.844681 -0.056060
0.818128 -0.041114
0.833719 -0.084098
0.810877 -0.085201
0.787221 -0.109086
0.803700 -0.103991
0.780687 -0.118756
0.777546 -0.159575
0.780111 -0.176117
0.775413 -0.192521
0.755821 -0.191165
0.756723 -0.216159
0.742976 -0.213682
0.734023 -0.251206
0.701349 -0.278145
0.688748 -0.288112
0.685073 -0.283935
0.698912 -0.287295
0.678769 -0.315563
0.661550 -0.313077
0.635181 -0.327673
0.623360 -0.333231
0.653543 -0.362322
0.617085 -0.353778
0.600411 -0.384771
0.621991 -0.411994
0.592443 -0.380149
0.590859 -0.427099
0.580180 -0.429656
0.560852 -0.460367
0.573722 -0.425296
0.523764 -0.438302
0.551098 -0.487623
0.519429 -0.457620
0.488137 -0.495165
0.496912 -0.501040
0.490424 -0.532866
0.492934 -0.543600
0.471798 -0.541125
0.454155 -0.553924
0.459281 -0.538440
0.429971 -0.579823
0.406612 -0.564666
0.411459 -0.588118
0.434943 -0.560045
0.402601 -0.611758
0.410880 -0.603787
0.368625 -0.610023
0.374697 -0.597699
0.354532 -0.647000
0.344710 -0.636640
0.335413 -0.633896
0.338019 -0.665858
0.323487 -0.677438
0.288550 -0.669694
0.312177 -0.693171
0.274954 -0.701348
0.269997 -0.687890
0.274048 -0.700364
0.259359 -0.724643
0.226209 -0.689433
0.258043 -0.742320
0.205744 -0.746356
0.196686 -0.757866
0.223577 -0.739714
0.207324 -0.762950
0.203584 -0.779371
0.182729 -0.748443
0.162618 -0.773128
0.159017 -0.752164
0.134023 -0.771630
0.127221 -0.798599
0.136493 -0.789222
0.099996 -0.779145
0.120400 -0.808765
0.089138 -0.825432
0.090497 -0.797589
0.081985 -0.802239
0.085104 -0.824193
0.053792 -0.832292
0.043186 -0.836984
0.056110 -0.847229
0.014789 -0.839633
0.023374 -0.849136
-0.014263 -0.843896