-0.012677 0.839409
0.025772 0.879568
0.011349 0.899750
0.022044 0.887221
0.045918 0.892688
0.047605 0.913561
0.068313 0.882404
0.074219 0.915093
0.050667 0.912659
0.070567 0.912139
0.112001 0.919131
0.086386 0.907786
0.125466 0.935734
0.133312 0.914105
0.129368 0.900198
0.120817 0.939397
0.128570 0.930281
0.163299 0.968993
0.206616 0.943106
0.175451 0.961051
0.200393 0.946587
0.214421 0.955760
0.201809 0.961064
0.247633 0.958275
0.249249 0.973955
0.278038 0.966900
0.283022 0.942449
0.268643 0.979208
0.296153 0.974832
0.286663 0.979980
0.323506 0.975728
0.304433 0.966674
0.318805 0.993547
0.314099 0.979072
0.328376 0.995722
0.359708 1.008718
0.369356 0.967748
0.364577 0.975896
0.369497 0.988235
0.386380 1.011990
0.396944 0.983794
0.400394 1.016309
0.406508 0.985011
0.396984 0.986796
0.454870 1.001677
0.429495 1.010744
0.442522 0.994861
0.458788 1.001724
0.474877 1.000476
0.505633 0.988829
0.499837 0.986024
0.500781 1.008096
0.483915 1.008882
0.543275 0.987577
0.559678 1.005779
0.529014 0.991217
0.539019 1.014558
0.554625 0.992403
0.553316 1.023087
0.609022 1.005847
0.599756 0.984331
0.602911 0.993481
0.616467 1.002981
0.643280 0.966915
0.648340 0.960873
0.690828 0.970409
0.665490 0.992720
0.670795 0.941878
0.681565 1.010825
0.700007 0.981722
0.705467 0.981482
0.705239 0.988912
0.738712 0.965588
0.751230 0.938928
0.764772 0.936507
0.734801 0.940218
0.768515 0.959705
0.748154 0.937437
0.780335 0.926827
0.816139 0.919472
0.806731 0.924546
0.808733 0.941797
0.784364 0.913260
0.833260 0.871314
0.813428 0.906247
0.816402 0.880593
0.860042 0.846653
0.884755 0.870361
0.870450 0.846110
0.901128 0.850600
0.931526 0.832669
0.908899 0.802958
0.919668 0.802430
0.907843 0.748656
0.907808 0.745404
0.977956 0.730251
0.949871 0.706555
0.959114 0.711048
0.977193 0.658733
0.965783 0.630135
1.003388 0.475141
1.001330 0.369578
0.974388 0.328374
0.949685 0.273916
0.937409 0.205583
0.947614 0.204869
0.922275 0.186314
0.905665 0.170075
0.947959 0.102251
0.912588 0.079972
0.881323 0.068940
0.883846 0.076420
0.875130 0.001398
0.879320 0.009618
0.878360 0.018112
0.894858 -0.047802
0.839913 -0.037964
0.817366 -0.069736
0.840044 -0.096704
0.776210 -0.096540
0.790643 -0.125883
0.789138 -0.139014
0.759000 -0.147808
0.795963 -0.156735
0.748095 -0.190990
0.758058 -0.199110
0.746891 -0.176018
0.762435 -0.233822
0.710350 -0.267497
0.722945 -0.250221
0.718404 -0.285932
0.693404 -0.299728
0.673751 -0.257527
0.641903 -0.326541
0.644571 -0.325863
0.635617 -0.323080
0.638835 -0.362888
0.628771 -0.373808
0.629737 -0.378071
0.579947 -0.383200
0.591013 -0.379982
0.605114 -0.392468
0.575914 -0.413995
0.582298 -0.437403
0.576001 -0.443660
0.544781 -0.419455
0.562129 -0.469560
0.522736 -0.503530
0.507912 -0.496696
0.502520 -0.490413
0.480730 -0.503611
0.483975 -0.529278
0.493435 -0.552202
0.451699 -0.526530
0.457473 -0.520298
0.445594 -0.548838
0.410013 -0.545219
0.430706 -0.565924
0.449019 -0.601393
0.412653 -0.557438
0.431359 -0.585872
0.396664 -0.601925
0.367455 -0.609529
0.387855 -0.633716
0.395365 -0.632968
0.369520 -0.621361
0.356429 -0.630474
0.293979 -0.678073
0.346588 -0.668088
0.322829 -0.663599
0.312210 -0.709073
0.294221 -0.670324
0.277161 -0.696231
0.273027 -0.678106
0.242740 -0.719077
0.219096 -0.708032
0.227244 -0.691700
0.231125 -0.736816
0.207903 -0.745262
0.223068 -0.738414
0.223138 -0.742401
0.186734 -0.773313
0.185451 -0.776277
0.163596 -0.768263
0.177986 -0.806270
0.119919 -0.781857
0.129763 -0.792899
0.131904 -0.798804
0.125843 -0.784493
0.119626 -0.781485
0.078823 -0.798707
0.071680 -0.831360
0.073478 -0.805343
0.070884 -0.821051
0.056859 -0.820917
0.051551 -0.823660
0.041639 -0.819277
0.041161 -0.870221
0.026453 -0.868547
0.001920 -0.852323