-0.007232 0.862535
0.015863 0.859968
0.016833 0.896028
0.030240 0.872413
0.029815 0.876654
0.050977 0.892687
0.060680 0.907653
0.075204 0.897295
0.082713 0.899758
0.096257 0.910730
0.107733 0.930359
0.113543 0.944243
0.111836 0.915310
0.135443 0.938416
0.143812 0.939271
0.143148 0.918686
0.155881 0.928372
0.175607 0.918510
0.171796 0.938579
0.177513 0.948644
0.209614 0.948509
0.206912 0.954935
0.247027 0.952361
0.235105 0.948949
0.228776 0.935380
0.254616 0.976131
0.265337 0.970132
0.265361 0.964377
0.277570 0.985466
0.298035 0.978983
0.300312 0.978477
0.322697 0.981408
0.321171 0.978764
0.313738 0.978330
0.335191 0.969499
0.362364 0.978462
0.359198 0.991489
0.354422 0.994840
0.367920 0.977719
0.410065 0.994685
0.392169 0.996432
0.439325 1.001354
0.417250 0.985852
0.425249 1.004768
0.455775 0.992853
0.448847 0.989937
0.477173 1.019403
0.474433 0.996010
0.466599 1.001185
0.494805 1.017603
0.494480 1.021911
0.513359 1.006090
0.518331 0.979767
0.518780 1.003521
0.538978 1.007153
0.551332 0.990465
0.560014 1.005636
0.562561 1.013739
0.573821 0.975417
0.607181 0.970935
0.591406 1.009939
0.605737 1.011398
0.623476 0.986725
0.627476 0.974808
0.658262 0.993281
0.631794 0.963942
0.648023 0.976661
0.671356 0.997913
0.677539 0.973463
0.677349 0.965450
0.722195 0.980281
0.706477 0.994466
0.711970 0.955147
0.733358 0.962604
0.752793 0.965214
0.758171 0.938237
0.748277 0.946203
0.773588 0.942393
0.779182 0.934149
0.787518 0.914157
0.805027 0.918917
0.813956 0.928282
0.823813 0.892293
0.838614 0.896476
0.838130 0.883598
0.863113 0.856902
0.860535 0.868602
0.869903 0.868739
0.858787 0.829460
0.886145 0.846786
0.905876 0.817418
0.925044 0.809482
0.913572 0.799195
0.913719 0.773912
0.932161 0.756252
0.971773 0.759919
0.983760 0.710378
0.970048 0.686264
0.987683 0.648666
0.990644 0.612603
0.986947 0.479145
0.997889 0.382532
0.988062 0.331429
0.971333 0.282603
0.979089 0.238759
0.956119 0.191366
0.940898 0.175742
0.927882 0.147474
0.904061 0.133032
0.904971 0.089850
0.910335 0.078101
0.902034 0.064119
0.865721 0.017263
0.859452 0.004458
0.877781 -0.015229
0.855447 -0.019565
0.834326 -0.055023
0.836983 -0.062607
0.811042 -0.090624
0.817116 -0.105209
0.801538 -0.121390
0.795827 -0.125094
0.777589 -0.169556
0.781508 -0.171584
0.754509 -0.172280
0.776632 -0.181281
0.722474 -0.225932
0.715682 -0.227845
0.730800 -0.250396
0.712324 -0.267290
0.688777 -0.261599
0.691016 -0.296633
0.691491 -0.292748
0.668922 -0.308490
0.653980 -0.327547
0.644527 -0.343431
0.639853 -0.330824
0.620716 -0.343305
0.637034 -0.358438
0.619975 -0.400571
0.592045 -0.385518
0.582492 -0.401404
0.593874 -0.424738
0.581086 -0.423164
0.570417 -0.447634
0.543406 -0.426821
0.534852 -0.468727
0.518805 -0.445174
0.533355 -0.485351
0.504854 -0.505332
0.506907 -0.510262
0.472324 -0.510631
0.489604 -0.519535
0.477547 -0.508140
0.462785 -0.555041
0.449604 -0.541909
0.436868 -0.547612
0.409069 -0.564211
0.403602 -0.583116
0.409625 -0.600947
0.408722 -0.590295
0.401756 -0.619831
0.376421 -0.601390
0.359461 -0.615241
0.369062 -0.629326
0.367763 -0.634542
0.290899 -0.671157
0.336650 -0.646480
0.304324 -0.665738
0.323351 -0.671002
0.309701 -0.675766
0.314560 -0.664933
0.307302 -0.663202
0.268227 -0.701436
0.243553 -0.707703
0.256376 -0.722453
0.237418 -0.730174
0.216002 -0.724421
0.234649 -0.756185
0.204241 -0.728499
0.184992 -0.755105
0.191446 -0.747370
0.180395 -0.767362
0.154493 -0.768179
0.162015 -0.761899
0.151057 -0.793991
0.146482 -0.781262
0.114318 -0.796832
0.119401 -0.797388
0.098942 -0.816924
0.103056 -0.806581
0.080219 -0.816510
0.075684 -0.808873
0.074400 -0.832081
0.075105 -0.838648
0.067990 -0.838808
0.038904 -0.846362
0.031991 -0.835712
0.001244 -0.861774
-0.010833 -0.890698