-0.006239 0.868548
-0.008627 0.831260
0.031110 0.878954
0.008894 0.861496
0.032713 0.895356
0.040551 0.861105
0.072343 0.923990
0.078054 0.862179
0.090139 0.879406
0.062502 0.891034
0.079106 0.919344
0.166451 0.904710
0.126454 0.934093
0.111902 0.930018
0.119323 0.927493
0.131287 0.952230
0.160286 0.936758
0.172633 0.918722
0.157309 0.944619
0.158793 0.943427
0.176140 0.918774
0.217311 0.967600
0.188595 0.985073
0.232299 0.949389
0.191129 0.967723
0.202798 0.977266
0.282168 0.950599
0.269975 0.979651
0.288337 0.976599
0.264453 0.957874
0.288470 0.977787
0.279039 0.958010
0.340893 0.957506
0.345771 0.947207
0.331766 1.007076
0.329298 0.944282
0.337616 0.996065
0.324708 1.005659
0.419375 1.004768
0.406976 1.022873
0.426798 0.995266
0.436248 0.975854
0.442248 0.983722
0.429121 0.968369
0.466375 0.961918
0.425259 0.998899
0.445453 0.980610
0.460199 0.990033
0.446772 0.994490
0.440390 0.992003
0.485780 0.961522
0.514374 1.009242
0.568821 1.005378
0.507508 0.998117
0.532902 1.021657
0.570263 0.999671
0.569312 0.981580
0.576469 0.994541
0.583908 0.994457
0.631233 1.002659
0.585935 0.994601
0.633405 1.019877
0.609924 0.998089
0.637823 1.010604
0.646841 0.988700
0.615394 1.002406
0.669314 1.003446
0.641973 0.947101
0.659480 0.939790
0.703991 0.985813
0.704550 0.955264
0.734911 0.943139
0.704662 0.945182
0.709479 0.936349
0.761469 0.956011
0.750208 0.931098
0.722227 0.915743
0.747207 0.909251
0.742248 0.921971
0.807374 0.938247
0.818808 0.918980
0.839444 0.921226
0.822598 0.899406
0.826913 0.874477
0.828964 0.899349
0.834221 0.879333
0.871111 0.884093
0.882682 0.882241
0.926202 0.872515
0.910295 0.858972
0.901670 0.809094
0.933722 0.827843
0.908263 0.757463
0.920235 0.813135
0.950742 0.776331
0.974865 0.733763
0.954856 0.765182
0.961175 0.681395
0.960359 0.664092
0.993519 0.599273
0.986850 0.521714
0.981629 0.348993
1.007985 0.321644
0.966768 0.285632
0.964099 0.231712
0.941730 0.194494
0.994098 0.208072
0.928883 0.140255
0.911435 0.122584
0.889979 0.128471
0.912994 0.115748
0.916151 -0.004911
0.900909 0.042230
0.872754 0.017206
0.850171 -0.028960
0.813917 -0.028012
0.808652 -0.054076
0.824094 -0.044758
0.843065 -0.054396
0.800194 -0.104792
0.795644 -0.128300
0.804052 -0.158934
0.746093 -0.132315
0.770697 -0.175922
0.760465 -0.197574
0.759783 -0.217967
0.768190 -0.196488
0.713180 -0.189748
0.715347 -0.234456
0.713197 -0.231179
0.697994 -0.297265
0.699409 -0.282726
0.679247 -0.279368
0.688259 -0.327380
0.622364 -0.305330
0.639640 -0.317379
0.605947 -0.352876
0.645264 -0.361469
0.625944 -0.401422
0.629836 -0.353841
0.606367 -0.402668
0.575286 -0.413858
0.561855 -0.380835
0.582860 -0.462848
0.557381 -0.430750
0.553875 -0.414172
0.534061 -0.470712
0.507291 -0.469969
0.542497 -0.500824
0.507138 -0.471735
0.460347 -0.552499
0.483954 -0.512371
0.468700 -0.549049
0.480302 -0.527019
0.484001 -0.562583
0.449059 -0.564222
0.461932 -0.518917
0.401236 -0.578791
0.432357 -0.607776
0.380165 -0.580622
0.387628 -0.637527
0.398642 -0.591193
0.338638 -0.568757
0.387015 -0.615910
0.389743 -0.640892
0.381260 -0.609335
0.353706 -0.639121
0.361343 -0.666564
0.298587 -0.637141
0.319785 -0.653799
0.317231 -0.662784
0.292034 -0.700095
0.286920 -0.677838
0.221759 -0.683210
0.275082 -0.741378
0.250787 -0.720498
0.265659 -0.715135
0.241819 -0.750815
0.220798 -0.708065
0.198285 -0.787172
0.197079 -0.764486
0.193425 -0.784409
0.199029 -0.779932
0.137764 -0.767403
0.166577 -0.787068
0.188148 -0.817744
0.135026 -0.777889
0.155212 -0.807408
0.168023 -0.836083
0.101679 -0.820098
0.106687 -0.821520
0.091515 -0.788640
0.079813 -0.820598
0.076077 -0.837447
0.066142 -0.827969
0.081042 -0.832351
0.079221 -0.869479
0.059803 -0.852515
0.037778 -0.843619
0.026921 -0.886898