-0.030225 0.879628
-0.004693 0.895274
0.034648 0.887910
0.021006 0.865426
0.033961 0.852761
0.048040 0.887608
0.050846 0.895342
0.095363 0.928758
0.049908 0.891680
0.116718 0.888026
0.078633 0.891250
0.128848 0.943928
0.091679 0.923797
0.121018 0.924249
0.167470 0.898547
0.133753 0.920709
0.131262 0.919699
0.197592 0.914879
0.190881 0.914534
0.164504 0.975436
0.166875 0.974348
0.180558 0.980287
0.208446 0.945194
0.231646 0.982352
0.241531 0.948929
0.227392 0.935759
0.259675 0.939009
0.278390 0.992977
0.250860 0.949771
0.298727 0.970316
0.293125 0.976779
0.328619 0.991043
0.306418 1.011347
0.308934 1.008102
0.327549 1.008536
0.362110 0.998016
0.329571 1.019429
0.349699 0.965863
0.374634 0.976602
0.408302 0.985101
0.430229 0.988069
0.396941 0.970286
0.430030 1.006534
0.422274 0.970914
0.423458 1.008609
0.457248 1.009918
0.481445 0.994115
0.476668 0.993380
0.450579 1.028766
0.474849 0.981939
0.523099 1.002210
0.489753 1.026784
0.543352 0.994137
0.561714 0.968188
0.543245 0.987028
0.529036 0.981331
0.586027 1.024019
0.543658 0.988790
0.556855 0.980081
0.599138 1.010849
0.629120 1.000561
0.603059 0.979748
0.632302 0.987401
0.644478 0.966624
0.607611 1.018424
0.666472 0.973273
0.631779 1.001021
0.680379 0.967090
0.678230 0.997024
0.667104 0.985405
0.682764 1.001197
0.736742 0.992583
0.724477 0.989918
0.737906 0.961060
0.720653 0.934310
0.767711 0.919242
0.781052 0.919023
0.774758 0.931637
0.810075 0.948655
0.786571 0.911353
0.788067 0.924244
0.832880 0.892889
0.812390 0.880034
0.823521 0.890892
0.868869 0.875316
0.867815 0.851025
0.874903 0.859889
0.873397 0.879846
0.895566 0.841844
0.857124 0.865976
0.874164 0.801608
0.915217 0.780782
0.919662 0.766722
0.945792 0.767704
0.911362 0.734406
0.960061 0.747987
0.932588 0.693782
0.957381 0.677598
0.955511 0.641437
0.991762 0.606033
0.991807 0.467121
1.005295 0.358687
0.984460 0.285641
0.975731 0.302192
0.956234 0.210606
0.977656 0.236817
0.918395 0.186082
0.918231 0.162421
0.925760 0.095633
0.936528 0.070379
0.882580 0.060375
0.869018 0.033236
0.858076 -0.004251
0.853593 0.010847
0.837295 -0.035948
0.858561 -0.024516
0.823440 -0.031973
0.815387 -0.046351
0.819927 -0.111532
0.795921 -0.085726
0.819515 -0.114196
0.793767 -0.123946
0.769262 -0.143378
0.767526 -0.193137
0.764863 -0.207108
0.745792 -0.179089
0.735186 -0.189895
0.696719 -0.210890
0.690304 -0.217659
0.705927 -0.249205
0.704060 -0.275727
0.667208 -0.281638
0.660027 -0.284376
0.652607 -0.302135
0.634578 -0.342832
0.669111 -0.304771
0.613303 -0.332510
0.644384 -0.333749
0.632149 -0.376248
0.588006 -0.372523
0.568481 -0.413343
0.588356 -0.391661
0.584152 -0.430803
0.567859 -0.454687
0.583577 -0.422757
0.551957 -0.427258
0.528084 -0.473384
0.511461 -0.477787
0.495667 -0.507536
0.531080 -0.470506
0.486243 -0.484342
0.476962 -0.543160
0.491802 -0.528077
0.458502 -0.521720
0.443321 -0.542449
0.442508 -0.523629
0.466152 -0.544972
0.442172 -0.591504
0.418327 -0.544115
0.434811 -0.576200
0.393366 -0.614322
0.418852 -0.601761
0.358311 -0.623446
0.347644 -0.651912
0.348980 -0.617695
0.334737 -0.659591
0.362754 -0.647513
0.351131 -0.642809
0.297437 -0.652911
0.322323 -0.657525
0.322166 -0.682140
0.305085 -0.659284
0.297441 -0.679011
0.277426 -0.693872
0.290157 -0.738278
0.243180 -0.732872
0.256405 -0.706111
0.234714 -0.713255
0.226498 -0.759113
0.227775 -0.752774
0.182414 -0.741369
0.198702 -0.779731
0.181542 -0.768730
0.178034 -0.757618
0.160137 -0.767639
0.118892 -0.805426
0.136408 -0.819320
0.117207 -0.761518
0.093326 -0.796123
0.115851 -0.774776
0.069524 -0.799615
0.072751 -0.807514
0.088339 -0.833042
0.041262 -0.830054
0.088761 -0.858278
0.044124 -0.820424
0.008947 -0.832693
0.000211 -0.827273
0.029058 -0.843663
0.030742 -0.833723