0.010303 0.855593
0.017662 0.878733
0.039381 0.870769
0.024921 0.874410
0.056430 0.889067
0.046646 0.871968
0.043856 0.910349
0.074980 0.908930
0.095607 0.910938
0.094321 0.899533
0.085403 0.931237
0.100245 0.914048
0.133908 0.929215
0.144457 0.919248
0.150309 0.929624
0.169193 0.937878
0.151561 0.932673
0.163772 0.933769
0.162513 0.943538
0.177162 0.963497
0.204252 0.930236
0.227292 0.970761
0.222517 0.944509
0.232334 0.944719
0.236671 0.952472
0.234781 0.960882
0.252913 0.952091
0.264968 0.987798
0.295891 0.971373
0.298234 0.975756
0.314454 0.960246
0.319684 0.992207
0.335841 0.976989
0.320161 0.980638
0.343295 0.998103
0.367772 0.967698
0.362604 0.988236
0.365449 0.998775
0.390559 0.975206
0.380522 0.999968
0.393049 0.988683
0.425551 0.999483
0.409172 1.000411
0.429658 1.007155
0.443059 0.989512
0.453069 0.999553
0.447969 0.999914
0.460928 1.011542
0.481203 0.985897
0.480619 1.004820
0.502134 0.995638
0.491711 1.014022
0.532460 0.982600
0.542083 0.980085
0.532694 0.991135
0.565381 0.989940
0.546042 1.007810
0.587609 1.001110
0.599960 0.981188
0.570382 0.982026
0.592197 0.999437
0.615222 0.999606
0.614005 0.992782
0.624334 0.983816
0.643613 1.002097
0.658603 1.002246
0.652451 0.961698
0.662191 0.970452
0.688995 0.973758
0.675017 0.974001
0.692976 0.979182
0.701424 0.965112
0.729494 0.961839
0.733608 0.937029
0.755380 0.937603
0.744905 0.954153
0.756522 0.926059
0.760904 0.921969
0.770902 0.951171
0.799777 0.927388
0.817225 0.926189
0.799370 0.925939
0.813338 0.922837
0.848384 0.905989
0.847595 0.873314
0.847087 0.864589
0.865708 0.865674
0.852467 0.859760
0.868981 0.842992
0.903459 0.850763
0.895277 0.821728
0.927316 0.811530
0.926868 0.784065
0.949213 0.796893
0.942265 0.785078
0.959749 0.730340
0.979210 0.733736
0.951838 0.689402
0.984597 0.673730
1.001239 0.613314
0.998928 0.519268
0.975001 0.385137
0.962895 0.324511
0.969052 0.290581
0.961140 0.257479
0.934736 0.218442
0.933730 0.185055
0.946853 0.164090
0.916027 0.102976
0.923068 0.084673
0.894098 0.055687
0.888321 0.047074
0.889049 0.038268
0.870591 -0.010672
0.860401 -0.027732
0.846476 -0.014531
0.841998 -0.033284
0.810808 -0.049072
0.807168 -0.100547
0.819719 -0.096265
0.785996 -0.103806
0.785306 -0.132805
0.799957 -0.141556
0.762408 -0.170349
0.745233 -0.194742
0.757143 -0.182897
0.735468 -0.229402
0.729938 -0.226716
0.739849 -0.235403
0.714662 -0.254333
0.698341 -0.286439
0.681992 -0.274191
0.693171 -0.304352
0.670952 -0.290333
0.668734 -0.315480
0.632171 -0.345452
0.631653 -0.340275
0.634762 -0.364944
0.610517 -0.362301
0.611139 -0.390637
0.605414 -0.392494
0.600125 -0.414011
0.562141 -0.420654
0.571605 -0.427672
0.557857 -0.432522
0.545156 -0.456200
0.531943 -0.440554
0.523163 -0.481792
0.517712 -0.476088
0.500865 -0.492350
0.510267 -0.500211
0.488053 -0.514160
0.498671 -0.536115
0.473173 -0.547905
0.458433 -0.548764
0.469226 -0.566642
0.424530 -0.562146
0.442509 -0.573886
0.439855 -0.575346
0.405662 -0.596300
0.386780 -0.576252
0.383065 -0.607126
0.393106 -0.605773
0.376565 -0.620254
0.378268 -0.621530
0.347751 -0.656055
0.326755 -0.630365
0.327518 -0.632830
0.319070 -0.666466
0.308012 -0.676187
0.319738 -0.663942
0.297540 -0.690890
0.291936 -0.698592
0.278287 -0.683503
0.264178 -0.714687
0.259624 -0.695651
0.255712 -0.704073
0.221779 -0.736897
0.200699 -0.723317
0.223108 -0.736912
0.214727 -0.765341
0.176022 -0.769081
0.177046 -0.767402
0.169538 -0.773395
0.158349 -0.777567
0.169609 -0.786703
0.155694 -0.789391
0.137191 -0.781434
0.134580 -0.785141
0.100022 -0.815927
0.106710 -0.815909
0.080805 -0.834051
0.085089 -0.841050
0.067906 -0.831227
0.076163 -0.841926
0.047062 -0.828963
0.037871 -0.839274
0.043516 -0.836055
0.029797 -0.864105
0.010561 -0.852516