-0.027685 0.879479
0.010815 0.899826
-0.024609 0.869558
0.003140 0.843845
-0.007464 0.836493
0.084893 0.882670
0.084218 0.856397
0.023326 0.860211
0.096185 0.924615
0.123050 0.920455
0.081905 0.888597
0.143052 0.957002
0.070592 0.926434
0.132916 0.888699
0.111429 0.900036
0.194505 0.911092
0.112434 0.962810
0.152267 0.944260
0.170887 0.945916
0.148951 0.897611
0.223613 0.962949
0.248147 0.993820
0.178701 0.985152
0.211574 0.942881
0.285474 0.978204
0.233682 0.949565
0.251608 0.938713
0.230082 0.974915
0.310367 1.013717
0.240582 0.980659
0.305660 1.008358
0.266082 0.993088
0.299169 1.028605
0.379001 0.942738
0.317272 0.951492
0.397069 1.028564
0.393868 0.978607
0.355621 1.011645
0.396086 1.039137
0.431951 0.975132
0.412424 1.030352
0.372451 1.024019
0.400942 1.006366
0.420812 0.986577
0.437508 1.008362
0.430097 0.974687
0.464937 0.999967
0.459640 1.044788
0.465181 1.029280
0.474182 0.998595
0.549973 1.036397
0.464164 1.031664
0.478551 0.977986
0.578486 1.015652
0.564685 1.010343
0.548133 1.048255
0.575736 0.954234
0.618083 1.021447
0.577341 0.969663
0.575082 1.037912
0.646276 1.016117
0.582533 0.984033
0.630411 1.034255
0.678546 1.021760
0.666944 0.977988
0.643360 0.937256
0.669063 0.989129
0.705772 0.929094
0.713464 0.999792
0.710715 1.018570
0.672788 1.012934
0.691524 1.008215
0.679183 0.915573
0.729258 0.973797
0.703092 0.993217
0.795986 0.976846
0.748387 0.956508
0.777483 0.891047
0.763670 0.912080
0.764584 0.897536
0.848906 0.928508
0.839316 0.867522
0.787773 0.899159
0.807648 0.946647
0.804176 0.876123
0.808444 0.843825
0.812608 0.828005
0.903826 0.832607
0.911133 0.846277
0.867583 0.803679
0.876744 0.838143
0.957569 0.793912
0.873369 0.772918
0.886241 0.754685
0.953395 0.793121
0.960564 0.732302
0.992497 0.712455
0.979170 0.739746
0.938654 0.621734
0.998423 0.567612
1.048231 0.549557
0.990964 0.370049
0.996839 0.276683
0.967319 0.267101
0.944118 0.194319
0.998935 0.236039
0.909343 0.165382
0.895574 0.149668
0.892806 0.145711
0.926411 0.123080
0.945294 0.027862
0.842645 0.028944
0.847440 0.044860
0.849414 0.014845
0.813488 -0.041688
0.867595 -0.041496
0.841340 -0.030734
0.834265 -0.037006
0.862322 -0.083419
0.838175 -0.131104
0.773562 -0.117125
0.818281 -0.099165
0.802058 -0.114751
0.763955 -0.202690
0.789463 -0.146635
0.752514 -0.238099
0.712697 -0.260399
0.688952 -0.275745
0.679251 -0.252150
0.721715 -0.208705
0.724968 -0.275573
0.695497 -0.326330
0.640933 -0.333343
0.635534 -0.308481
0.612028 -0.277764
0.672546 -0.316431
0.641966 -0.362283
0.615136 -0.381151
0.589578 -0.339150
0.580689 -0.352418
0.558290 -0.393906
0.564349 -0.356774
0.588178 -0.425811
0.530052 -0.473321
0.600898 -0.442358
0.537777 -0.406750
0.521018 -0.463204
0.484342 -0.495392
0.499349 -0.466688
0.480178 -0.484664
0.456055 -0.465103
0.453442 -0.546815
0.438290 -0.486723
0.423912 -0.569450
0.491077 -0.558857
0.488470 -0.525708
0.433136 -0.577868
0.386206 -0.530527
0.402183 -0.544878
0.373695 -0.539944
0.439643 -0.584784
0.353497 -0.597093
0.376577 -0.591248
0.406782 -0.592875
0.376480 -0.605189
0.346865 -0.669290
0.304754 -0.638222
0.360994 -0.610708
0.317490 -0.613787
0.274838 -0.681429
0.335308 -0.658561
0.257351 -0.648719
0.260180 -0.681902
0.221554 -0.694203
0.282424 -0.720214
0.258007 -0.668952
0.255245 -0.721411
0.196873 -0.729413
0.189762 -0.686224
0.180469 -0.757503
0.248014 -0.797949
0.233141 -0.785294
0.142869 -0.717890
0.160037 -0.769748
0.201925 -0.727571
0.188226 -0.774422
0.122433 -0.815827
0.132975 -0.834899
0.121534 -0.807709
0.082465 -0.832003
0.066647 -0.782019
0.098087 -0.853789
0.121898 -0.818832
0.076474 -0.784783
0.097437 -0.833780
0.085321 -0.826290
0.041055 -0.820421
-0.007985 -0.859376
0.056886 -0.808253
-0.028333 -0.835932