0.045566 0.821841
-0.012833 0.909939
0.002303 0.848459
0.021952 0.830955
0.006950 0.839361
0.094092 0.991625
0.107160 0.967745
0.023532 0.871114
0.055123 0.863058
0.089869 0.914011
0.139471 0.868005
0.113435 0.960061
0.119029 0.912483
0.099190 0.841656
0.169398 0.917945
0.161369 0.898987
0.134418 0.897482
0.175091 0.947463
0.177619 0.919531
0.174245 0.940815
0.183541 0.961162
0.154675 0.943876
0.221590 0.959491
0.251753 0.937137
0.206452 0.895255
0.232783 0.958715
0.259403 0.986860
0.301571 0.988984
0.289925 0.927234
0.267982 0.985595
0.329013 0.967305
0.287245 0.943965
0.358023 0.982448
0.328045 0.949527
0.325257 1.061050
0.412627 0.938972
0.366930 0.982276
0.423685 0.917203
0.434611 0.955318
0.410825 0.981952
0.350863 1.022167
0.357986 0.914882
0.384671 0.962219
0.405911 0.995590
0.376159 1.013420
0.452320 0.979508
0.464261 0.928554
0.466470 0.978770
0.501425 1.015327
0.503221 0.986222
0.461794 1.073270
0.487164 0.944317
0.494957 0.991717
0.485402 1.050855
0.496948 1.046411
0.538654 0.983771
0.531420 0.990173
0.599388 0.947901
0.560851 0.985457
0.584879 0.971824
0.630179 1.003664
0.599400 0.961200
0.684189 0.975774
0.663023 1.025786
0.655368 0.983539
0.662696 0.992145
0.668069 0.939821
0.615115 1.016095
0.620373 1.000272
0.706341 0.992962
0.651924 0.966425
0.673277 0.979259
0.688524 0.960424
0.748263 0.986043
0.766787 1.012601
0.803345 0.934508
0.799707 0.921982
0.851336 0.947818
0.761391 1.003520
0.754103 0.905166
0.757398 0.944692
0.791520 0.955162
0.808032 0.893586
0.853213 0.883609
0.897750 0.785579
0.878398 0.836136
0.876880 0.881449
0.904825 0.843638
0.925446 0.837266
0.867320 0.852518
0.925715 0.820599
0.970182 0.820797
0.946374 0.791789
0.991614 0.820643
0.892883 0.828841
1.008532 0.762284
0.955170 0.743519
0.882868 0.735020
0.969915 0.690773
1.005538 0.630883
0.993733 0.543909
0.946048 0.377515
0.944048 0.315536
0.931468 0.361300
1.035311 0.222930
0.962923 0.214884
0.977386 0.196950
0.914540 0.139812
0.886411 0.142382
0.918461 0.112268
0.878760 0.097279
0.893286 0.012182
0.885899 0.031176
0.820565 0.006156
0.830629 0.009671
0.892693 -0.022607
0.871108 -0.040483
0.792048 -0.123026
0.813280 -0.110084
0.829293 -0.077553
0.787279 -0.079981
0.820748 -0.190305
0.798498 -0.170629
0.771803 -0.155755
0.780929 -0.166615
0.800596 -0.180300
0.806746 -0.228755
0.709758 -0.156040
0.671507 -0.231614
0.699635 -0.246070
0.643188 -0.289192
0.667160 -0.223725
0.655891 -0.318658
0.668517 -0.338334
0.606433 -0.291831
0.596431 -0.374150
0.658852 -0.365765
0.643767 -0.342467
0.589377 -0.349329
0.611878 -0.329010
0.587936 -0.412706
0.565422 -0.336494
0.636218 -0.462488
0.548849 -0.484883
0.525945 -0.370551
0.580854 -0.397775
0.564179 -0.567529
0.435359 -0.459977
0.520117 -0.498276
0.513777 -0.496075
0.519542 -0.455228
0.486973 -0.563836
0.510288 -0.536419
0.495426 -0.567623
0.412686 -0.624502
0.445302 -0.570490
0.461512 -0.561731
0.448778 -0.570552
0.445886 -0.568200
0.418140 -0.588450
0.418812 -0.590763
0.447581 -0.634897
0.362153 -0.620936
0.350236 -0.568154
0.353256 -0.594166
0.382871 -0.652523
0.356395 -0.622520
0.352709 -0.690541
0.278629 -0.646332
0.317452 -0.611635
0.278683 -0.649589
0.296162 -0.680150
0.280410 -0.671232
0.278324 -0.713660
0.291666 -0.711988
0.274917 -0.706509
0.171655 -0.696030
0.232549 -0.682665
0.263430 -0.707697
0.179577 -0.697850
0.170928 -0.792182
0.198024 -0.794252
0.148373 -0.780430
0.167213 -0.772258
0.140983 -0.783481
0.111500 -0.787657
0.128453 -0.831390
0.156954 -0.814440
0.057425 -0.802232
0.088210 -0.827356
0.090983 -0.821833
0.076243 -0.839673
0.084804 -0.849594
0.051031 -0.802234
-0.008983 -0.812379
-0.008429 -0.791849
0.064170 -0.849819
0.023889 -0.867302
-0.002938 -0.823134
-0.011571 -0.856291