-0.077265 0.923767
0.082954 0.881291
-0.071807 0.779887
0.008426 0.857879
-0.041896 0.822369
-0.018610 0.989668
0.031637 0.945737
-0.020153 0.899114
0.167424 0.839011
0.024589 0.826526
0.010030 0.845630
0.097720 0.842109
0.194487 1.015186
0.062600 1.022527
0.172130 0.842592
0.230702 0.991886
0.061278 1.034130
0.084385 0.901375
0.175156 0.873478
0.206312 0.866653
0.169305 0.923217
0.276637 0.853916
0.284795 0.947313
0.183124 0.962734
0.224924 0.990865
0.302228 0.879576
0.212806 0.901682
0.311097 0.885171
0.211578 1.035685
0.356436 0.996395
0.303853 0.883162
0.215746 0.906609
0.390006 1.050470
0.374313 1.033937
0.244116 0.957585
0.413607 0.959900
0.450144 0.997228
0.352241 0.959915
0.284859 1.051219
0.419349 1.006892
0.479916 1.002424
0.470188 0.958206
0.408416 1.040719
0.445077 0.919881
0.528673 1.085382
0.458467 0.944307
0.498927 1.038530
0.383177 0.924229
0.406306 0.933661
0.509139 1.082328
0.497586 0.929679
0.505079 0.971198
0.539547 0.922072
0.568382 0.939148
0.512175 0.926874
0.503369 0.912610
0.497364 0.915933
0.529916 1.076051
0.592008 0.921525
0.658186 0.943212
0.622046 0.915713
0.517374 0.906430
0.692766 0.995367
0.633923 0.969604
0.631706 0.955466
0.581681 0.896266
0.700442 1.072555
0.571950 0.992789
0.771837 0.878338
0.650661 0.935779
0.799693 1.007007
0.720454 0.940635
0.690974 0.889066
0.809047 1.051323
0.760934 0.964231
0.772959 0.902563
0.700952 1.015347
0.843805 1.008051
0.871993 0.841120
0.710626 0.865714
0.899617 0.839518
0.855426 0.960148
0.755457 0.851148
0.834299 0.843378
0.765339 0.904340
0.916963 0.852537
0.782397 0.865791
0.820066 0.797381
0.928416 0.793226
0.953538 0.782889
0.908666 0.741300
1.006395 0.801087
0.905232 0.856566
0.839077 0.783704
0.877580 0.757332
1.001402 0.833428
1.024087 0.689882
1.000870 0.764101
0.997925 0.684418
0.895120 0.708998
1.097493 0.594223
0.906097 0.448507
1.055568 0.407997
0.948021 0.264276
0.974925 0.164748
0.964315 0.303035
0.899899 0.150000
0.936812 0.049940
0.968534 0.117530
0.984494 0.092737
0.934210 -0.025846
0.884629 -0.030600
0.864833 -0.023310
0.807818 0.047493
0.938876 -0.055842
0.754740 -0.093961
0.840854 -0.120090
0.732743 -0.151516
0.900812 -0.137202
0.734486 -0.148444
0.736137 -0.194849
0.707972 -0.234228
0.847317 -0.078947
0.729690 -0.205588
0.765429 -0.106455
0.790514 -0.200934
0.739033 -0.279696
0.632507 -0.210894
0.646877 -0.255233
0.674778 -0.254086
0.670702 -0.255110
0.647155 -0.185806
0.709330 -0.198069
0.743263 -0.230926
0.707496 -0.305758
0.580964 -0.273555
0.731945 -0.280347
0.667390 -0.367654
0.640667 -0.444154
0.511732 -0.345017
0.592995 -0.341839
0.602332 -0.320040
0.493480 -0.400181
0.584648 -0.458948
0.463388 -0.496182
0.597185 -0.379716
0.515324 -0.409875
0.482366 -0.533143
0.607153 -0.566576
0.589410 -0.417120
0.402867 -0.522308
0.502303 -0.442181
0.468276 -0.457992
0.426374 -0.512548
0.483128 -0.467441
0.437210 -0.626934
0.451842 -0.473213
0.493572 -0.574241
0.362032 -0.483426
0.353187 -0.682073
0.310999 -0.638707
0.303027 -0.700540
0.356672 -0.624278
0.303942 -0.654959
0.421288 -0.578952
0.397437 -0.640291
0.258394 -0.557085
0.303226 -0.587630
0.251981 -0.646660
0.243480 -0.647419
0.372966 -0.595551
0.381253 -0.751095
0.356522 -0.611867
0.296673 -0.612798
0.188961 -0.773634
0.336421 -0.639344
0.147545 -0.729708
0.174207 -0.641896
0.180184 -0.704831
0.223381 -0.789699
0.126469 -0.816168
0.248132 -0.783659
0.180005 -0.792173
0.228682 -0.732996
0.227487 -0.831338
0.081210 -0.687134
0.233654 -0.873403
0.202001 -0.697750
0.032372 -0.793354
0.055875 -0.727876
0.177308 -0.749139
0.015219 -0.791421
0.157250 -0.752251
-0.015997 -0.855811
0.021027 -0.889907
0.062488 -0.919612
0.051601 -0.934626
-0.023479 -0.909914
0.000320 -0.777601
-0.057440 -0.857719