0.089385 0.928202
-0.085404 0.931252
0.071200 0.936018
-0.077537 0.822410
-0.023419 0.931665
-0.015664 0.858039
0.068364 0.923556
0.079242 0.872117
-0.009941 0.905896
0.039746 0.874417
0.043994 0.900143
0.045088 0.899236
0.095412 0.859259
0.168879 0.985404
0.126194 0.918426
0.151209 1.022417
0.172483 0.814813
0.161048 0.917128
0.252335 0.948830
0.162089 0.834932
0.317981 0.942041
0.143640 0.977753
0.229350 0.904641
0.261431 0.891183
0.177220 0.967709
0.238535 0.887693
0.398754 0.943639
0.321319 0.922165
0.228870 0.907171
0.274789 0.814400
0.360065 1.011409
0.318358 1.025289
0.255740 0.934434
0.333843 1.027300
0.224748 0.883827
0.283439 0.957421
0.389089 0.977395
0.375213 1.010076
0.356930 0.982292
0.380236 1.006767
0.409542 1.083514
0.467670 1.054367
0.426038 0.970496
0.435677 1.027426
0.384806 0.927707
0.501970 0.999094
0.394637 0.974944
0.395947 1.014466
0.490550 1.039273
0.498667 1.045306
0.418166 1.009987
0.522681 0.928088
0.585286 0.992446
0.463452 1.112492
0.518493 1.048816
0.559887 1.010175
0.603503 0.979713
0.616086 0.975653
0.636921 0.906345
0.518045 0.890193
0.677158 0.977942
0.645409 0.993122
0.572337 1.034129
0.632308 1.036599
0.640768 0.985014
0.674972 0.906436
0.748050 1.070217
0.697044 1.053631
0.703982 0.980783
0.645870 0.953190
0.801742 0.991685
0.716584 0.939203
0.766886 0.945793
0.792827 1.019094
0.747700 1.011664
0.800572 0.955447
0.867683 0.868905
0.778151 0.969563
0.701836 0.946430
0.826081 0.944391
0.716265 0.813872
0.737334 0.980352
0.794162 0.926395
0.908223 0.934843
0.859021 0.859966
0.902976 0.931404
0.854164 0.875366
0.803999 0.861424
0.852106 0.867872
0.836857 0.789207
0.925786 0.789324
0.861366 0.769754
0.880523 0.874630
1.065943 0.760444
0.915900 0.818016
1.070192 0.723414
0.927851 0.709823
0.919087 0.666151
0.980284 0.656248
0.982578 0.497991
0.937350 0.486419
0.925453 0.407911
0.988572 0.315456
0.994127 0.322523
0.997747 0.199854
0.894340 0.256927
0.908877 0.177971
0.934251 0.145381
0.906620 0.182579
0.858975 0.134797
0.973604 0.165579
0.811709 0.058051
0.830495 0.074739
0.909302 -0.017324
0.820260 -0.019198
0.807801 -0.026650
0.816533 -0.107665
0.879347 -0.021941
0.832022 -0.039419
0.803688 -0.014392
0.797209 -0.101476
0.682054 -0.106394
0.807280 -0.223141
0.777326 -0.134422
0.818019 -0.202165
0.728755 -0.104295
0.691138 -0.262878
0.721957 -0.146782
0.702145 -0.284873
0.765434 -0.234652
0.745736 -0.271617
0.654456 -0.297438
0.713662 -0.295031
0.676716 -0.308700
0.695634 -0.360001
0.669261 -0.412472
0.685673 -0.252010
0.712174 -0.421512
0.617483 -0.401938
0.501907 -0.389537
0.665268 -0.361219
0.635043 -0.410813
0.531106 -0.417722
0.622564 -0.403456
0.563396 -0.459868
0.533876 -0.523764
0.493331 -0.361604
0.608494 -0.485270
0.566778 -0.386146
0.607770 -0.523552
0.525694 -0.560709
0.540553 -0.452791
0.484157 -0.629758
0.507015 -0.440249
0.454337 -0.564660
0.440626 -0.548354
0.414569 -0.582164
0.317107 -0.540067
0.404998 -0.653219
0.344389 -0.597702
0.517646 -0.643632
0.292987 -0.669445
0.398590 -0.621932
0.451311 -0.643878
0.367480 -0.679398
0.305906 -0.617037
0.318467 -0.703808
0.341865 -0.617351
0.231662 -0.705481
0.236181 -0.539858
0.238350 -0.568798
0.297332 -0.715699
0.286753 -0.631963
0.296750 -0.684156
0.238117 -0.752997
0.210628 -0.723706
0.211124 -0.804194
0.271463 -0.786563
0.205454 -0.691624
0.234577 -0.687312
0.187207 -0.774444
0.287456 -0.839718
0.189868 -0.743953
0.126352 -0.761993
0.150648 -0.786811
0.187742 -0.808438
0.216304 -0.824251
0.107366 -0.827153
0.069599 -0.828163
0.123473 -0.755966
0.145718 -0.802289
0.134044 -0.761283
0.117158 -0.817728
0.064057 -0.927844
0.078462 -0.811029
0.026844 -0.820073
0.038426 -0.926959
0.009765 -0.895274
0.090825 -0.880576
0.000466 -0.834827