0.019243 0.910702
-0.015480 0.862576
0.023572 0.847554
0.027306 0.899114
0.059139 0.905870
0.022609 0.876416
-0.007047 0.870826
0.050642 0.923193
0.058965 0.918048
0.090015 0.927133
0.118377 0.912977
0.119157 0.898408
0.131517 0.947717
0.155302 0.981350
0.099477 0.919405
0.155159 0.963581
0.152177 0.907283
0.207357 0.896159
0.199182 0.943532
0.208898 0.953275
0.150188 0.935470
0.212738 0.917400
0.206180 0.947306
0.234671 0.941934
0.252567 0.965796
0.258539 0.957333
0.253312 1.012465
0.278930 0.959223
0.317833 1.001648
0.276232 0.958969
0.294102 0.991638
0.311737 0.994612
0.348222 0.961098
0.302797 1.008949
0.345667 0.967256
0.328049 0.938285
0.369075 1.000502
0.392087 0.986961
0.342397 1.042504
0.433762 0.963776
0.397677 0.963304
0.441274 0.976297
0.437539 0.969953
0.447866 1.029501
0.406991 0.975476
0.440540 0.998721
0.481217 0.995971
0.446679 1.003908
0.475224 1.011408
0.535402 1.011665
0.470121 1.004359
0.475472 0.946867
0.545351 1.007300
0.540602 1.009534
0.526552 1.002681
0.588515 0.999965
0.548373 1.012906
0.545705 1.012524
0.593338 0.994641
0.580993 1.040929
0.614367 0.958281
0.595713 0.990846
0.624351 1.003891
0.615179 0.966193
0.611467 0.998464
0.624308 0.981652
0.667269 1.033260
0.660411 0.970633
0.673180 0.950014
0.686587 0.982505
0.688724 0.995118
0.687201 0.961407
0.713886 0.931006
0.750268 0.950718
0.715573 0.978215
0.724927 0.951562
0.706587 0.930422
0.778555 0.919618
0.790353 0.921159
0.800480 0.946686
0.820409 0.920019
0.826036 0.946997
0.786212 0.949594
0.814863 0.931366
0.821064 0.837179
0.839975 0.861363
0.794013 0.861140
0.882586 0.887322
0.873447 0.869425
0.911473 0.863910
0.869506 0.802784
0.927920 0.800998
0.878735 0.785675
0.912216 0.779373
0.944354 0.755808
0.902001 0.728938
0.956738 0.729345
0.938071 0.686721
0.943187 0.702468
0.955280 0.628046
0.986010 0.530280
0.985525 0.349098
0.955480 0.311051
0.948808 0.252264
0.975137 0.216702
1.000947 0.162377
0.966763 0.173580
0.917800 0.170786
0.945180 0.147370
0.882630 0.107015
0.901989 0.091900
0.877507 0.064645
0.882512 -0.002390
0.845725 0.010467
0.852322 -0.044403
0.833131 -0.034927
0.858886 -0.016821
0.817578 -0.056393
0.794237 -0.075593
0.794912 -0.097703
0.779658 -0.136276
0.786977 -0.107936
0.754317 -0.198244
0.754390 -0.181990
0.788990 -0.193924
0.753829 -0.195538
0.777161 -0.235406
0.691203 -0.214080
0.729183 -0.252127
0.707194 -0.259082
0.696165 -0.265119
0.731621 -0.319505
0.640348 -0.302710
0.650531 -0.326441
0.656431 -0.329715
0.631163 -0.357498
0.597439 -0.360527
0.632756 -0.373604
0.621837 -0.373350
0.625036 -0.413221
0.620751 -0.417141
0.613399 -0.383471
0.539996 -0.405612
0.558534 -0.469407
0.586693 -0.451374
0.547047 -0.439980
0.518106 -0.408329
0.527989 -0.459511
0.514154 -0.487507
0.575600 -0.454688
0.540348 -0.519882
0.516683 -0.510722
0.493561 -0.496169
0.488262 -0.569271
0.472419 -0.531143
0.420987 -0.581836
0.467377 -0.557472
0.399797 -0.530513
0.381219 -0.582955
0.478001 -0.556404
0.414254 -0.602040
0.392989 -0.599642
0.391487 -0.561685
0.360760 -0.645888
0.379005 -0.653362
0.321218 -0.656404
0.350220 -0.660069
0.309600 -0.682281
0.316937 -0.648512
0.312080 -0.655428
0.270166 -0.668841
0.289671 -0.662944
0.271842 -0.686986
0.274741 -0.674654
0.282543 -0.723127
0.277901 -0.729341
0.258154 -0.749934
0.243924 -0.710236
0.236615 -0.731353
0.260455 -0.725560
0.233657 -0.756899
0.181746 -0.762786
0.194318 -0.761619
0.164720 -0.778070
0.164208 -0.750244
0.143177 -0.778650
0.170992 -0.764482
0.109590 -0.776158
0.124646 -0.791014
0.125459 -0.777972
0.121635 -0.851481
0.099399 -0.777678
0.110001 -0.816003
0.088043 -0.805389
0.089774 -0.837044
0.070761 -0.836319
-0.005103 -0.827761
0.033944 -0.843732
0.075352 -0.860992
0.026721 -0.849608