0.017513 0.858852
0.008390 0.879688
0.019352 0.870082
0.027749 0.875931
0.046095 0.893802
0.053666 0.877206
0.039342 0.882750
0.088413 0.896990
0.082076 0.913333
0.090338 0.909721
0.094710 0.887326
0.116821 0.916032
0.122127 0.927256
0.143279 0.924364
0.144722 0.921535
0.163775 0.922723
0.162633 0.925776
0.168858 0.924342
0.200272 0.926537
0.197535 0.947857
0.198735 0.936231
0.211435 0.955736
0.227791 0.955043
0.228157 0.941121
0.228880 0.951855
0.242720 0.970268
0.281382 0.968353
0.250228 0.960802
0.284936 0.962076
0.292313 0.986198
0.305630 0.974810
0.295320 0.988138
0.328153 0.983528
0.332772 0.982659
0.356105 0.975322
0.355272 0.985700
0.349037 0.989621
0.377025 1.001774
0.386703 0.992247
0.393610 0.963845
0.406284 0.971946
0.403677 0.997670
0.422690 0.991872
0.418279 0.985673
0.428378 0.997032
0.457786 0.995778
0.465954 1.009609
0.476086 0.992241
0.470766 0.999605
0.488152 1.009399
0.499525 0.995366
0.522345 0.995182
0.527649 0.996769
0.545044 0.998371
0.536259 0.990998
0.568637 1.012447
0.565067 1.008919
0.572428 1.011777
0.591370 0.979969
0.587448 0.999815
0.593534 1.001634
0.601242 1.004106
0.606402 0.977243
0.641988 0.996060
0.639631 0.988521
0.641747 0.988796
0.656512 0.984954
0.669374 0.963883
0.679288 0.982189
0.683053 0.950679
0.701030 0.966564
0.707419 0.968931
0.718438 0.950335
0.725665 0.954142
0.751599 0.938796
0.754547 0.964932
0.759985 0.939179
0.780257 0.931590
0.774385 0.947198
0.776537 0.932599
0.796212 0.922215
0.817485 0.919638
0.812747 0.918119
0.819734 0.917524
0.851910 0.888325
0.843092 0.883495
0.861610 0.857502
0.860156 0.867576
0.873324 0.847744
0.885673 0.831835
0.903876 0.810199
0.923972 0.813321
0.911066 0.791072
0.919460 0.773724
0.957544 0.761566
0.944990 0.732005
0.972832 0.743150
0.957659 0.700073
0.959943 0.645957
0.981370 0.635196
1.009835 0.495415
0.999421 0.367768
0.978604 0.319670
0.983380 0.270916
0.960915 0.240649
0.948836 0.198462
0.949810 0.177990
0.922175 0.150748
0.925172 0.111519
0.915449 0.084491
0.904626 0.074283
0.886663 0.059300
0.870169 0.020408
0.872805 0.007313
0.863650 -0.010202
0.854354 -0.022278
0.849655 -0.036825
0.843024 -0.081440
0.823719 -0.092790
0.815800 -0.091068
0.804377 -0.114135
0.810437 -0.113028
0.770760 -0.156645
0.774095 -0.165668
0.761117 -0.176924
0.757373 -0.183274
0.742037 -0.226426
0.720524 -0.221950
0.732047 -0.236558
0.715748 -0.255068
0.685471 -0.270463
0.708351 -0.290926
0.681624 -0.299345
0.679364 -0.306351
0.655063 -0.323426
0.663603 -0.335416
0.626805 -0.366793
0.648937 -0.366341
0.619548 -0.375029
0.599539 -0.380074
0.592054 -0.401781
0.589021 -0.389133
0.571858 -0.421778
0.563724 -0.441208
0.566937 -0.433060
0.549292 -0.435449
0.538656 -0.445157
0.545513 -0.473695
0.530453 -0.473427
0.517291 -0.478625
0.505234 -0.502432
0.503499 -0.501015
0.480721 -0.507158
0.469324 -0.522178
0.465861 -0.537661
0.439925 -0.549984
0.436135 -0.572752
0.448495 -0.587306
0.436726 -0.576499
0.411491 -0.582966
0.416363 -0.597030
0.389576 -0.608098
0.375975 -0.625572
0.365312 -0.610397
0.363586 -0.630930
0.354055 -0.630675
0.341112 -0.622214
0.330316 -0.651650
0.312932 -0.663424
0.311596 -0.668576
0.290624 -0.664608
0.321909 -0.694013
0.276716 -0.680648
0.270142 -0.708295
0.258173 -0.714228
0.246559 -0.714742
0.236636 -0.726466
0.198817 -0.724374
0.220945 -0.738264
0.196577 -0.736107
0.194380 -0.724386
0.176724 -0.748207
0.176966 -0.767213
0.169738 -0.752922
0.151077 -0.776356
0.167864 -0.771855
0.137340 -0.798538
0.130533 -0.777644
0.128028 -0.800037
0.112758 -0.818317
0.105231 -0.808315
0.088009 -0.810029
0.093013 -0.826716
0.077114 -0.821003
0.073379 -0.823560
0.051177 -0.846245
0.044294 -0.847779
0.045464 -0.844389
0.016969 -0.861484
0.005504 -0.858581