0.015347 0.847079
0.008766 0.876956
0.050182 0.866923
0.031714 0.890032
0.007039 0.894450
0.036995 0.893533
0.071633 0.893944
0.060748 0.904459
0.086904 0.888147
0.100349 0.897878
0.107831 0.900136
0.110828 0.932045
0.116097 0.915603
0.106112 0.945340
0.167020 0.942350
0.142081 0.935841
0.166404 0.938026
0.168620 0.956274
0.191255 0.938146
0.185649 0.935270
0.223059 0.955997
0.219546 0.941532
0.223181 0.958537
0.230207 0.941458
0.241658 0.962615
0.275012 0.990353
0.258463 0.958305
0.292071 0.959678
0.277689 0.984913
0.299694 0.958346
0.310848 0.967696
0.308076 0.999492
0.311015 0.993517
0.333733 0.982930
0.337553 0.992677
0.342009 0.984461
0.365801 0.990617
0.352165 1.003007
0.361679 0.977135
0.373059 0.969365
0.402038 1.004667
0.400609 0.958995
0.430012 0.984037
0.455404 1.010771
0.445317 0.994056
0.465919 0.992240
0.444024 1.005055
0.487008 0.997064
0.472125 0.998057
0.478793 0.994743
0.511262 0.995939
0.526032 0.984547
0.527644 0.989719
0.529360 1.002448
0.528513 0.993185
0.525664 1.000217
0.572539 0.980809
0.591865 0.996817
0.602573 0.998737
0.603527 0.993023
0.616262 0.985301
0.617119 0.980433
0.645875 1.006349
0.623113 0.986354
0.646261 0.984145
0.626620 0.988014
0.670906 0.977718
0.658313 1.006048
0.683712 0.969878
0.694325 0.983940
0.732169 0.963121
0.713504 0.973076
0.716131 0.961114
0.736996 0.967065
0.759192 0.960657
0.771617 0.968478
0.744044 0.964937
0.764382 0.938109
0.800258 0.927692
0.764772 0.906734
0.790367 0.895884
0.804363 0.930120
0.804362 0.903389
0.809168 0.908781
0.838589 0.896568
0.838806 0.862829
0.858429 0.857802
0.884460 0.859533
0.882868 0.876177
0.905834 0.834583
0.902742 0.832298
0.905427 0.809490
0.912435 0.799452
0.930243 0.782708
0.943687 0.747853
0.924397 0.765176
0.947447 0.719235
0.969242 0.660585
1.000431 0.658427
0.996563 0.603661
0.985325 0.498236
0.978760 0.372003
0.979291 0.324397
0.970481 0.251827
0.964626 0.225447
0.950381 0.222110
0.929807 0.174762
0.928477 0.158833
0.922995 0.125198
0.901570 0.096395
0.918567 0.076087
0.889332 0.055713
0.887805 0.032845
0.850661 -0.002512
0.858045 -0.016502
0.844009 -0.030832
0.835529 -0.044055
0.822170 -0.066510
0.844435 -0.085406
0.812642 -0.105694
0.796621 -0.098126
0.789076 -0.137127
0.773556 -0.135538
0.768049 -0.165764
0.775047 -0.173623
0.734994 -0.172459
0.747472 -0.200142
0.745347 -0.234372
0.712279 -0.235891
0.703980 -0.261164
0.695075 -0.262555
0.690894 -0.289403
0.684920 -0.291496
0.656897 -0.319585
0.677920 -0.317237
0.656629 -0.348166
0.637734 -0.327407
0.627544 -0.383904
0.615970 -0.370843
0.613955 -0.370841
0.620549 -0.405436
0.582783 -0.393217
0.587692 -0.419304
0.584068 -0.423130
0.554572 -0.435536
0.536585 -0.431545
0.547204 -0.431858
0.547154 -0.438460
0.543077 -0.477150
0.517459 -0.484609
0.480897 -0.504647
0.478077 -0.517554
0.496801 -0.518458
0.449604 -0.534389
0.468616 -0.530025
0.456818 -0.555660
0.452908 -0.562209
0.430635 -0.573065
0.410969 -0.580620
0.382416 -0.593068
0.408877 -0.606710
0.395400 -0.581878
0.356840 -0.618446
0.358628 -0.609377
0.384347 -0.627793
0.364457 -0.629375
0.356022 -0.654842
0.327738 -0.648469
0.307414 -0.662450
0.311243 -0.679631
0.302293 -0.665853
0.299388 -0.704351
0.277301 -0.705329
0.271084 -0.713922
0.265495 -0.706390
0.247284 -0.695821
0.247495 -0.713890
0.212081 -0.727510
0.208864 -0.746366
0.226793 -0.732892
0.178792 -0.735853
0.192826 -0.758388
0.167882 -0.795518
0.147806 -0.791029
0.182148 -0.771890
0.144320 -0.775995
0.152540 -0.802287
0.111658 -0.784021
0.127152 -0.791374
0.097857 -0.801159
0.110263 -0.810768
0.104870 -0.842238
0.077864 -0.818369
0.077800 -0.846039
0.051990 -0.813578
0.046430 -0.841999
0.037353 -0.854478
0.043325 -0.856498
0.004006 -0.887485
0.011365 -0.844940