2.996466 -2.086414
2.995202 -2.084985
2.996399 -2.085425
2.995148 -2.084117
2.996333 -2.084437
2.995094 -2.083249
2.996267 -2.083448
2.995040 -2.082381
2.996200 -2.082459
2.994986 -2.081513
2.994933 -2.080645
2.996134 -2.081471
2.994879 -2.079776
2.996068 -2.080482
2.994825 -2.078908
2.996001 -2.079493
2.994771 -2.078040
2.995935 -2.078505
2.994717 -2.077172
2.995869 -2.077516
2.994663 -2.076304
2.995803 -2.076527
2.994610 -2.075436
2.995736 -2.075539
2.994556 -2.074568
2.995670 -2.074550
2.994502 -2.073700
2.994448 -2.072832
2.995604 -2.073562
2.994394 -2.071964
2.995537 -2.072573
2.994340 -2.071096
2.995471 -2.071584
2.994287 -2.070228
2.995405 -2.070596
2.994233 -2.069360
2.995338 -2.069607
2.994179 -2.068492
2.995272 -2.068618
2.994125 -2.067624
2.995206 -2.067630
2.994071 -2.066756
2.994018 -2.065888
2.995140 -2.066641
2.993964 -2.065020
2.995073 -2.065652
2.993910 -2.064152
2.995007 -2.064664
2.993856 -2.063283
2.994941 -2.063675
2.993802 -2.062415
2.994874 -2.062686
2.993748 -2.061547
2.994808 -2.061698
2.993695 -2.060679
2.994742 -2.060709
2.993641 -2.059811
2.994675 -2.059721
2.993587 -2.058943
2.993533 -2.058075
2.994609 -2.058732
2.993479 -2.057207
2.994543 -2.057743
2.993426 -2.056339
2.994477 -2.056755
2.993372 -2.055471
2.994410 -2.055766
2.993318 -2.054603
2.994344 -2.054777
2.993264 -2.053735
2.994278 -2.053789
2.993210 -2.052867
2.994211 -2.052800
2.993156 -2.051999
2.993103 -2.051131
2.994145 -2.051811
2.993049 -2.050263
2.994079 -2.050823
2.992995 -2.049395
2.994012 -2.049834
2.992941 -2.048527
2.993946 -2.048845
2.992887 -2.047658
2.993880 -2.047857
2.992834 -2.046790
2.993814 -2.046868
2.992780 -2.045922
2.993747 -2.045879
2.992726 -2.045054
2.993681 -2.044891
2.992672 -2.044186
2.992618 -2.043318
2.993615 -2.043902
2.992564 -2.042450
2.993548 -2.042914
2.992511 -2.041582
2.993482 -2.041925
2.992457 -2.040714
2.993416 -2.040936
2.992403 -2.039846
2.993349 -2.039948
2.992349 -2.038978
2.993283 -2.038959
2.992295 -2.038110
2.993217 -2.037970
2.992241 -2.037242
2.992188 -2.036374
2.993151 -2.036982
2.992134 -2.035506
2.993084 -2.035993
2.992080 -2.034638
2.993018 -2.035004
2.992026 -2.033770
2.992952 -2.034016
2.991972 -2.032902
2.992885 -2.033027
2.991919 -2.032033
2.992819 -2.032038
2.991865 -2.031165
2.992753 -2.031050
2.991811 -2.030297
2.992686 -2.030061
2.991757 -2.029429
2.991703 -2.028561
2.992620 -2.029073
2.991649 -2.027693
2.992554 -2.028084
2.991596 -2.026825
2.992488 -2.027095
2.991542 -2.025957
2.992421 -2.026107
2.991488 -2.025089
2.992355 -2.025118
2.991434 -2.024221
2.992289 -2.024129
2.991380 -2.023353
2.992222 -2.023141
2.991327 -2.022485
2.991273 -2.021617
2.992156 -2.022152
2.991219 -2.020749
2.992090 -2.021163
2.991165 -2.019881
2.992024 -2.020175
2.991111 -2.019013
2.991957 -2.019186
2.991057 -2.018145
2.991891 -2.018197
2.991004 -2.017277
2.991825 -2.017209
2.990950 -2.016409
2.991758 -2.016220
2.990896 -2.015540
2.990842 -2.014672
2.991692 -2.015231
2.990788 -2.013804
2.991626 -2.014243
2.990735 -2.012936
2.991559 -2.013254
2.990681 -2.012068
2.991493 -2.012266
2.990627 -2.011200
2.991427 -2.011277
2.990573 -2.010332
2.991361 -2.010288
2.990519 -2.009464
2.991294 -2.009300
2.990465 -2.008596
2.991228 -2.008311
2.990412 -2.007728
2.990358 -2.006860
2.991162 -2.007322
2.990304 -2.005992
2.991095 -2.006334
2.990250 -2.005124
2.991029 -2.005345
2.990196 -2.004256
2.990963 -2.004356
2.990142 -2.003388
2.990896 -2.003368
2.990089 -2.002520
2.990830 -2.002379
2.990035 -2.001652
2.990764 -2.001390
2.989981 -2.000784
2.989927 -1.999915
2.990698 -2.000402
2.989873 -1.999047
2.990631 -1.999413
2.989820 -1.998179
2.990565 -1.998425
2.989766 -1.997311
2.990499 -1.997436
2.989712 -1.996443
2.990432 -1.996447
2.989658 -1.995575
2.990366 -1.995459
2.989604 -1.994707
2.990300 -1.994470
2.989550 -1.993839
2.990233 -1.993481
2.989497 -1.992971
2.989443 -1.992103
2.990167 -1.992493
2.989389 -1.991235
2.990101 -1.991504
2.989335 -1.990367
2.990035 -1.990515
2.989281 -1.989499
2.989968 -1.989527
2.989228 -1.988631
2.989902 -1.988538
2.989174 -1.987763
2.989836 -1.987549
2.989120 -1.986895
2.989769 -1.986561
2.989066 -1.986027
2.989012 -1.985159
2.989703 -1.985572
2.988958 -1.984290
2.989637 -1.984583
2.988905 -1.983422
2.989570 -1.983595
2.988851 -1.982554
2.989504 -1.982606
2.988797 -1.981686
2.989438 -1.981618
2.988743 -1.980818
2.989372 -1.980629
2.988689 -1.979950
2.989305 -1.979640
2.988636 -1.979082
2.989239 -1.978652
2.988582 -1.978214
2.988528 -1.977346
2.989173 -1.977663
2.988474 -1.976478
2.989106 -1.976674
2.988420 -1.975610
2.989040 -1.975686
2.988366 -1.974742
2.988974 -1.974697
2.988313 -1.973874
2.988907 -1.973708
2.988259 -1.973006
2.988841 -1.972720
2.988205 -1.972138
2.988775 -1.971731
2.988151 -1.971270
2.988097 -1.970402
2.988709 -1.970742
2.988043 -1.969534
2.988642 -1.969754
2.987990 -1.968666
2.988576 -1.968765
2.987936 -1.967797
2.988510 -1.967777
2.987882 -1.966929
2.988443 -1.966788
2.987828 -1.966061
2.988377 -1.965799
2.987774 -1.965193
2.988311 -1.964811
2.987721 -1.964325
2.987667 -1.963457
2.988244 -1.963822
2.987613 -1.962589
2.988178 -1.962833
2.987559 -1.961721
2.988112 -1.961845
2.987505 -1.960853
2.988046 -1.960856
2.987451 -1.959985
2.987979 -1.959867
2.987398 -1.959117
2.987913 -1.958879
2.987344 -1.958249
2.987847 -1.957890
2.987290 -1.957381
2.987780 -1.956901
2.987236 -1.956513
2.987182 -1.955645
2.987714 -1.955913
2.987129 -1.954777
2.987648 -1.954924
2.987075 -1.953909
2.987582 -1.953935
2.987021 -1.953041
2.987515 -1.952947
2.986967 -1.952172
2.987449 -1.951958
2.986913 -1.951304
2.987383 -1.950970
2.986859 -1.950436
2.987316 -1.949981
2.986806 -1.949568
2.986752 -1.948700
2.987250 -1.948992
2.986698 -1.947832
2.987184 -1.948004
2.986644 -1.946964
2.987117 -1.947015
2.986590 -1.946096
2.987051 -1.946026
2.986537 -1.945228
2.986985 -1.945038
2.986483 -1.944360
2.986919 -1.944049
2.986429 -1.943492
2.986852 -1.943060
2.986375 -1.942624
2.986786 -1.942072
2.986321 -1.941756
2.986267 -1.940888
2.986720 -1.941083
2.986214 -1.940020
2.986653 -1.940094
2.986160 -1.939152
2.986587 -1.939106
2.986106 -1.938284
2.986521 -1.938117
2.986052 -1.937416
2.986454 -1.937129
2.985998 -1.936547
2.986388 -1.936140
2.985944 -1.935679
2.986322 -1.935151
2.985891 -1.934811
2.985837 -1.933943
2.986256 -1.934163
2.985783 -1.933075
2.986189 -1.933174
2.985729 -1.932207
2.986123 -1.932185
2.985675 -1.931339
2.986057 -1.931197
2.985622 -1.930471
2.985990 -1.930208
2.985568 -1.929603
2.985924 -1.929219
2.985514 -1.928735
2.985858 -1.928231
2.985460 -1.927867
2.985406 -1.926999
2.985791 -1.927242
2.985352 -1.926131
2.985725 -1.926253
2.985299 -1.925263
2.985659 -1.925265
2.985245 -1.924395
2.985593 -1.924276
2.985191 -1.923527
2.985526 -1.923287
2.985137 -1.922659
2.985460 -1.922299
2.985083 -1.921791
2.985394 -1.921310
2.985030 -1.920923
2.985327 -1.920322
2.984976 -1.920054
2.984922 -1.919186
2.985261 -1.919333
2.984868 -1.918318
2.985195 -1.918344
2.984814 -1.917450
2.985128 -1.917356
2.984760 -1.916582
2.985062 -1.916367
2.984707 -1.915714
2.984996 -1.915378
2.984653 -1.914846
2.984930 -1.914390
2.984599 -1.913978
2.984863 -1.913401
2.984545 -1.913110
2.984491 -1.912242
2.984797 -1.912412
2.984438 -1.911374
2.984731 -1.911424
2.984384 -1.910506
2.984664 -1.910435
2.984330 -1.909638
2.984598 -1.909446
2.984276 -1.908770
2.984532 -1.908458
2.984222 -1.907902
2.984465 -1.907469
2.984168 -1.907034
2.984399 -1.906481
2.984115 -1.906166
2.984333 -1.905492
2.984061 -1.905298
2.984007 -1.904429
2.984267 -1.904503
2.983953 -1.903561
2.984200 -1.903515
2.983899 -1.902693
2.984134 -1.902526
2.983845 -1.901825
2.984068 -1.901537
2.983792 -1.900957
2.984001 -1.900549
2.983738 -1.900089
2.983935 -1.899560
2.983684 -1.899221
2.983869 -1.898571
2.983630 -1.898353
2.983576 -1.897485
2.983802 -1.897583
2.983523 -1.896617
2.983736 -1.896594
2.983469 -1.895749
2.983670 -1.895605
2.983415 -1.894881
2.983604 -1.894617
2.983361 -1.894013
2.983537 -1.893628
2.983307 -1.893145
2.983471 -1.892639
2.983253 -1.892277
2.983405 -1.891651
2.983200 -1.891409
2.983146 -1.890541
2.983338 -1.890662
2.983092 -1.889673
2.983272 -1.889674
2.983038 -1.888805
2.983206 -1.888685
2.982984 -1.887936
2.983140 -1.887696
2.982931 -1.887068
2.983073 -1.886708
2.982877 -1.886200
2.983007 -1.885719
2.982823 -1.885332
2.982941 -1.884730
2.982769 -1.884464
2.982874 -1.883742
2.982715 -1.883596
2.982661 -1.882728
2.982808 -1.882753
2.982608 -1.881860
2.982742 -1.881764
2.982554 -1.880992
2.982675 -1.880776
2.982500 -1.880124
2.982609 -1.879787
2.982446 -1.879256
2.982543 -1.878798
2.982392 -1.878388
2.982477 -1.877810
2.982339 -1.877520
2.982410 -1.876821
2.982285 -1.876652
2.982231 -1.875784
2.982344 -1.875833
2.982177 -1.874916
2.982278 -1.874844
2.982123 -1.874048
2.982211 -1.873855
2.982069 -1.873180
2.982145 -1.872867
2.982016 -1.872311
2.982079 -1.871878
2.981962 -1.871443
2.982012 -1.870889
2.981908 -1.870575
2.981946 -1.869901
2.981854 -1.869707
2.981880 -1.868912
2.981800 -1.868839
2.981746 -1.867971
2.981814 -1.867923
2.981693 -1.867103
2.981747 -1.866935
2.981639 -1.866235
2.981681 -1.865946
2.981585 -1.865367
2.981615 -1.864957
2.981531 -1.864499
2.981548 -1.863969
2.981477 -1.863631
2.981482 -1.862980
2.981424 -1.862763
2.981416 -1.861991
2.981370 -1.861895
2.981316 -1.861027
2.981349 -1.861003
2.981262 -1.860159
2.981283 -1.860014
2.981208 -1.859291
2.981217 -1.859026
2.981154 -1.858423
2.981151 -1.858037
2.981101 -1.857555
2.981084 -1.857048
2.981047 -1.856686
2.981018 -1.856060
2.980993 -1.855818
2.980952 -1.855071
2.980939 -1.854950
2.980885 -1.854082
2.980885 -1.854082
2.980787 -1.853312
2.980754 -1.853091
2.980689 -1.852542
2.980623 -1.852099
2.980591 -1.851772
2.980492 -1.851107
2.980493 -1.851001
2.980395 -1.850231
2.980361 -1.850116
2.980297 -1.849461
2.980230 -1.849124
2.980198 -1.848691
2.980099 -1.848132
2.980100 -1.847920
2.979968 -1.847141
2.980002 -1.847150
2.979904 -1.846380
2.979837 -1.846149
2.979806 -1.845610
2.979706 -1.845157
2.979708 -1.844839
2.979575 -1.844166
2.979610 -1.844069
2.979511 -1.843299
2.979444 -1.843174
2.979413 -1.842529
2.979313 -1.842183
2.979315 -1.841758
2.979182 -1.841191
2.979217 -1.840988
2.979051 -1.840199
2.979119 -1.840218
2.979021 -1.839448
2.978920 -1.839208
2.978923 -1.838677
2.978789 -1.838216
2.978824 -1.837907
2.978658 -1.837224
2.978726 -1.837137
2.978628 -1.836367
2.978527 -1.836233
2.978530 -1.835596
2.978396 -1.835241
2.978432 -1.834826
2.978265 -1.834249
2.978334 -1.834056
2.978134 -1.833258
2.978236 -1.833286
2.978138 -1.832515
2.978003 -1.832266
2.978039 -1.831745
2.977872 -1.831274
2.977941 -1.830975
2.977741 -1.830283
2.977843 -1.830205
2.977745 -1.829434
2.977610 -1.829291
2.977647 -1.828664
2.977479 -1.828299
2.977549 -1.827894
2.977348 -1.827308
2.977451 -1.827124
2.977217 -1.826316
2.977352 -1.826353
2.977254 -1.825583
2.977086 -1.825325
2.977156 -1.824813
2.976955 -1.824333
2.977058 -1.824043
2.976824 -1.823341
2.976960 -1.823272
2.976862 -1.822502
2.976693 -1.822350
2.976764 -1.821732
2.976562 -1.821358
2.976665 -1.820962
2.976431 -1.820366
2.976567 -1.820191
2.976300 -1.819375
2.976469 -1.819421
2.976371 -1.818651
2.976169 -1.818383
2.976273 -1.817881
2.976038 -1.817391
2.976175 -1.817110
2.975907 -1.816400
2.976077 -1.816340
2.975979 -1.815570
2.975776 -1.815408
2.975880 -1.814800
2.975645 -1.814416
2.975782 -1.814029
2.975514 -1.813425
2.975684 -1.813259
2.975383 -1.812433
2.975586 -1.812489
2.975488 -1.811719
2.975252 -1.811441
2.975390 -1.810948
2.975121 -1.810450
2.975292 -1.810178
2.974990 -1.809458
2.975193 -1.809408
2.975095 -1.808638
2.974859 -1.808467
2.974997 -1.807867
2.974728 -1.807475
2.974899 -1.807097
2.974597 -1.806483
2.974801 -1.806327
2.974466 -1.805492
2.974703 -1.805557
2.974605 -1.804786
2.974335 -1.804500
2.974506 -1.804016
2.974203 -1.803508
2.974408 -1.803246
2.974072 -1.802517
2.974310 -1.802476
2.974212 -1.801705
2.973941 -1.801525
2.974114 -1.800935
2.973810 -1.800533
2.974016 -1.800165
2.973679 -1.799542
2.973918 -1.799395
2.973548 -1.798550
2.973819 -1.798624
2.973721 -1.797854
2.973417 -1.797558
2.973623 -1.797084
2.973286 -1.796567
2.973525 -1.796314
2.973155 -1.795575
2.973427 -1.795543
2.973329 -1.794773
2.973024 -1.794583
2.973231 -1.794003
2.972893 -1.793592
2.973133 -1.793233
2.972762 -1.792600
2.973034 -1.792462
2.972631 -1.791609
2.972936 -1.791692
2.972838 -1.790922
2.972500 -1.790617
2.972740 -1.790152
2.972369 -1.789625
2.972642 -1.789381
2.972238 -1.788634
2.972544 -1.788611
2.972107 -1.787642
2.972446 -1.787841
2.972347 -1.787071
2.971976 -1.786650
2.972249 -1.786300
2.971845 -1.785659
2.972151 -1.785530
2.971714 -1.784667
2.972053 -1.784760
2.971955 -1.783990
2.971583 -1.783675
2.971857 -1.783219
2.971452 -1.782684
2.971759 -1.782449
2.971321 -1.781692
2.971660 -1.781679
2.971190 -1.780700
2.971562 -1.780909
2.971464 -1.780138
2.971059 -1.779709
2.971366 -1.779368
2.970928 -1.778717
2.971268 -1.778598
2.970797 -1.777725
2.971170 -1.777828
2.971072 -1.777057
2.970666 -1.776734
2.970974 -1.776287
2.970535 -1.775742
2.970875 -1.775517
2.970404 -1.774751
2.970777 -1.774747
2.970273 -1.773759
2.970679 -1.773976
2.970581 -1.773206
2.970142 -1.772767
2.970483 -1.772436
2.970011 -1.771776
2.970385 -1.771666
2.969880 -1.770784
2.970287 -1.770895
2.970188 -1.770125
2.969749 -1.769792
2.970090 -1.769355
2.969618 -1.768801
2.969992 -1.768585
2.969487 -1.767809
2.969894 -1.767814
2.969356 -1.766817
2.969796 -1.767044
2.969698 -1.766274
2.969225 -1.765826
2.969600 -1.765504
2.969094 -1.764834
2.969501 -1.764733
2.968963 -1.763842
2.969403 -1.763963
2.969305 -1.763193
2.968832 -1.762851
2.969207 -1.762423
2.968701 -1.761859
2.969109 -1.761652
2.968570 -1.760867
2.969011 -1.760882
2.968439 -1.759876
2.968913 -1.760112
2.968815 -1.759342
2.968308 -1.758884
2.968716 -1.758571
2.968177 -1.757893
2.968618 -1.757801
2.968046 -1.756901
2.968520 -1.757031
2.968422 -1.756261
2.967915 -1.755909
2.968324 -1.755490
2.967784 -1.754918
2.968226 -1.754720
2.967653 -1.753926
2.968128 -1.753950
2.967522 -1.752934
2.968029 -1.753180
2.967931 -1.752409
2.967391 -1.751943
2.967833 -1.751639
2.967260 -1.750951
2.967735 -1.750869
2.967129 -1.749959
2.967637 -1.750099
2.967539 -1.749328
2.966998 -1.748968
2.967441 -1.748558
2.966867 -1.747976
2.967342 -1.747788
2.966736 -1.746984
2.967244 -1.747018
2.966605 -1.745993
2.967146 -1.746247
2.967048 -1.745477
2.966474 -1.745001
2.966950 -1.744707
2.966342 -1.744009
2.966852 -1.743937
2.966211 -1.743018
2.966754 -1.743166
2.966655 -1.742396
2.966080 -1.742026
2.966557 -1.741626
2.965949 -1.741035
2.966459 -1.740856
2.965818 -1.740043
2.966361 -1.740085
2.965687 -1.739051
2.966263 -1.739315
2.966165 -1.738545
2.965556 -1.738060
2.966067 -1.737775
2.965425 -1.737068
2.965969 -1.737004
2.965294 -1.736076
2.965870 -1.736234
2.965772 -1.735464
2.965163 -1.735085
2.965674 -1.734694
2.965032 -1.734093
2.965576 -1.733923
2.964901 -1.733101
2.965478 -1.733153
2.964770 -1.732110
2.965380 -1.732383
2.965282 -1.731613
2.964639 -1.731118
2.965183 -1.730842
2.964508 -1.730126
2.965085 -1.730072
2.964377 -1.729135
2.964987 -1.729302
2.964889 -1.728532
2.964246 -1.728143
2.964791 -1.727761
2.964115 -1.727151
2.964693 -1.726991
2.963984 -1.726160
2.964595 -1.726221
2.963853 -1.725168
2.964496 -1.725451
2.964398 -1.724680
2.963722 -1.724177
2.964300 -1.723910
2.963591 -1.723185
2.964202 -1.723140
2.963460 -1.722193
2.964104 -1.722370
2.964006 -1.721599
2.963329 -1.721202
2.963908 -1.720829
2.963198 -1.720210
2.963810 -1.720059
2.963067 -1.719218
2.963711 -1.719289
2.962936 -1.718227
2.963613 -1.718518
2.963515 -1.717748
2.962805 -1.717235
2.963417 -1.716978
2.962674 -1.716243
2.963319 -1.716208
2.962543 -1.715252
2.963221 -1.715437
2.962412 -1.714260
2.963123 -1.714667
2.963024 -1.713897
2.962281 -1.713268
2.962926 -1.713127
2.962150 -1.712277
2.962828 -1.712356
2.962019 -1.711285
2.962730 -1.711586
2.962632 -1.710816
2.961888 -1.710293
2.962534 -1.710046
2.961757 -1.709302
2.962436 -1.709275
2.961626 -1.708310
2.962337 -1.708505
2.961495 -1.707318
2.962239 -1.707735
2.962141 -1.706965
2.961364 -1.706327
2.962043 -1.706194
2.961233 -1.705335
2.961945 -1.705424
2.961102 -1.704344
2.961847 -1.704654
2.961749 -1.703884
2.960971 -1.703352
2.961651 -1.703113
2.960840 -1.702360
2.961552 -1.702343
2.960709 -1.701369
2.961454 -1.701573
2.960578 -1.700377
2.961356 -1.700803
2.961258 -1.700032
2.960447 -1.699385
2.961160 -1.699262
2.960316 -1.698394
2.961062 -1.698492
2.960185 -1.697402
2.960964 -1.697722
2.960865 -1.696951
2.960054 -1.696410
2.960767 -1.696181
2.959923 -1.695419
2.960669 -1.695411
2.959792 -1.694427
2.960571 -1.694641
2.959661 -1.693435
2.960473 -1.693870
2.960375 -1.693100
2.959530 -1.692444
2.960277 -1.692330
2.959399 -1.691452
2.960178 -1.691560
2.959268 -1.690460
2.960080 -1.690789
2.959982 -1.690019
2.959137 -1.689469
2.959884 -1.689249
2.959006 -1.688477
2.959786 -1.688479
2.958875 -1.687486
2.959688 -1.687708
2.958744 -1.686494
2.959590 -1.686938
2.959492 -1.686168
2.958613 -1.685502
2.959393 -1.685398
2.958481 -1.684511
2.959295 -1.684628
2.958350 -1.683519
2.959197 -1.683857
2.959099 -1.683087
2.958219 -1.682527
2.959001 -1.682317
2.958088 -1.681536
2.958903 -1.681547
2.957957 -1.680544
2.958805 -1.680776
2.957826 -1.679552
2.958706 -1.680006
2.958608 -1.679236
2.957695 -1.678561
2.958510 -1.678466
2.957564 -1.677569
2.958412 -1.677695
2.957433 -1.676577
2.958314 -1.676925
2.958216 -1.676155
2.957302 -1.675586
2.958118 -1.675385
2.957171 -1.674594
2.958019 -1.674614
2.957040 -1.673602
2.957921 -1.673844
2.956909 -1.672611
2.957823 -1.673074
2.957725 -1.672304
2.956778 -1.671619
2.957627 -1.671533
2.956647 -1.670628
2.957529 -1.670763
2.956516 -1.669636
2.957431 -1.669993
2.957332 -1.669223
2.956385 -1.668644
2.957234 -1.668452
2.956254 -1.667653
2.957136 -1.667682
2.956123 -1.666661
2.957038 -1.666912
2.955992 -1.665669
2.956940 -1.666142
2.956842 -1.665371
2.955861 -1.664678
2.956744 -1.664601
2.955730 -1.663686
2.956646 -1.663831
2.955599 -1.662694
2.956547 -1.663061
2.956449 -1.662290
2.955468 -1.661703
2.956351 -1.661520
2.955337 -1.660711
2.956253 -1.660750
2.955206 -1.659719
2.956155 -1.659980
2.955075 -1.658728
2.956057 -1.659209
2.955959 -1.658439
2.954944 -1.657736
2.955860 -1.657669
2.954813 -1.656744
2.955762 -1.656899
2.954682 -1.655753
2.955664 -1.656128
2.955566 -1.655358
2.954551 -1.654761
2.955468 -1.654588
2.954420 -1.653770
2.955370 -1.653818
2.954289 -1.652778
2.955272 -1.653047
2.954158 -1.651786
2.955173 -1.652277
2.955075 -1.651507
2.954027 -1.650795
2.954977 -1.650737
2.953896 -1.649803
2.954879 -1.649966
2.953765 -1.648811
2.954781 -1.649196
2.954683 -1.648426
2.953634 -1.647820
2.954585 -1.647656
2.953503 -1.646828
2.954487 -1.646885
2.953372 -1.645836
2.954388 -1.646115
2.953241 -1.644845
2.954290 -1.645345
2.954192 -1.644575
2.953110 -1.643853
2.954094 -1.643804
2.952979 -1.642861
2.953996 -1.643034
2.952848 -1.641870
2.953898 -1.642264
2.953800 -1.641494
2.952717 -1.640878
2.953701 -1.640723
2.952586 -1.639886
2.953603 -1.639953
2.952455 -1.638895
2.953505 -1.639183
2.952324 -1.637903
2.953407 -1.638413
2.953309 -1.637642
2.952193 -1.636912
2.953211 -1.636872
2.952062 -1.635920
2.953113 -1.636102
2.951931 -1.634928
2.953014 -1.635332
2.952916 -1.634561
2.951800 -1.633937
2.952818 -1.633791
2.951669 -1.632945
2.952720 -1.633021
2.951538 -1.631953
2.952622 -1.632251
2.951407 -1.630962
2.952524 -1.631480
2.952426 -1.630710
2.951276 -1.629970
2.952328 -1.629940
2.951145 -1.628978
2.952229 -1.629170
2.951014 -1.627987
2.952131 -1.628399
2.950883 -1.626995
2.952033 -1.627629
2.951935 -1.626859
2.950751 -1.626003
2.951837 -1.626089
2.950620 -1.625012
2.951739 -1.625318
2.950489 -1.624020
2.951641 -1.624548
2.951542 -1.623778
2.950358 -1.623028
2.951444 -1.623008
2.950227 -1.622037
2.951346 -1.622237
2.950096 -1.621045
2.951248 -1.621467
2.949965 -1.620054
2.951150 -1.620697
2.951052 -1.619927
2.949834 -1.619062
2.950954 -1.619156
2.949703 -1.618070
2.950855 -1.618386
2.949572 -1.617079
2.950757 -1.617616
2.950659 -1.616846
2.949441 -1.616087
2.950561 -1.616075
2.949310 -1.615095
2.950463 -1.615305
2.949179 -1.614104
2.950365 -1.614535
2.949048 -1.613112
2.950267 -1.613765
2.950168 -1.612994
2.948917 -1.612120
2.950070 -1.612224
2.948786 -1.611129
2.949972 -1.611454
2.948655 -1.610137
2.949874 -1.610684
2.949776 -1.609913
2.948524 -1.609145
2.949678 -1.609143
2.948393 -1.608154
2.949580 -1.608373
2.948262 -1.607162
2.949482 -1.607603
2.948131 -1.606170
2.949383 -1.606832
2.949285 -1.606062
2.948000 -1.605179
2.949187 -1.605292
2.947869 -1.604187
2.949089 -1.604522
2.947738 -1.603196
2.948991 -1.603751
2.948893 -1.602981
2.947607 -1.602204
2.948795 -1.602211
2.947476 -1.601212
2.948696 -1.601441
2.947345 -1.600221
2.948598 -1.600670
2.947214 -1.599229
2.948500 -1.599900
2.948386 -1.599060
2.947083 -1.598237
2.948272 -1.598220
2.946952 -1.597246
2.948158 -1.597381
2.946821 -1.596254
2.948044 -1.596541
2.946690 -1.595262
2.947930 -1.595701
2.946559 -1.594271
2.947816 -1.594861
2.947702 -1.594021
2.946428 -1.593279
2.947588 -1.593182
2.946297 -1.592287
2.947474 -1.592342
2.946166 -1.591296
2.947360 -1.591502
2.946035 -1.590304
2.947246 -1.590662
2.945904 -1.589312
2.947132 -1.589822
2.945773 -1.588321
2.947018 -1.588982
2.946904 -1.588143
2.945642 -1.587329
2.946790 -1.587303
2.945511 -1.586338
2.946676 -1.586463
2.945380 -1.585346
2.946562 -1.585623
2.945249 -1.584354
2.946448 -1.584783
2.945118 -1.583363
2.946334 -1.583943
2.946220 -1.583104
2.944987 -1.582371
2.946106 -1.582264
2.944856 -1.581379
2.945992 -1.581424
2.944725 -1.580388
2.945878 -1.580584
2.944594 -1.579396
2.945764 -1.579744
2.944463 -1.578404
2.945650 -1.578905
2.945536 -1.578065
2.944332 -1.577413
2.945422 -1.577225
2.944201 -1.576421
2.945308 -1.576385
2.944070 -1.575429
2.945194 -1.575545
2.943939 -1.574438
2.945080 -1.574705
2.943808 -1.573446
2.944966 -1.573866
2.943677 -1.572454
2.944852 -1.573026
2.944738 -1.572186
2.943546 -1.571463
2.944624 -1.571346
2.943415 -1.570471
2.944510 -1.570506
2.943284 -1.569480
2.944396 -1.569667
2.943153 -1.568488
2.944282 -1.568827
2.943022 -1.567496
2.944168 -1.567987
2.944054 -1.567147
2.942890 -1.566505
2.943940 -1.566307
2.942759 -1.565513
2.943826 -1.565467
2.942628 -1.564521
2.943712 -1.564628
2.942497 -1.563530
2.943598 -1.563788
2.942366 -1.562538
2.943484 -1.562948
2.942235 -1.561546
2.943370 -1.562108
2.943256 -1.561268
2.942104 -1.560555
2.943142 -1.560428
2.941973 -1.559563
2.943028 -1.559589
2.941842 -1.558571
2.942914 -1.558749
2.941711 -1.557580
2.942800 -1.557909
2.941580 -1.556588
2.942686 -1.557069
2.942572 -1.556229
2.941449 -1.555596
2.942458 -1.555390
2.941318 -1.554605
2.942344 -1.554550
2.941187 -1.553613
2.942230 -1.553710
2.941056 -1.552621
2.942116 -1.552870
2.940925 -1.551630
2.942002 -1.552030
2.940794 -1.550638
2.941888 -1.551190
2.941774 -1.550351
2.940663 -1.549647
2.941660 -1.549511
2.940532 -1.548655
2.941546 -1.548671
2.940401 -1.547663
2.941432 -1.547831
2.940270 -1.546672
2.941318 -1.546991
2.940139 -1.545680
2.941204 -1.546151
2.941090 -1.545312
2.940008 -1.544688
2.940976 -1.544472
2.939877 -1.543697
2.940862 -1.543632
2.939746 -1.542705
2.940748 -1.542792
2.939615 -1.541713
2.940634 -1.541952
2.939484 -1.540722
2.940520 -1.541113
2.939353 -1.539730
2.940406 -1.540273
2.940292 -1.539433
2.939222 -1.538738
2.940178 -1.538593
2.939091 -1.537747
2.940064 -1.537753
2.938960 -1.536755
2.939950 -1.536913
2.938829 -1.535763
2.939836 -1.536074
2.938698 -1.534772
2.939722 -1.535234
2.939608 -1.534394
2.938567 -1.533780
2.939494 -1.533554
2.938436 -1.532789
2.939380 -1.532714
2.938305 -1.531797
2.939266 -1.531875
2.938174 -1.530805
2.939152 -1.531035
2.938043 -1.529814
2.939038 -1.530195
2.938924 -1.529355
2.937912 -1.528822
2.938810 -1.528515
2.937781 -1.527830
2.938696 -1.527675
2.937650 -1.526839
2.938582 -1.526836
2.937519 -1.525847
2.938468 -1.525996
2.937388 -1.524855
2.938354 -1.525156
2.937257 -1.523864
2.938240 -1.524316
2.938126 -1.523476
2.937126 -1.522872
2.938012 -1.522636
2.936995 -1.521880
2.937898 -1.521797
2.936864 -1.520889
2.937784 -1.520957
2.936733 -1.519897
2.937670 -1.520117
2.936602 -1.518905
2.937556 -1.519277
2.937442 -1.518437
2.936471 -1.517914
2.937328 -1.517598
2.936340 -1.516922
2.937214 -1.516758
2.936209 -1.515931
2.937100 -1.515918
2.936078 -1.514939
2.936986 -1.515078
2.935947 -1.513947
2.936872 -1.514238
2.935816 -1.512956
2.936758 -1.513398
2.936645 -1.512559
2.935685 -1.511964
2.936531 -1.511719
2.935554 -1.510972
2.936417 -1.510879
2.935423 -1.509981
2.936303 -1.510039
2.935292 -1.508989
2.936189 -1.509199
2.935160 -1.507997
2.936075 -1.508360
2.935961 -1.507520
2.935029 -1.507006
2.935847 -1.506680
2.934898 -1.506014
2.935733 -1.505840
2.934767 -1.505022
2.935619 -1.505000
2.934636 -1.504031
2.935505 -1.504160
2.934505 -1.503039
2.935391 -1.503321
2.934374 -1.502047
2.935277 -1.502481
2.935163 -1.501641
2.934243 -1.501056
2.935049 -1.500801
2.934112 -1.500064
2.934935 -1.499961
2.933981 -1.499073
2.934821 -1.499121
2.933850 -1.498081
2.934707 -1.498282
2.933719 -1.497089
2.934593 -1.497442
2.934479 -1.496602
2.933588 -1.496098
2.934365 -1.495762
2.933457 -1.495106
2.934251 -1.494922
2.933326 -1.494114
2.934137 -1.494083
2.933195 -1.493123
2.934023 -1.493243
2.933064 -1.492131
2.933909 -1.492403
2.932933 -1.491139
2.933795 -1.491563
2.933681 -1.490723
2.932802 -1.490148
2.933567 -1.489883
2.932671 -1.489156
2.933453 -1.489044
2.932540 -1.488164
2.933339 -1.488204
2.932409 -1.487173
2.933225 -1.487364
2.932278 -1.486181
2.933111 -1.486524
2.932997 -1.485684
2.932147 -1.485189
2.932883 -1.484845
2.932016 -1.484198
2.932769 -1.484005
2.931885 -1.483206
2.932655 -1.483165
2.931754 -1.482215
2.932541 -1.482325
2.931623 -1.481223
2.932427 -1.481485
2.931492 -1.480231
2.932313 -1.480645
2.932199 -1.479806
2.931361 -1.479240
2.932085 -1.478966
2.931230 -1.478248
2.931971 -1.478126
2.931099 -1.477256
2.931857 -1.477286
2.930968 -1.476265
2.931743 -1.476446
2.930837 -1.475273
2.931629 -1.475606
2.931515 -1.474767
2.930706 -1.474281
2.931401 -1.473927
2.930575 -1.473290
2.931287 -1.473087
2.930444 -1.472298
2.931173 -1.472247
2.930313 -1.471306
2.931059 -1.471407
2.930182 -1.470315
2.930945 -1.470568
2.930831 -1.469728
2.930051 -1.469323
2.930717 -1.468888
2.929920 -1.468331
2.930603 -1.468048
2.929789 -1.467340
2.930489 -1.467208
2.929658 -1.466348
2.930375 -1.466368
2.929527 -1.465357
2.930261 -1.465529
2.929396 -1.464365
2.930147 -1.464689
2.930033 -1.463849
2.929265 -1.463373
2.929919 -1.463009
2.929134 -1.462382
2.929805 -1.462169
2.929003 -1.461390
2.929691 -1.461330
2.928872 -1.460398
2.929577 -1.460490
2.928741 -1.459407
2.929463 -1.459650
2.929349 -1.458810
2.928610 -1.458415
2.929235 -1.457970
2.928479 -1.457423
2.929121 -1.457130
2.928348 -1.456432
2.929007 -1.456291
2.928217 -1.455440
2.928893 -1.455451
2.928086 -1.454448
2.928779 -1.454611
2.927955 -1.453457
2.928665 -1.453771
2.928551 -1.452931
2.927824 -1.452465
2.928437 -1.452091
2.927693 -1.451473
2.928323 -1.451252
2.927562 -1.450482
2.928209 -1.450412
2.927431 -1.449490
2.928095 -1.449572
2.927299 -1.448499
2.927981 -1.448732
2.927867 -1.447892
2.927168 -1.447507
2.927753 -1.447053
2.927037 -1.446515
2.927639 -1.446213
2.926906 -1.445524
2.927525 -1.445373
2.926775 -1.444532
2.927411 -1.444533
2.926644 -1.443540
2.927297 -1.443693
2.926513 -1.442549
2.927183 -1.442853
2.927069 -1.442014
2.926382 -1.441557
2.926955 -1.441174
2.926251 -1.440565
2.926841 -1.440334
2.926120 -1.439574
2.926727 -1.439494
2.925989 -1.438582
2.926613 -1.438654
2.925858 -1.437590
2.926499 -1.437814
2.926385 -1.436975
2.925727 -1.436599
2.926271 -1.436135
2.925596 -1.435607
2.926157 -1.435295
2.925465 -1.434615
2.926043 -1.434455
2.925334 -1.433624
2.925929 -1.433615
2.925203 -1.432632
2.925815 -1.432776
2.925072 -1.431641
2.925701 -1.431936
2.925587 -1.431096
2.924941 -1.430649
2.925473 -1.430256
2.924810 -1.429657
2.925359 -1.429416
2.924679 -1.428666
2.925245 -1.428576
2.924548 -1.427674
2.925131 -1.427737
2.924417 -1.426682
2.925017 -1.426897
2.924903 -1.426057
2.924286 -1.425691
2.924789 -1.425217
2.924155 -1.424699
2.924675 -1.424377
2.924024 -1.423707
2.924561 -1.423538
2.923893 -1.422716
2.924447 -1.422698
2.923762 -1.421724
2.924333 -1.421858
2.924219 -1.421018
2.923631 -1.420732
2.924105 -1.420178
2.923500 -1.419741
2.923991 -1.419338
2.923369 -1.418749
2.923877 -1.418499
2.923238 -1.417757
2.923763 -1.417659
2.923107 -1.416766
2.923649 -1.416819
2.922976 -1.415774
2.923535 -1.415979
2.923421 -1.415139
2.922845 -1.414782
2.923307 -1.414299
2.922714 -1.413791
2.923193 -1.413460
2.922583 -1.412799
2.923079 -1.412620
2.922452 -1.411808
2.922965 -1.411780
2.922321 -1.410816
2.922851 -1.410940
2.922737 -1.410100
2.922190 -1.409824
2.922623 -1.409261
2.922059 -1.408833
2.922509 -1.408421
2.921928 -1.407841
2.922395 -1.407581
2.921797 -1.406849
2.922281 -1.406741
2.921666 -1.405858
2.922167 -1.405901
2.921535 -1.404866
2.922053 -1.405061
2.921939 -1.404222
2.921404 -1.403874
2.921825 -1.403382
2.921273 -1.402883
2.921711 -1.402542
2.921142 -1.401891
2.921597 -1.401702
2.921011 -1.400899
2.921483 -1.400862
2.920880 -1.399908
2.921369 -1.400023
2.921255 -1.399183
2.920749 -1.398916
2.921141 -1.398343
2.920618 -1.397924
2.921027 -1.397503
2.920487 -1.396933
2.920913 -1.396663
2.920356 -1.395941
2.920799 -1.395823
2.920225 -1.394950
2.920685 -1.394984
2.920094 -1.393958
2.920571 -1.394144
2.920457 -1.393304
2.919963 -1.392966
2.920343 -1.392464
2.919832 -1.391975
2.920229 -1.391624
2.919701 -1.390983
2.920115 -1.390784
2.919570 -1.389991
2.920001 -1.389945
2.919438 -1.389000
2.919887 -1.389105
2.919773 -1.388265
2.919307 -1.388008
2.919659 -1.387425
2.919176 -1.387016
2.919545 -1.386585
2.919045 -1.386025
2.919431 -1.385746
2.918914 -1.385033
2.919317 -1.384906
2.918783 -1.384041
2.919203 -1.384066
2.918652 -1.383050
2.919089 -1.383226
2.918975 -1.382386
2.918521 -1.382058
2.918861 -1.381546
2.918390 -1.381066
2.918747 -1.380707
2.918259 -1.380075
2.918633 -1.379867
2.918128 -1.379083
2.918519 -1.379027
2.917997 -1.378092
2.918405 -1.378187
2.918291 -1.377347
2.917866 -1.377100
2.918177 -1.376508
2.917735 -1.376108
2.918063 -1.375668
2.917604 -1.375117
2.917949 -1.374828
2.917473 -1.374125
2.917835 -1.373988
2.917342 -1.373133
2.917721 -1.373148
2.917211 -1.372142
2.917607 -1.372308
2.917493 -1.371469
2.917080 -1.371150
2.917379 -1.370629
2.916949 -1.370158
2.917265 -1.369789
2.916818 -1.369167
2.917151 -1.368949
2.916687 -1.368175
2.917037 -1.368109
2.916556 -1.367183
2.916923 -1.367269
2.916809 -1.366430
2.916425 -1.366192
2.916695 -1.365590
2.916294 -1.365200
2.916581 -1.364750
2.916163 -1.364208
2.916467 -1.363910
2.916032 -1.363217
2.916353 -1.363070
2.915901 -1.362225
2.916239 -1.362231
2.915770 -1.361234
2.916125 -1.361391
2.916011 -1.360551
2.915639 -1.360242
2.915897 -1.359711
2.915508 -1.359250
2.915783 -1.358871
2.915377 -1.358259
2.915669 -1.358031
2.915246 -1.357267
2.915555 -1.357192
2.915115 -1.356275
2.915441 -1.356352
2.915327 -1.355512
2.914984 -1.355284
2.915213 -1.354672
2.914853 -1.354292
2.915099 -1.353832
2.914722 -1.353300
2.914985 -1.352992
2.914591 -1.352309
2.914871 -1.352153
2.914460 -1.351317
2.914757 -1.351313
2.914643 -1.350473
2.914329 -1.350325
2.914529 -1.349633
2.914198 -1.349334
2.914415 -1.348793
2.914067 -1.348342
2.914301 -1.347954
2.913936 -1.347350
2.914187 -1.347114
2.913805 -1.346359
2.914073 -1.346274
2.913674 -1.345367
2.913959 -1.345434
2.913845 -1.344594
2.913543 -1.344376
2.913731 -1.343754
2.913412 -1.343384
2.913617 -1.342915
2.913281 -1.342392
2.913503 -1.342075
2.913150 -1.341401
2.913389 -1.341235
2.913019 -1.340409
2.913275 -1.340395
2.913161 -1.339555
2.912888 -1.339417
2.913047 -1.338716
2.912757 -1.338426
2.912933 -1.337876
2.912626 -1.337434
2.912819 -1.337036
2.912495 -1.336442
2.912705 -1.336196
2.912364 -1.335451
2.912591 -1.335356
2.912233 -1.334459
2.912477 -1.334516
2.912363 -1.333677
2.912102 -1.333467
2.912249 -1.332837
2.911971 -1.332476
2.912135 -1.331997
2.911840 -1.331484
2.912021 -1.331157
2.911708 -1.330492
2.911907 -1.330317
2.911577 -1.329501
2.911793 -1.329477
2.911679 -1.328638
2.911446 -1.328509
2.911565 -1.327798
2.911315 -1.327518
2.911451 -1.326958
2.911184 -1.326526
2.911337 -1.326118
2.911053 -1.325534
2.911223 -1.325278
2.910922 -1.324543
2.911109 -1.324439
2.910791 -1.323551
2.910995 -1.323599
2.910881 -1.322759
2.910660 -1.322559
2.910767 -1.321919
2.910529 -1.321568
2.910653 -1.321079
2.910398 -1.320576
2.910539 -1.320239
2.910267 -1.319584
2.910425 -1.319400
2.910136 -1.318593
2.910311 -1.318560
2.910197 -1.317720
2.910005 -1.317601
2.910083 -1.316880
2.909874 -1.316609
2.909969 -1.316040
2.909743 -1.315618
2.909855 -1.315201
2.909612 -1.314626
2.909741 -1.314361
2.909481 -1.313634
2.909627 -1.313521
2.909350 -1.312643
2.909513 -1.312681
2.909399 -1.311841
2.909219 -1.311651
2.909285 -1.311001
2.909088 -1.310660
2.909171 -1.310162
2.908957 -1.309668
2.909057 -1.309322
2.908826 -1.308676
2.908943 -1.308482
2.908695 -1.307685
2.908829 -1.307642
2.908715 -1.306802
2.908564 -1.306693
2.908601 -1.305962
2.908433 -1.305701
2.908487 -1.305123
2.908302 -1.304710
2.908373 -1.304283
2.908171 -1.303718
2.908259 -1.303443
2.908040 -1.302726
2.908145 -1.302603
2.907909 -1.301735
2.908031 -1.301763
2.907917 -1.300924
2.907778 -1.300743
2.907803 -1.300084
2.907647 -1.299751
2.907689 -1.299244
2.907516 -1.298760
2.907575 -1.298404
2.907385 -1.297768
2.907461 -1.297564
2.907254 -1.296776
2.907347 -1.296724
2.907233 -1.295885
2.907123 -1.295785
2.907119 -1.295045
2.906992 -1.294793
2.907005 -1.294205
2.906861 -1.293802
2.906891 -1.293365
2.906730 -1.292810
2.906777 -1.292525
2.906599 -1.291818
2.906663 -1.291686
2.906468 -1.290827
2.906549 -1.290846
2.906435 -1.290006
2.906337 -1.289835
2.906321 -1.289166
2.906206 -1.288843
2.906207 -1.288326
2.906075 -1.287852
2.906093 -1.287486
2.905944 -1.286860
2.905979 -1.286647
2.905813 -1.285868
2.905865 -1.285807
2.905751 -1.284967
2.905682 -1.284877
2.905637 -1.284127
2.905551 -1.283885
2.905523 -1.283287
2.905420 -1.282893
2.905409 -1.282447
2.905289 -1.281902
2.905295 -1.281608
2.905158 -1.280910
2.905181 -1.280768
2.905027 -1.279918
2.905067 -1.279928
2.904953 -1.279088
2.904896 -1.278927
2.904839 -1.278248
2.904765 -1.277935
2.904725 -1.277409
2.904634 -1.276944
2.904611 -1.276569
2.904503 -1.275952
2.904497 -1.275729
2.904372 -1.274960
2.904383 -1.274889
2.904269 -1.274049
2.904241 -1.273969
2.904155 -1.273209
2.904110 -1.272977
2.904041 -1.272370
2.903979 -1.271985
2.903927 -1.271530
2.903847 -1.270994
2.903813 -1.270690
2.903716 -1.270002
2.903699 -1.269850
2.903585 -1.269010
2.740652 -0.516593
2.740652 -0.516593
2.740499 -0.516121
2.740397 -0.515768
2.740397 -0.515768
2.740346 -0.515650
2.740365 -0.515639
2.740193 -0.515178
2.740142 -0.514944
2.740142 -0.514944
2.740039 -0.514707
2.740079 -0.514685
2.739886 -0.514235
2.739887 -0.514119
2.739887 -0.514119
2.739733 -0.513764
2.739792 -0.513731
2.739580 -0.513292
2.739632 -0.513294
2.739632 -0.513294
2.739427 -0.512821
2.739505 -0.512777
2.739378 -0.512470
2.739378 -0.512470
2.739273 -0.512349
2.739120 -0.511878
2.739218 -0.511823
2.739123 -0.511645
2.739123 -0.511645
2.738967 -0.511406
2.738814 -0.510934
2.738932 -0.510868
2.738868 -0.510820
2.738868 -0.510820
2.738661 -0.510463
2.738507 -0.509991
2.738613 -0.509995
2.738613 -0.509995
2.738645 -0.509914
2.738354 -0.509520
2.738358 -0.509171
2.738358 -0.509171
2.738201 -0.509048
2.738358 -0.508960
2.738048 -0.508577
2.738103 -0.508346
2.738103 -0.508346
2.737895 -0.508105
2.738071 -0.508006
2.737741 -0.507634
2.737848 -0.507521
2.737848 -0.507521
2.737588 -0.507162
2.737785 -0.507052
2.737435 -0.506691
2.737593 -0.506697
2.737593 -0.506697
2.737282 -0.506219
2.737498 -0.506098
2.737338 -0.505872
2.737338 -0.505872
2.737128 -0.505747
2.736975 -0.505276
2.737211 -0.505144
2.737083 -0.505047
2.737083 -0.505047
2.736822 -0.504804
2.736669 -0.504333
2.736828 -0.504223
2.736828 -0.504223
2.736924 -0.504190
2.736516 -0.503861
2.736362 -0.503390
2.736573 -0.503398
2.736573 -0.503398
2.736638 -0.503236
2.736209 -0.502918
2.736318 -0.502573
2.736318 -0.502573
2.736056 -0.502447
2.736351 -0.502282
2.735903 -0.501975
2.736063 -0.501749
2.736063 -0.501749
2.735750 -0.501504
2.736064 -0.501328
2.735596 -0.501032
2.735808 -0.500924
2.735808 -0.500924
2.735443 -0.500560
2.735777 -0.500374
2.735290 -0.500089
2.735553 -0.500099
2.735553 -0.500099
2.735137 -0.499617
2.735491 -0.499419
2.735298 -0.499275
2.735298 -0.499275
2.734984 -0.499146
2.734830 -0.498674
2.735043 -0.498450
2.735043 -0.498450
2.735204 -0.498465
2.734677 -0.498203
2.734524 -0.497731
2.734788 -0.497625
2.734788 -0.497625
2.734917 -0.497511
2.734371 -0.497260
2.734218 -0.496788
2.734534 -0.496801
2.734534 -0.496801
2.734630 -0.496557
2.734064 -0.496317
2.734279 -0.495976
2.734279 -0.495976
2.733911 -0.495845
2.734343 -0.495603
2.733758 -0.495373
2.734024 -0.495151
2.734024 -0.495151
2.733605 -0.494902
2.734057 -0.494649
2.733452 -0.494430
2.733769 -0.494326
2.733769 -0.494326
2.733298 -0.493959
2.733770 -0.493695
2.733145 -0.493487
2.733514 -0.493502
2.733514 -0.493502
2.732992 -0.493016
2.733483 -0.492741
2.733259 -0.492677
2.733259 -0.492677
2.732839 -0.492544
2.732685 -0.492073
2.733004 -0.491852
2.733004 -0.491852
2.733196 -0.491787
2.732532 -0.491601
2.732379 -0.491130
2.732749 -0.491028
2.732749 -0.491028
2.732910 -0.490833
2.732226 -0.490658
2.732073 -0.490186
2.732494 -0.490203
2.732494 -0.490203
2.732623 -0.489879
2.731919 -0.489715
2.732239 -0.489378
2.732239 -0.489378
2.731766 -0.489243
2.732336 -0.488925
2.731613 -0.488772
2.731984 -0.488554
2.731984 -0.488554
2.731460 -0.488300
2.732049 -0.487970
2.731307 -0.487829
2.731729 -0.487729
2.731729 -0.487729
2.731153 -0.487357
2.731000 -0.486886
2.731763 -0.487016
2.731474 -0.486904
2.731474 -0.486904
2.730847 -0.486414
2.731219 -0.486080
2.731219 -0.486080
2.730694 -0.485943
2.731476 -0.486062
2.730541 -0.485471
2.730964 -0.485255
2.730964 -0.485255
2.730387 -0.484999
2.731189 -0.485108
2.730234 -0.484528
2.730709 -0.484430
2.730709 -0.484430
2.730081 -0.484056
2.730902 -0.484154
2.729928 -0.483585
2.730454 -0.483606
2.730454 -0.483606
2.729775 -0.483113
2.730616 -0.483200
2.730199 -0.482781
2.730199 -0.482781
2.729621 -0.482642
2.729468 -0.482170
2.730329 -0.482246
2.729945 -0.481956
2.729945 -0.481956
2.729315 -0.481699
2.729162 -0.481227
2.730042 -0.481292
2.729690 -0.481132
2.729690 -0.481132
2.729009 -0.480756
2.728855 -0.480284
2.729435 -0.480307
2.729435 -0.480307
2.729755 -0.480338
2.728702 -0.479813
2.729180 -0.479482
2.729180 -0.479482
2.728549 -0.479341
2.729469 -0.479384
2.728396 -0.478869
2.728925 -0.478657
2.728925 -0.478657
2.728243 -0.478398
2.729182 -0.478430
2.728089 -0.477926
2.728670 -0.477833
2.728670 -0.477833
2.727936 -0.477455
2.728895 -0.477476
2.727783 -0.476983
2.728415 -0.477008
2.728415 -0.477008
2.727630 -0.476512
2.728608 -0.476521
2.728160 -0.476183
2.728160 -0.476183
2.727476 -0.476040
2.727323 -0.475569
2.728321 -0.475567
2.727905 -0.475359
2.727905 -0.475359
2.727170 -0.475097
2.727017 -0.474626
2.728035 -0.474613
2.727650 -0.474534
2.727650 -0.474534
2.726864 -0.474154
2.726710 -0.473682
2.727395 -0.473709
2.727395 -0.473709
2.727748 -0.473659
2.726557 -0.473211
2.727140 -0.472885
2.727140 -0.472885
2.726404 -0.472739
2.727461 -0.472705
2.726251 -0.472268
2.726885 -0.472060
2.726885 -0.472060
2.726098 -0.471796
2.727174 -0.471751
2.725944 -0.471325
2.726630 -0.471235
2.726630 -0.471235
2.725791 -0.470853
2.726888 -0.470797
2.725638 -0.470382
2.726375 -0.470411
2.726375 -0.470411
2.725485 -0.469910
2.726601 -0.469843
2.726120 -0.469586
2.726120 -0.469586
2.725332 -0.469439
2.725178 -0.468967
2.726314 -0.468889
2.725865 -0.468761
2.725865 -0.468761
2.725025 -0.468495
2.724872 -0.468024
2.725610 -0.467937
2.725610 -0.467937
2.726027 -0.467935
2.724719 -0.467552
2.724566 -0.467081
2.725355 -0.467112
2.725355 -0.467112
2.725741 -0.466981
2.724412 -0.466609
2.725101 -0.466287
2.725101 -0.466287
2.724259 -0.466138
2.725454 -0.466027
2.724106 -0.465666
2.724846 -0.465463
2.724846 -0.465463
2.723953 -0.465195
2.725167 -0.465072
2.723800 -0.464723
2.724591 -0.464638
2.724591 -0.464638
2.723646 -0.464252
2.724880 -0.464118
2.723493 -0.463780
2.724336 -0.463813
2.724336 -0.463813
2.723340 -0.463308
2.724594 -0.463164
2.723187 -0.462837
2.724081 -0.462988
2.724081 -0.462988
2.723033 -0.462365
2.723826 -0.462164
2.723826 -0.462164
2.724307 -0.462210
2.722880 -0.461894
2.722727 -0.461422
2.723571 -0.461339
2.723571 -0.461339
2.724020 -0.461256
2.722574 -0.460951
2.722421 -0.460479
2.723316 -0.460514
2.723316 -0.460514
2.723733 -0.460302
2.722267 -0.460008
2.722114 -0.459536
2.723061 -0.459690
2.723061 -0.459690
2.723446 -0.459348
2.721961 -0.459065
2.722806 -0.458865
2.722806 -0.458865
2.721808 -0.458593
2.723160 -0.458394
2.721655 -0.458121
2.722551 -0.458040
2.722551 -0.458040
2.721501 -0.457650
2.722873 -0.457440
2.721348 -0.457178
2.722296 -0.457216
2.722296 -0.457216
2.721195 -0.456707
2.721042 -0.456235
2.722586 -0.456486
2.722041 -0.456391
2.722041 -0.456391
2.720889 -0.455764
2.721786 -0.455566
2.721786 -0.455566
2.720735 -0.455292
2.722299 -0.455532
2.720582 -0.454821
2.721531 -0.454742
2.721531 -0.454742
2.720429 -0.454349
2.722013 -0.454578
2.720276 -0.453878
2.721276 -0.453917
2.721276 -0.453917
2.720123 -0.453406
2.721726 -0.453623
2.719969 -0.452934
2.721021 -0.453092
2.721021 -0.453092
2.719816 -0.452463
2.721439 -0.452669
2.720766 -0.452268
2.720766 -0.452268
2.719663 -0.451991
2.719510 -0.451520
2.721152 -0.451715
2.720512 -0.451443
2.720512 -0.451443
2.719357 -0.451048
2.719203 -0.450577
2.720866 -0.450761
2.720257 -0.450618
2.720257 -0.450618
2.719050 -0.450105
2.718897 -0.449634
2.720002 -0.449794
2.720002 -0.449794
2.720579 -0.449807
2.718744 -0.449162
2.719747 -0.448969
2.719747 -0.448969
2.718590 -0.448691
2.720292 -0.448853
2.718437 -0.448219
2.719492 -0.448144
2.719492 -0.448144
2.718284 -0.447747
2.720005 -0.447899
2.718131 -0.447276
2.719237 -0.447319
2.719237 -0.447319
2.717978 -0.446804
2.719719 -0.446945
2.717824 -0.446333
2.718982 -0.446495
2.718982 -0.446495
2.717671 -0.445861
2.719432 -0.445991
2.718727 -0.445670
2.718727 -0.445670
2.717518 -0.445390
2.717365 -0.444918
2.719145 -0.445037
2.718472 -0.444845
2.718472 -0.444845
2.717212 -0.444447
2.717058 -0.443975
2.718217 -0.444021
2.718217 -0.444021
2.718858 -0.444083
2.716905 -0.443504
2.716752 -0.443032
2.717962 -0.443196
2.717962 -0.443196
2.718572 -0.443129
2.716599 -0.442561
2.717707 -0.442371
2.717707 -0.442371
2.716446 -0.442089
2.718285 -0.442174
2.716292 -0.441617
2.717452 -0.441547
2.717452 -0.441547
2.716139 -0.441146
2.717998 -0.441220
2.715986 -0.440674
2.717197 -0.440722
2.717197 -0.440722
2.715833 -0.440203
2.717711 -0.440266
2.715680 -0.439731
2.716942 -0.439897
2.716942 -0.439897
2.715526 -0.439260
2.717424 -0.439312
2.716687 -0.439073
2.716687 -0.439073
2.715373 -0.438788
2.715220 -0.438317
2.716432 -0.438248
2.716432 -0.438248
2.717138 -0.438358
2.715067 -0.437845
2.714914 -0.437374
2.716177 -0.437423
2.716177 -0.437423
2.716851 -0.437404
2.714760 -0.436902
2.714607 -0.436430
2.715922 -0.436599
2.715922 -0.436599
2.716564 -0.436450
2.714454 -0.435959
2.715668 -0.435774
2.715668 -0.435774
2.714301 -0.435487
2.716277 -0.435496
2.714147 -0.435016
2.715413 -0.434949
2.715413 -0.434949
2.713994 -0.434544
2.715991 -0.434542
2.713841 -0.434073
2.715158 -0.434125
2.715158 -0.434125
2.713688 -0.433601
2.715704 -0.433588
2.713535 -0.433130
2.714903 -0.433300
2.714903 -0.433300
2.713381 -0.432658
2.715417 -0.432634
2.714648 -0.432475
2.714648 -0.432475
2.713228 -0.432187
2.713075 -0.431715
2.714393 -0.431650
2.714393 -0.431650
2.715130 -0.431680
2.712922 -0.431243
2.712769 -0.430772
2.714138 -0.430826
2.714138 -0.430826
2.714844 -0.430725
2.712615 -0.430300
2.712462 -0.429829
2.713883 -0.430001
2.713883 -0.430001
2.714557 -0.429771
2.712309 -0.429357
2.713628 -0.429176
2.713628 -0.429176
2.712156 -0.428886
2.714270 -0.428817
2.712003 -0.428414
2.713373 -0.428352
2.713373 -0.428352
2.711849 -0.427943
2.713983 -0.427863
2.711696 -0.427471
2.713118 -0.427527
2.713118 -0.427527
2.711543 -0.427000
2.713697 -0.426909
2.711390 -0.426528
2.712863 -0.426702
2.712863 -0.426702
2.711237 -0.426056
2.712608 -0.425878
2.712608 -0.425878
2.713410 -0.425955
2.711083 -0.425585
2.710930 -0.425113
2.712353 -0.425053
2.712353 -0.425053
2.710777 -0.424642
2.713123 -0.425001
2.710624 -0.424170
2.712098 -0.424228
2.712098 -0.424228
2.710471 -0.423699
2.712836 -0.424047
2.710317 -0.423227
2.711843 -0.423404
2.711843 -0.423404
2.710164 -0.422756
2.712550 -0.423093
2.711588 -0.422579
2.711588 -0.422579
2.710011 -0.422284
2.709858 -0.421813
2.712263 -0.422139
2.711333 -0.421754
2.711333 -0.421754
2.709704 -0.421341
2.709551 -0.420869
2.711976 -0.421185
2.711079 -0.420930
2.711079 -0.420930
2.709398 -0.420398
2.709245 -0.419926
2.710824 -0.420105
2.710824 -0.420105
2.711689 -0.420231
2.709092 -0.419455
2.710569 -0.419280
2.710569 -0.419280
2.708938 -0.418983
2.711402 -0.419276
2.708785 -0.418512
2.710314 -0.418456
2.710314 -0.418456
2.708632 -0.418040
2.711116 -0.418322
2.708479 -0.417569
2.710059 -0.417631
2.710059 -0.417631
2.708326 -0.417097
2.710829 -0.417368
2.708172 -0.416626
2.709804 -0.416806
2.709804 -0.416806
2.708019 -0.416154
2.710542 -0.416414
2.709549 -0.415981
2.709549 -0.415981
2.707866 -0.415682
2.707713 -0.415211
2.710255 -0.415460
2.709294 -0.415157
2.709294 -0.415157
2.707560 -0.414739
2.707406 -0.414268
2.709969 -0.414506
2.709039 -0.414332
2.709039 -0.414332
2.707253 -0.413796
2.707100 -0.413325
2.708784 -0.413507
2.708784 -0.413507
2.709682 -0.413552
2.706947 -0.412853
2.708529 -0.412683
2.708529 -0.412683
2.706794 -0.412382
2.709395 -0.412598
2.706640 -0.411910
2.708274 -0.411858
2.708274 -0.411858
2.706487 -0.411439
2.709108 -0.411644
2.706334 -0.410967
2.708019 -0.411033
2.708019 -0.411033
2.706181 -0.410495
2.708822 -0.410690
2.706028 -0.410024
2.707764 -0.410209
2.707764 -0.410209
2.705874 -0.409552
2.708535 -0.409736
2.707509 -0.409384
2.707509 -0.409384
2.705721 -0.409081
2.705568 -0.408609
2.708248 -0.408782
2.707254 -0.408559
2.707254 -0.408559
2.705415 -0.408138
2.705261 -0.407666
2.706999 -0.407735
2.706999 -0.407735
2.707961 -0.407827
2.705108 -0.407195
2.704955 -0.406723
2.706744 -0.406910
2.706744 -0.406910
2.707675 -0.406873
2.704802 -0.406252
2.706490 -0.406085
2.706490 -0.406085
2.704649 -0.405780
2.707388 -0.405919
2.704495 -0.405309
2.706235 -0.405261
2.706235 -0.405261
2.704342 -0.404837
2.707101 -0.404965
2.704189 -0.404365
2.705980 -0.404436
2.705980 -0.404436
2.704036 -0.403894
2.706814 -0.404011
2.703883 -0.403422
2.705725 -0.403611
2.705725 -0.403611
2.703729 -0.402951
2.706527 -0.403057
2.705470 -0.402787
2.705470 -0.402787
2.703576 -0.402479
2.703423 -0.402008
2.705215 -0.401962
2.705215 -0.401962
2.706241 -0.402103
2.703270 -0.401536
2.703117 -0.401065
2.704960 -0.401137
2.704960 -0.401137
2.705954 -0.401149
2.702963 -0.400593
2.702810 -0.400122
2.704705 -0.400312
2.704705 -0.400312
2.705667 -0.400195
2.702657 -0.399650
2.704450 -0.399488
2.704450 -0.399488
2.702504 -0.399178
2.705380 -0.399241
2.702351 -0.398707
2.704195 -0.398663
2.704195 -0.398663
2.702197 -0.398235
2.705094 -0.398287
2.702044 -0.397764
2.703940 -0.397838
2.703940 -0.397838
2.701891 -0.397292
2.704807 -0.397333
2.701738 -0.396821
2.703685 -0.397014
2.703685 -0.397014
2.701585 -0.396349
2.704520 -0.396378
2.703430 -0.396189
2.703430 -0.396189
2.701431 -0.395878
2.701278 -0.395406
2.703175 -0.395364
2.703175 -0.395364
2.704233 -0.395424
2.701125 -0.394935
2.700972 -0.394463
2.702920 -0.394540
2.702920 -0.394540
2.703947 -0.394470
2.700818 -0.393991
2.700665 -0.393520
2.702665 -0.393715
2.702665 -0.393715
2.703660 -0.393516
2.700512 -0.393048
2.702410 -0.392890
2.702410 -0.392890
2.700359 -0.392577
2.700206 -0.392105
2.703373 -0.392562
2.702155 -0.392066
2.702155 -0.392066
2.700052 -0.391634
2.699899 -0.391162
2.703086 -0.391608
2.701900 -0.391241
2.701900 -0.391241
2.699746 -0.390691
2.699593 -0.390219
2.702800 -0.390654
2.701646 -0.390416
2.701646 -0.390416
2.699440 -0.389748
2.701391 -0.389592
2.701391 -0.389592
2.699286 -0.389276
2.702513 -0.389700
2.699133 -0.388804
2.701136 -0.388767
2.701136 -0.388767
2.698980 -0.388333
2.702226 -0.388746
2.698827 -0.387861
2.700881 -0.387942
2.700881 -0.387942
2.698674 -0.387390
2.701939 -0.387792
2.698520 -0.386918
2.700626 -0.387118
2.700626 -0.387118
2.698367 -0.386447
2.701653 -0.386838
2.700371 -0.386293
2.700371 -0.386293
2.698214 -0.385975
2.698061 -0.385504
2.701366 -0.385884
2.700116 -0.385468
2.700116 -0.385468
2.697908 -0.385032
2.697754 -0.384561
2.701079 -0.384929
2.699861 -0.384643
2.699861 -0.384643
2.697601 -0.384089
2.697448 -0.383617
2.699606 -0.383819
2.699606 -0.383819
2.700792 -0.383975
2.697295 -0.383146
2.699351 -0.382994
2.699351 -0.382994
2.697142 -0.382674
2.700505 -0.383021
2.696988 -0.382203
2.699096 -0.382169
2.699096 -0.382169
2.696835 -0.381731
2.700219 -0.382067
2.696682 -0.381260
2.698841 -0.381345
2.698841 -0.381345
2.696529 -0.380788
2.699932 -0.381113
2.696376 -0.380317
2.698586 -0.380520
2.698586 -0.380520
2.696222 -0.379845
2.699645 -0.380159
2.698331 -0.379695
2.698331 -0.379695
2.696069 -0.379374
2.695916 -0.378902
2.699358 -0.379205
2.698076 -0.378871
2.698076 -0.378871
2.695763 -0.378430
2.695609 -0.377959
2.699072 -0.378251
2.697821 -0.378046
2.697821 -0.378046
2.695456 -0.377487
2.695303 -0.377016
2.697566 -0.377221
2.697566 -0.377221
2.698785 -0.377297
2.697311 -0.376397
2.697311 -0.376397
2.695014 -0.376057
2.698498 -0.376343
2.697057 -0.375572
2.697057 -0.375572
2.694726 -0.375099
2.698211 -0.375389
2.696802 -0.374747
2.696802 -0.374747
2.694437 -0.374140
2.697925 -0.374435
2.696547 -0.373923
2.696547 -0.373923
2.694148 -0.373182
2.697638 -0.373480
2.696292 -0.373098
2.696292 -0.373098
2.693860 -0.372223
2.697351 -0.372526
2.696037 -0.372273
2.696037 -0.372273
2.693571 -0.371265
2.695782 -0.371449
2.695782 -0.371449
2.697064 -0.371572
2.695527 -0.370624
2.695527 -0.370624
2.693282 -0.370306
2.696778 -0.370618
2.695272 -0.369799
2.695272 -0.369799
2.692994 -0.369347
2.696491 -0.369664
2.695017 -0.368974
2.695017 -0.368974
2.692705 -0.368389
2.696204 -0.368710
2.694762 -0.368150
2.694762 -0.368150
2.692416 -0.367430
2.695917 -0.367756
2.694507 -0.367325
2.694507 -0.367325
2.692127 -0.366472
2.695631 -0.366802
2.694252 -0.366500
2.694252 -0.366500
2.691839 -0.365513
2.693997 -0.365676
2.693997 -0.365676
2.695344 -0.365848
2.691550 -0.364555
2.693742 -0.364851
2.693742 -0.364851
2.695057 -0.364894
2.693487 -0.364026
2.693487 -0.364026
2.691261 -0.363596
2.694770 -0.363940
2.693232 -0.363202
2.693232 -0.363202
2.690973 -0.362638
2.694483 -0.362986
2.692977 -0.362377
2.692977 -0.362377
2.690684 -0.361679
2.694197 -0.362031
2.692722 -0.361552
2.692722 -0.361552
2.690395 -0.360720
2.693910 -0.361077
2.692467 -0.360728
2.692467 -0.360728
2.690107 -0.359762
2.693623 -0.360123
2.692213 -0.359903
2.692213 -0.359903
2.689818 -0.358803
2.691958 -0.359078
2.691958 -0.359078
2.693336 -0.359169
2.691703 -0.358254
2.691703 -0.358254
2.689529 -0.357845
2.693050 -0.358215
2.691448 -0.357429
2.691448 -0.357429
2.689241 -0.356886
2.692763 -0.357261
2.691193 -0.356604
2.691193 -0.356604
2.688952 -0.355928
2.692476 -0.356307
2.690938 -0.355779
2.690938 -0.355779
2.688663 -0.354969
2.692189 -0.355353
2.690683 -0.354955
2.690683 -0.354955
2.688374 -0.354011
2.691903 -0.354399
2.690428 -0.354130
2.690428 -0.354130
2.688086 -0.353052
2.690173 -0.353305
2.690173 -0.353305
2.691616 -0.353445
2.689918 -0.352481
2.689918 -0.352481
2.687797 -0.352093
2.691329 -0.352491
2.689663 -0.351656
2.689663 -0.351656
2.687508 -0.351135
2.691042 -0.351537
2.689408 -0.350831
2.689408 -0.350831
2.687220 -0.350176
2.690756 -0.350582
2.689153 -0.350007
2.689153 -0.350007
2.686931 -0.349218
2.690469 -0.349628
2.688898 -0.349182
2.688898 -0.349182
2.686642 -0.348259
2.690182 -0.348674
2.688643 -0.348357
2.688643 -0.348357
2.686354 -0.347301
2.688388 -0.347533
2.688388 -0.347533
2.689895 -0.347720
2.688133 -0.346708
2.688133 -0.346708
2.686065 -0.346342
2.689609 -0.346766
2.687878 -0.345883
2.687878 -0.345883
2.685776 -0.345384
2.689322 -0.345812
2.687624 -0.345059
2.687624 -0.345059
2.685488 -0.344425
2.689035 -0.344858
2.687369 -0.344234
2.687369 -0.344234
2.685199 -0.343466
2.688748 -0.343904
2.687114 -0.343409
2.687114 -0.343409
2.684910 -0.342508
2.688461 -0.342950
2.686859 -0.342585
2.686859 -0.342585
2.684621 -0.341549
2.688175 -0.341996
2.686604 -0.341760
2.686604 -0.341760
2.686349 -0.340935
2.686349 -0.340935
2.684333 -0.340591
2.687888 -0.341042
2.686094 -0.340110
2.686094 -0.340110
2.687601 -0.340088
2.684044 -0.339632
2.685839 -0.339286
2.685839 -0.339286
2.687314 -0.339133
2.683755 -0.338674
2.685584 -0.338461
2.685584 -0.338461
2.687028 -0.338179
2.683467 -0.337715
2.685329 -0.337636
2.685329 -0.337636
2.686741 -0.337225
2.683178 -0.336757
2.685074 -0.336812
2.685074 -0.336812
2.686454 -0.336271
2.682889 -0.335798
2.684819 -0.335987
2.684819 -0.335987
2.684564 -0.335162
2.684564 -0.335162
2.686167 -0.335317
2.682601 -0.334839
2.684309 -0.334338
2.684309 -0.334338
2.685881 -0.334363
2.682312 -0.333881
2.684054 -0.333513
2.684054 -0.333513
2.685594 -0.333409
2.682023 -0.332922
2.683799 -0.332688
2.683799 -0.332688
2.685307 -0.332455
2.681734 -0.331964
2.683544 -0.331864
2.683544 -0.331864
2.685020 -0.331501
2.681446 -0.331005
2.683289 -0.331039
2.683289 -0.331039
2.684734 -0.330547
2.681157 -0.330047
2.683034 -0.330214
2.683034 -0.330214
2.682780 -0.329390
2.682780 -0.329390
2.684447 -0.329593
2.680868 -0.329088
2.682525 -0.328565
2.682525 -0.328565
2.684160 -0.328639
2.680580 -0.328130
2.682270 -0.327740
2.682270 -0.327740
2.683873 -0.327684
2.680291 -0.327171
2.682015 -0.326916
2.682015 -0.326916
2.683586 -0.326730
2.680002 -0.326212
2.681760 -0.326091
2.681760 -0.326091
2.683300 -0.325776
2.679714 -0.325254
2.681505 -0.325266
2.681505 -0.325266
2.683013 -0.324822
2.679425 -0.324295
2.681250 -0.324441
2.681250 -0.324441
2.682726 -0.323868
2.680995 -0.323617
2.680995 -0.323617
2.679136 -0.323337
2.680740 -0.322792
2.680740 -0.322792
2.682439 -0.322914
2.678848 -0.322378
2.680485 -0.321967
2.680485 -0.321967
2.682153 -0.321960
2.678559 -0.321420
2.680230 -0.321143
2.680230 -0.321143
2.681866 -0.321006
2.678270 -0.320461
2.679975 -0.320318
2.679975 -0.320318
2.681579 -0.320052
2.677981 -0.319503
2.679720 -0.319493
2.679720 -0.319493
2.681292 -0.319098
2.677693 -0.318544
2.679465 -0.318669
2.679465 -0.318669
2.681006 -0.318144
2.679210 -0.317844
2.679210 -0.317844
2.677404 -0.317585
2.678955 -0.317019
2.678955 -0.317019
2.680719 -0.317190
2.677115 -0.316627
2.678700 -0.316195
2.678700 -0.316195
2.680432 -0.316235
2.676827 -0.315668
2.678445 -0.315370
2.678445 -0.315370
2.680145 -0.315281
2.676538 -0.314710
2.678191 -0.314545
2.678191 -0.314545
2.679859 -0.314327
2.676249 -0.313751
2.677936 -0.313721
2.677936 -0.313721
2.679572 -0.313373
2.675961 -0.312793
2.677681 -0.312896
2.677681 -0.312896
2.679285 -0.312419
2.677426 -0.312071
2.677426 -0.312071
2.675672 -0.311834
2.678998 -0.311465
2.677171 -0.311247
2.677171 -0.311247
2.675383 -0.310876
2.676916 -0.310422
2.676916 -0.310422
2.678712 -0.310511
2.675095 -0.309917
2.676661 -0.309597
2.676661 -0.309597
2.678425 -0.309557
2.674806 -0.308958
2.676406 -0.308772
2.676406 -0.308772
2.678138 -0.308603
2.674517 -0.308000
2.676151 -0.307948
2.676151 -0.307948
2.677851 -0.307649
2.674228 -0.307041
2.675896 -0.307123
2.675896 -0.307123
2.677564 -0.306695
2.675641 -0.306298
2.675641 -0.306298
2.673940 -0.306083
2.677278 -0.305741
2.675386 -0.305474
2.675386 -0.305474
2.673651 -0.305124
2.675131 -0.304649
2.675131 -0.304649
2.676991 -0.304786
2.673362 -0.304166
2.674876 -0.303824
2.674876 -0.303824
2.676704 -0.303832
2.673074 -0.303207
2.674621 -0.303000
2.674621 -0.303000
2.676417 -0.302878
2.672785 -0.302249
2.674366 -0.302175
2.674366 -0.302175
2.676131 -0.301924
2.672496 -0.301290
2.674111 -0.301350
2.674111 -0.301350
2.675844 -0.300970
2.673856 -0.300526
2.673856 -0.300526
2.672208 -0.300331
2.675557 -0.300016
2.673601 -0.299701
2.673601 -0.299701
2.671919 -0.299373
2.673347 -0.298876
2.673347 -0.298876
2.675270 -0.299062
2.671630 -0.298414
2.673092 -0.298052
2.673092 -0.298052
2.674984 -0.298108
2.671342 -0.297456
2.672837 -0.297227
2.672837 -0.297227
2.674697 -0.297154
2.671053 -0.296497
2.672582 -0.296402
2.672582 -0.296402
2.674410 -0.296200
2.670764 -0.295539
2.672327 -0.295578
2.672327 -0.295578
2.674123 -0.295246
2.670475 -0.294580
2.672072 -0.294753
2.672072 -0.294753
2.673837 -0.294292
2.671817 -0.293928
2.671817 -0.293928
2.670187 -0.293622
2.673550 -0.293337
2.671562 -0.293103
2.671562 -0.293103
2.669898 -0.292663
2.671307 -0.292279
2.671307 -0.292279
2.673263 -0.292383
2.669609 -0.291704
2.671052 -0.291454
2.671052 -0.291454
2.672976 -0.291429
2.669321 -0.290746
2.670797 -0.290629
2.670797 -0.290629
2.672690 -0.290475
2.669032 -0.289787
2.670542 -0.289805
2.670542 -0.289805
2.672403 -0.289521
2.668743 -0.288829
2.670287 -0.288980
2.670287 -0.288980
2.672116 -0.288567
2.670032 -0.288155
2.670032 -0.288155
2.668455 -0.287870
2.671829 -0.287613
2.669777 -0.287331
2.669777 -0.287331
2.668166 -0.286912
2.669522 -0.286506
2.669522 -0.286506
2.671542 -0.286659
2.667877 -0.285953
2.669267 -0.285681
2.669267 -0.285681
2.671256 -0.285705
2.667589 -0.284995
2.669012 -0.284857
2.669012 -0.284857
2.670969 -0.284751
2.667300 -0.284036
2.668758 -0.284032
2.668758 -0.284032
2.670682 -0.283797
2.667011 -0.283077
2.668503 -0.283207
2.668503 -0.283207
2.670395 -0.282843
2.668248 -0.282383
2.668248 -0.282383
2.666722 -0.282119
2.670109 -0.281888
2.667993 -0.281558
2.667993 -0.281558
2.666434 -0.281160
2.667738 -0.280733
2.667738 -0.280733
2.669822 -0.280934
2.666145 -0.280202
2.667483 -0.279909
2.667483 -0.279909
2.669535 -0.279980
2.665856 -0.279243
2.667228 -0.279084
2.667228 -0.279084
2.669248 -0.279026
2.665568 -0.278285
2.666973 -0.278259
2.666973 -0.278259
2.668962 -0.278072
2.665279 -0.277326
2.666718 -0.277434
2.666718 -0.277434
2.668675 -0.277118
2.666463 -0.276610
2.666463 -0.276610
2.664990 -0.276368
2.668388 -0.276164
2.666208 -0.275785
2.666208 -0.275785
2.664702 -0.275409
2.668101 -0.275210
2.665953 -0.274960
2.665953 -0.274960
2.664413 -0.274450
2.665698 -0.274136
2.665698 -0.274136
2.667815 -0.274256
2.664124 -0.273492
2.665443 -0.273311
2.665443 -0.273311
2.667528 -0.273302
2.663836 -0.272533
2.665188 -0.272486
2.665188 -0.272486
2.667241 -0.272348
2.663547 -0.271575
2.664933 -0.271662
2.664933 -0.271662
2.666954 -0.271394
2.664678 -0.270837
2.664678 -0.270837
2.663258 -0.270616
2.666667 -0.270439
2.664423 -0.270012
2.664423 -0.270012
2.662969 -0.269658
2.666381 -0.269485
2.664168 -0.269188
2.664168 -0.269188
2.662681 -0.268699
2.663914 -0.268363
2.663914 -0.268363
2.666094 -0.268531
2.662392 -0.267741
2.663659 -0.267538
2.663659 -0.267538
2.665807 -0.267577
2.662103 -0.266782
2.663404 -0.266714
2.663404 -0.266714
2.665520 -0.266623
2.661815 -0.265823
2.663149 -0.265889
2.663149 -0.265889
2.665234 -0.265669
2.662894 -0.265064
2.662894 -0.265064
2.661526 -0.264865
2.664947 -0.264715
2.662639 -0.264240
2.662639 -0.264240
2.661237 -0.263906
2.664660 -0.263761
2.662384 -0.263415
2.662384 -0.263415
2.660949 -0.262948
2.662129 -0.262590
2.662129 -0.262590
2.664373 -0.262807
2.660660 -0.261989
2.661874 -0.261765
2.661874 -0.261765
2.664087 -0.261853
2.660371 -0.261031
2.661619 -0.260941
2.661619 -0.260941
2.663800 -0.260899
2.660083 -0.260072
2.661364 -0.260116
2.661364 -0.260116
2.663513 -0.259945
2.661109 -0.259291
2.661109 -0.259291
2.659794 -0.259114
2.663226 -0.258990
2.660854 -0.258467
2.660854 -0.258467
2.659505 -0.258155
2.662940 -0.258036
2.660599 -0.257642
2.660599 -0.257642
2.659216 -0.257196
2.662653 -0.257082
2.660344 -0.256817
2.660344 -0.256817
2.658928 -0.256238
2.660089 -0.255993
2.660089 -0.255993
2.662366 -0.256128
2.658639 -0.255279
2.659834 -0.255168
2.659834 -0.255168
2.662079 -0.255174
2.658350 -0.254321
2.659579 -0.254343
2.659579 -0.254343
2.661793 -0.254220
2.659325 -0.253519
2.659325 -0.253519
2.658062 -0.253362
2.661506 -0.253266
2.659070 -0.252694
2.659070 -0.252694
2.657773 -0.252404
2.661219 -0.252312
2.658815 -0.251869
2.658815 -0.251869
2.657484 -0.251445
2.660932 -0.251358
2.658560 -0.251045
2.658560 -0.251045
2.657196 -0.250487
2.658305 -0.250220
2.658305 -0.250220
2.660645 -0.250404
2.656907 -0.249528
2.658050 -0.249395
2.658050 -0.249395
2.660359 -0.249450
2.656618 -0.248569
2.657795 -0.248571
2.657795 -0.248571
2.660072 -0.248496
2.657540 -0.247746
2.657540 -0.247746
2.656330 -0.247611
2.659785 -0.247541
2.657285 -0.246921
2.657285 -0.246921
2.656041 -0.246652
2.659498 -0.246587
2.657030 -0.246096
2.657030 -0.246096
2.655752 -0.245694
2.659212 -0.245633
2.656775 -0.245272
2.656775 -0.245272
2.655463 -0.244735
2.658925 -0.244679
2.656520 -0.244447
2.656520 -0.244447
2.655175 -0.243777
2.656265 -0.243622
2.656265 -0.243622
2.658638 -0.243725
2.654886 -0.242818
2.656010 -0.242798
2.656010 -0.242798
2.658351 -0.242771
2.655755 -0.241973
2.655755 -0.241973
2.654597 -0.241860
2.658065 -0.241817
2.655500 -0.241148
2.655500 -0.241148
2.654309 -0.240901
2.657778 -0.240863
2.655245 -0.240324
2.655245 -0.240324
2.654020 -0.239942
2.657491 -0.239909
2.654990 -0.239499
2.654990 -0.239499
2.653731 -0.238984
2.657204 -0.238955
2.654735 -0.238674
2.654735 -0.238674
2.653443 -0.238025
2.654481 -0.237850
2.654481 -0.237850
2.656918 -0.238001
2.653154 -0.237067
2.654226 -0.237025
2.654226 -0.237025
2.656631 -0.237047
2.652865 -0.236108
2.653971 -0.236200
2.653971 -0.236200
2.656344 -0.236092
2.653716 -0.235376
2.653716 -0.235376
2.652577 -0.235150
2.656057 -0.235138
2.653461 -0.234551
2.653461 -0.234551
2.652288 -0.234191
2.655771 -0.234184
2.653206 -0.233726
2.653206 -0.233726
2.651999 -0.233233
2.655484 -0.233230
2.652951 -0.232902
2.652951 -0.232902
2.651710 -0.232274
2.652696 -0.232077
2.652696 -0.232077
2.655197 -0.232276
2.651422 -0.231315
2.652441 -0.231252
2.652441 -0.231252
2.654910 -0.231322
2.651133 -0.230357
2.652186 -0.230427
2.652186 -0.230427
2.654623 -0.230368
2.651931 -0.229603
2.651931 -0.229603
2.650844 -0.229398
2.654337 -0.229414
2.651676 -0.228778
2.651676 -0.228778
2.650556 -0.228440
2.654050 -0.228460
2.651421 -0.227953
2.651421 -0.227953
2.650267 -0.227481
2.653763 -0.227506
2.651166 -0.227129
2.651166 -0.227129
2.649978 -0.226523
2.653476 -0.226552
2.650911 -0.226304
2.650911 -0.226304
2.649690 -0.225564
2.650656 -0.225479
2.650656 -0.225479
2.653190 -0.225598
2.649401 -0.224606
2.650401 -0.224655
2.650401 -0.224655
2.652903 -0.224643
2.650146 -0.223830
2.650146 -0.223830
2.649112 -0.223647
2.652616 -0.223689
2.649892 -0.223005
2.649892 -0.223005
2.648824 -0.222688
2.652329 -0.222735
2.649637 -0.222181
2.649637 -0.222181
2.648535 -0.221730
2.652043 -0.221781
2.649382 -0.221356
2.649382 -0.221356
2.648246 -0.220771
2.651756 -0.220827
2.649127 -0.220531
2.649127 -0.220531
2.647957 -0.219813
2.648872 -0.219707
2.648872 -0.219707
2.651469 -0.219873
2.647669 -0.218854
2.648617 -0.218882
2.648617 -0.218882
2.651182 -0.218919
2.648362 -0.218057
2.648362 -0.218057
2.647380 -0.217896
2.650896 -0.217965
2.648107 -0.217233
2.648107 -0.217233
2.647091 -0.216937
2.650609 -0.217011
2.647852 -0.216408
2.647852 -0.216408
2.646803 -0.215979
2.650322 -0.216057
2.647597 -0.215583
2.647597 -0.215583
2.646514 -0.215020
2.650035 -0.215103
2.647342 -0.214758
2.647342 -0.214758
2.646225 -0.214061
2.647087 -0.213934
2.647087 -0.213934
2.649748 -0.214149
2.645937 -0.213103
2.646832 -0.213109
2.646832 -0.213109
2.649462 -0.213194
2.646577 -0.212284
2.646577 -0.212284
2.645648 -0.212144
2.649175 -0.212240
2.646322 -0.211460
2.646322 -0.211460
2.645359 -0.211186
2.648888 -0.211286
2.646067 -0.210635
2.646067 -0.210635
2.645071 -0.210227
2.648601 -0.210332
2.645812 -0.209810
2.645812 -0.209810
2.644782 -0.209269
2.648315 -0.209378
2.645557 -0.208986
2.645557 -0.208986
2.644493 -0.208310
2.648028 -0.208424
2.645302 -0.208161
2.645302 -0.208161
2.644204 -0.207352
2.645048 -0.207336
2.645048 -0.207336
2.647741 -0.207470
2.644793 -0.206512
2.644793 -0.206512
2.643916 -0.206393
2.647454 -0.206516
2.644538 -0.205687
2.644538 -0.205687
2.643627 -0.205434
2.647168 -0.205562
2.644283 -0.204862
2.644283 -0.204862
2.643338 -0.204476
2.646881 -0.204608
2.644028 -0.204038
2.644028 -0.204038
2.643050 -0.203517
2.646594 -0.203654
2.643773 -0.203213
2.643773 -0.203213
2.642761 -0.202559
2.646307 -0.202700
2.643518 -0.202388
2.643518 -0.202388
2.642472 -0.201600
2.643263 -0.201564
2.643263 -0.201564
2.646021 -0.201745
2.643008 -0.200739
2.643008 -0.200739
2.642184 -0.200642
2.645734 -0.200791
2.642753 -0.199914
2.642753 -0.199914
2.641895 -0.199683
2.645447 -0.199837
2.642498 -0.199089
2.642498 -0.199089
2.641606 -0.198725
2.645160 -0.198883
2.642243 -0.198265
2.642243 -0.198265
2.641317 -0.197766
2.644874 -0.197929
2.641988 -0.197440
2.641988 -0.197440
2.641029 -0.196808
2.644587 -0.196975
2.641733 -0.196615
2.641733 -0.196615
2.640740 -0.195849
2.644300 -0.196021
2.641478 -0.195791
2.641478 -0.195791
2.641223 -0.194966
2.641223 -0.194966
2.640451 -0.194890
2.644013 -0.195067
2.640968 -0.194141
2.640968 -0.194141
2.640163 -0.193932
2.643726 -0.194113
2.640713 -0.193317
2.640713 -0.193317
2.639874 -0.192973
2.643440 -0.193159
2.640459 -0.192492
2.640459 -0.192492
2.639585 -0.192015
2.643153 -0.192205
2.640204 -0.191667
2.640204 -0.191667
2.639297 -0.191056
2.642866 -0.191250
2.639949 -0.190843
2.639949 -0.190843
2.639008 -0.190098
2.642579 -0.190296
2.639694 -0.190018
2.639694 -0.190018
2.639439 -0.189193
2.639439 -0.189193
2.638719 -0.189139
2.642293 -0.189342
2.639184 -0.188369
2.639184 -0.188369
2.638431 -0.188181
2.642006 -0.188388
2.638929 -0.187544
2.638929 -0.187544
2.638142 -0.187222
2.641719 -0.187434
2.638674 -0.186719
2.638674 -0.186719
2.637853 -0.186263
2.641432 -0.186480
2.638419 -0.185895
2.638419 -0.185895
2.637564 -0.185305
2.641146 -0.185526
2.638164 -0.185070
2.638164 -0.185070
2.637276 -0.184346
2.640859 -0.184572
2.637909 -0.184245
2.637909 -0.184245
2.636987 -0.183388
2.637654 -0.183420
2.637654 -0.183420
2.640572 -0.183618
2.637399 -0.182596
2.637399 -0.182596
2.636698 -0.182429
2.640285 -0.182664
2.637144 -0.181771
2.637144 -0.181771
2.636410 -0.181471
2.639999 -0.181710
2.636889 -0.180946
2.636889 -0.180946
2.636121 -0.180512
2.639712 -0.180756
2.636634 -0.180122
2.636634 -0.180122
2.639425 -0.179801
2.635832 -0.179554
2.636379 -0.179297
2.636379 -0.179297
2.639138 -0.178847
2.635544 -0.178595
2.636124 -0.178472
2.636124 -0.178472
2.638852 -0.177893
2.635255 -0.177636
2.635869 -0.177648
2.635869 -0.177648
2.635615 -0.176823
2.635615 -0.176823
2.638565 -0.176939
2.634966 -0.176678
2.635360 -0.175998
2.635360 -0.175998
2.638278 -0.175985
2.634678 -0.175719
2.635105 -0.175174
2.635105 -0.175174
2.637991 -0.175031
2.634389 -0.174761
2.634850 -0.174349
2.634850 -0.174349
2.637704 -0.174077
2.634100 -0.173802
2.634595 -0.173524
2.634595 -0.173524
2.637418 -0.173123
2.633811 -0.172844
2.634340 -0.172700
2.634340 -0.172700
2.637131 -0.172169
2.633523 -0.171885
2.634085 -0.171875
2.634085 -0.171875
2.633830 -0.171050
2.633830 -0.171050
2.636844 -0.171215
2.633234 -0.170927
2.633575 -0.170225
2.633575 -0.170225
2.636557 -0.170261
2.632945 -0.169968
2.633320 -0.169401
2.633320 -0.169401
2.636271 -0.169307
2.632657 -0.169009
2.633065 -0.168576
2.633065 -0.168576
2.635984 -0.168352
2.632368 -0.168051
2.632810 -0.167751
2.632810 -0.167751
2.635697 -0.167398
2.632079 -0.167092
2.632555 -0.166927
2.632555 -0.166927
2.635410 -0.166444
2.631791 -0.166134
2.632300 -0.166102
2.632300 -0.166102
2.635124 -0.165490
2.632045 -0.165277
2.632045 -0.165277
2.631502 -0.165175
2.631790 -0.164453
2.631790 -0.164453
2.634837 -0.164536
2.631213 -0.164217
2.631535 -0.163628
2.631535 -0.163628
2.634550 -0.163582
2.630925 -0.163258
2.631280 -0.162803
2.631280 -0.162803
2.634263 -0.162628
2.630636 -0.162300
2.631026 -0.161979
2.631026 -0.161979
2.633977 -0.161674
2.630347 -0.161341
2.630771 -0.161154
2.630771 -0.161154
2.633690 -0.160720
2.630058 -0.160382
2.630516 -0.160329
2.630516 -0.160329
2.633403 -0.159766
2.630261 -0.159505
2.630261 -0.159505
2.629770 -0.159424
2.630006 -0.158680
2.630006 -0.158680
2.633116 -0.158812
2.629481 -0.158465
2.629751 -0.157855
2.629751 -0.157855
2.632830 -0.157858
2.629192 -0.157507
2.629496 -0.157031
2.629496 -0.157031
2.632543 -0.156903
2.628904 -0.156548
2.629241 -0.156206
2.629241 -0.156206
2.632256 -0.155949
2.628615 -0.155590
2.628986 -0.155381
2.628986 -0.155381
2.631969 -0.154995
2.628326 -0.154631
2.628731 -0.154556
2.628731 -0.154556
2.631682 -0.154041
2.628476 -0.153732
2.628476 -0.153732
2.628038 -0.153673
2.628221 -0.152907
2.628221 -0.152907
2.631396 -0.153087
2.627749 -0.152714
2.627966 -0.152082
2.627966 -0.152082
2.631109 -0.152133
2.627460 -0.151755
2.627711 -0.151258
2.627711 -0.151258
2.630822 -0.151179
2.627172 -0.150797
2.627456 -0.150433
2.627456 -0.150433
2.630535 -0.150225
2.626883 -0.149838
2.627201 -0.149608
2.627201 -0.149608
2.630249 -0.149271
2.626594 -0.148880
2.626946 -0.148784
2.626946 -0.148784
2.629962 -0.148317
2.626691 -0.147959
2.626691 -0.147959
2.626305 -0.147921
2.629675 -0.147363
2.626436 -0.147134
2.626436 -0.147134
2.626017 -0.146963
2.626182 -0.146310
2.626182 -0.146310
2.629388 -0.146409
2.625728 -0.146004
2.625927 -0.145485
2.625927 -0.145485
2.629102 -0.145454
2.625439 -0.145046
2.625672 -0.144660
2.625672 -0.144660
2.628815 -0.144500
2.625151 -0.144087
2.625417 -0.143836
2.625417 -0.143836
2.628528 -0.143546
2.624862 -0.143128
2.625162 -0.143011
2.625162 -0.143011
2.628241 -0.142592
2.624573 -0.142170
2.624907 -0.142186
2.624907 -0.142186
2.627955 -0.141638
2.624652 -0.141362
2.624652 -0.141362
2.624285 -0.141211
2.624397 -0.140537
2.624397 -0.140537
2.627668 -0.140684
2.623996 -0.140253
2.624142 -0.139712
2.624142 -0.139712
2.627381 -0.139730
2.623707 -0.139294
2.623887 -0.138887
2.623887 -0.138887
2.627094 -0.138776
2.623419 -0.138336
2.623632 -0.138063
2.623632 -0.138063
2.626807 -0.137822
2.623130 -0.137377
2.623377 -0.137238
2.623377 -0.137238
2.626521 -0.136868
2.622841 -0.136419
2.623122 -0.136413
2.623122 -0.136413
2.626234 -0.135914
2.622867 -0.135589
2.622867 -0.135589
2.622552 -0.135460
2.625947 -0.134960
2.622612 -0.134764
2.622612 -0.134764
2.622264 -0.134501
2.622357 -0.133939
2.622357 -0.133939
2.625660 -0.134005
2.621975 -0.133543
2.622102 -0.133115
2.622102 -0.133115
2.625374 -0.133051
2.621686 -0.132584
2.621847 -0.132290
2.621847 -0.132290
2.625087 -0.132097
2.621398 -0.131626
2.621593 -0.131465
2.621593 -0.131465
2.624800 -0.131143
2.621109 -0.130667
2.621338 -0.130641
2.621338 -0.130641
2.624513 -0.130189
2.621083 -0.129816
2.621083 -0.129816
2.620820 -0.129709
2.624227 -0.129235
2.620828 -0.128991
2.620828 -0.128991
2.620532 -0.128750
2.620573 -0.128167
2.620573 -0.128167
2.623940 -0.128281
2.620243 -0.127792
2.620318 -0.127342
2.620318 -0.127342
2.623653 -0.127327
2.619954 -0.126833
2.620063 -0.126517
2.620063 -0.126517
2.623366 -0.126373
2.619666 -0.125874
2.619808 -0.125693
2.619808 -0.125693
2.623080 -0.125419
2.619377 -0.124916
2.619553 -0.124868
2.619553 -0.124868
2.622793 -0.124465
2.619298 -0.124043
2.619298 -0.124043
2.619088 -0.123957
2.622506 -0.123511
2.619043 -0.123218
2.619043 -0.123218
2.618799 -0.122999
2.622219 -0.122556
2.618788 -0.122394
2.618788 -0.122394
2.618511 -0.122040
2.618533 -0.121569
2.618533 -0.121569
2.621933 -0.121602
2.618222 -0.121082
2.618278 -0.120744
2.618278 -0.120744
2.621646 -0.120648
2.617933 -0.120123
2.618023 -0.119920
2.618023 -0.119920
2.621359 -0.119694
2.617645 -0.119165
2.617768 -0.119095
2.617768 -0.119095
2.621072 -0.118740
2.617513 -0.118270
2.617513 -0.118270
2.617356 -0.118206
2.620785 -0.117786
2.617258 -0.117446
2.617258 -0.117446
2.617067 -0.117247
2.620499 -0.116832
2.617003 -0.116621
2.617003 -0.116621
2.616779 -0.116289
2.616749 -0.115796
2.616749 -0.115796
2.620212 -0.115878
2.616490 -0.115330
2.616494 -0.114972
2.616494 -0.114972
2.619925 -0.114924
2.616201 -0.114372
2.616239 -0.114147
2.616239 -0.114147
2.619638 -0.113970
2.615913 -0.113413
2.615984 -0.113322
2.615984 -0.113322
2.619352 -0.113016
2.615729 -0.112498
2.615729 -0.112498
2.615624 -0.112455
2.619065 -0.112062
2.615474 -0.111673
2.615474 -0.111673
2.615335 -0.111496
2.618778 -0.111107
2.615219 -0.110848
2.615219 -0.110848
2.615046 -0.110538
2.614964 -0.110024
2.614964 -0.110024
2.618491 -0.110153
2.614758 -0.109579
2.614709 -0.109199
2.614709 -0.109199
2.618205 -0.109199
2.614469 -0.108620
2.614454 -0.108374
2.614454 -0.108374
2.617918 -0.108245
2.614180 -0.107662
2.614199 -0.107549
2.614199 -0.107549
2.617631 -0.107291
2.613944 -0.106725
2.613944 -0.106725
2.613892 -0.106703
2.617344 -0.106337
2.613689 -0.105900
2.613689 -0.105900
2.613603 -0.105745
2.617058 -0.105383
2.613434 -0.105075
2.613434 -0.105075
2.613314 -0.104786
2.616771 -0.104429
2.613179 -0.104251
2.613179 -0.104251
2.613026 -0.103828
2.612924 -0.103426
2.612924 -0.103426
2.616484 -0.103475
2.612737 -0.102869
2.612669 -0.102601
2.612669 -0.102601
2.616197 -0.102521
2.612448 -0.101911
2.612414 -0.101777
2.612414 -0.101777
2.615911 -0.101567
2.612160 -0.100952
2.612160 -0.100952
2.612037 -0.100494
2.615624 -0.100613
2.611915 -0.100036
2.611793 -0.099579
2.615337 -0.099658
2.611671 -0.099121
2.611549 -0.098663
2.615050 -0.098704
2.611427 -0.098205
2.611305 -0.097748
2.614763 -0.097750
2.611183 -0.097290
2.611061 -0.096832
2.614477 -0.096796
2.610939 -0.096374
2.610817 -0.095916
2.614190 -0.095842
2.610694 -0.095459
2.610572 -0.095001
2.613903 -0.094888
2.610450 -0.094543
2.610328 -0.094085
2.613616 -0.093934
2.610206 -0.093628
2.610084 -0.093170
2.613330 -0.092980
2.609962 -0.092712
2.609840 -0.092254
2.613043 -0.092026
2.609718 -0.091796
2.609596 -0.091339
2.612756 -0.091072
2.609474 -0.090881
2.609352 -0.090423
2.612469 -0.090118
2.609229 -0.089965
2.609107 -0.089508
2.612183 -0.089164
2.608985 -0.089050
2.608863 -0.088592
2.608741 -0.088134
2.611896 -0.088209
2.608619 -0.087676
2.608497 -0.087219
2.611609 -0.087255
2.608375 -0.086761
2.608253 -0.086303
2.611322 -0.086301
2.608131 -0.085845
2.608009 -0.085388
2.611036 -0.085347
2.607887 -0.084930
2.607764 -0.084472
2.610749 -0.084393
2.607642 -0.084014
2.607520 -0.083556
2.610462 -0.083439
2.607398 -0.083099
2.607276 -0.082641
2.610175 -0.082485
2.607154 -0.082183
2.607032 -0.081725
2.609888 -0.081531
2.606910 -0.081268
2.606788 -0.080810
2.609602 -0.080577
2.606666 -0.080352
2.606544 -0.079894
2.609315 -0.079623
2.606422 -0.079437
2.606299 -0.078979
2.609028 -0.078669
2.606177 -0.078521
2.606055 -0.078063
2.608741 -0.077715
2.605933 -0.077605
2.605811 -0.077148
2.605689 -0.076690
2.608455 -0.076760
2.605567 -0.076232
2.605445 -0.075774
2.608168 -0.075806
2.605323 -0.075317
2.605201 -0.074859
2.607881 -0.074852
2.605079 -0.074401
2.604956 -0.073943
2.607594 -0.073898
2.604834 -0.073485
2.604712 -0.073028
2.607308 -0.072944
2.604590 -0.072570
2.604468 -0.072112
2.607021 -0.071990
2.604346 -0.071654
2.604224 -0.071197
2.606734 -0.071036
2.604102 -0.070739
2.603980 -0.070281
2.606447 -0.070082
2.603858 -0.069823
2.603736 -0.069365
2.606161 -0.069128
2.603614 -0.068908
2.603491 -0.068450
2.605874 -0.068174
2.603369 -0.067992
2.603247 -0.067534
2.605587 -0.067220
2.603125 -0.067077
2.603003 -0.066619
2.605300 -0.066266
2.602881 -0.066161
2.602759 -0.065703
2.605014 -0.065311
2.602637 -0.065245
2.602515 -0.064788
2.602393 -0.064330
2.604727 -0.064357
2.602271 -0.063872
2.602149 -0.063414
2.604440 -0.063403
2.602026 -0.062957
2.601904 -0.062499
2.604153 -0.062449
2.601782 -0.062041
2.601660 -0.061583
2.603866 -0.061495
2.601538 -0.061125
2.601416 -0.060668
2.603580 -0.060541
2.601294 -0.060210
2.601172 -0.059752
2.603293 -0.059587
2.601050 -0.059294
2.600928 -0.058837
2.603006 -0.058633
2.600806 -0.058379
2.600683 -0.057921
2.602719 -0.057679
2.600561 -0.057463
2.600439 -0.057005
2.602433 -0.056725
2.600317 -0.056548
2.600195 -0.056090
2.602146 -0.055771
2.600073 -0.055632
2.599951 -0.055174
2.601859 -0.054817
2.599829 -0.054717
2.599707 -0.054259
2.601572 -0.053862
2.599585 -0.053801
2.599463 -0.053343
2.599341 -0.052885
2.601286 -0.052908
2.599218 -0.052428
2.599096 -0.051970
2.600999 -0.051954
2.598974 -0.051512
2.598852 -0.051054
2.600712 -0.051000
2.598730 -0.050597
2.598608 -0.050139
2.600425 -0.050046
2.598486 -0.049681
2.598364 -0.049223
2.600139 -0.049092
2.598242 -0.048765
2.598120 -0.048308
2.599852 -0.048138
2.597998 -0.047850
2.597876 -0.047392
2.599565 -0.047184
2.597753 -0.046934
2.597631 -0.046477
2.599278 -0.046230
2.597509 -0.046019
2.597387 -0.045561
2.598992 -0.045276
2.597265 -0.045103
2.597143 -0.044645
2.598705 -0.044322
2.597021 -0.044188
2.596899 -0.043730
2.598418 -0.043368
2.596777 -0.043272
2.596655 -0.042814
2.598131 -0.042413
2.596533 -0.042357
2.596410 -0.041899
2.596288 -0.041441
2.597844 -0.041459
2.596166 -0.040983
2.596044 -0.040525
2.597558 -0.040505
2.595922 -0.040068
2.595800 -0.039610
2.597271 -0.039551
2.595678 -0.039152
2.595556 -0.038694
2.596984 -0.038597
2.595434 -0.038237
2.595312 -0.037779
2.596697 -0.037643
2.595190 -0.037321
2.595068 -0.036863
2.596411 -0.036689
2.594945 -0.036406
2.594823 -0.035948
2.596124 -0.035735
2.594701 -0.035490
2.594579 -0.035032
2.595837 -0.034781
2.594457 -0.034574
2.594335 -0.034117
2.595550 -0.033827
2.594213 -0.033659
2.594091 -0.033201
2.595264 -0.032873
2.593969 -0.032743
2.593847 -0.032286
2.594977 -0.031919
2.593725 -0.031828
2.593603 -0.031370
2.594690 -0.030964
2.593480 -0.030912
2.593358 -0.030454
2.594403 -0.030010
2.593236 -0.029997
2.593114 -0.029539
2.592992 -0.029081
2.594117 -0.029056
2.592870 -0.028623
2.592748 -0.028166
2.593830 -0.028102
2.592626 -0.027708
2.592504 -0.027250
2.593543 -0.027148
2.592382 -0.026792
2.592260 -0.026334
2.593256 -0.026194
2.592137 -0.025877
2.592015 -0.025419
2.592969 -0.025240
2.591893 -0.024961
2.591771 -0.024503
2.592683 -0.024286
2.591649 -0.024046
2.591527 -0.023588
2.592396 -0.023332
2.591405 -0.023130
2.591283 -0.022672
2.592109 -0.022378
2.591161 -0.022214
2.591039 -0.021757
2.591822 -0.021424
2.590917 -0.021299
2.590795 -0.020841
2.591536 -0.020470
2.590672 -0.020383
2.590550 -0.019926
2.591249 -0.019515
2.590428 -0.019468
2.590306 -0.019010
2.590962 -0.018561
2.590184 -0.018552
2.590062 -0.018094
2.589940 -0.017637
2.590675 -0.017607
2.589818 -0.017179
2.589696 -0.016721
2.590389 -0.016653
2.589574 -0.016263
2.589452 -0.015806
2.590102 -0.015699
2.589330 -0.015348
2.589207 -0.014890
2.589815 -0.014745
2.589085 -0.014432
2.588963 -0.013974
2.589528 -0.013791
2.588841 -0.013517
2.588719 -0.013059
2.589242 -0.012837
2.588597 -0.012601
2.588475 -0.012143
2.588955 -0.011883
2.588353 -0.011686
2.588231 -0.011228
2.588668 -0.010929
2.588109 -0.010770
2.587987 -0.010312
2.588381 -0.009975
2.587865 -0.009854
2.587742 -0.009397
2.588095 -0.009021
2.587620 -0.008939
2.587498 -0.008481
2.587808 -0.008066
2.587376 -0.008023
2.587254 -0.007566
2.587521 -0.007112
2.587132 -0.007108
2.587010 -0.006650
2.586888 -0.006192
2.587234 -0.006158
2.586766 -0.005734
2.586644 -0.005277
2.586947 -0.005204
2.586522 -0.004819
2.586399 -0.004361
2.586661 -0.004250
2.586277 -0.003903
2.586155 -0.003446
2.586374 -0.003296
2.586033 -0.002988
2.585911 -0.002530
2.586087 -0.002342
2.585789 -0.002072
2.585667 -0.001614
2.585800 -0.001388
2.585545 -0.001157
2.585423 -0.000699
2.585514 -0.000434
2.585301 -0.000241