2.925007 -4.104324
2.925066 -4.103745
2.925118 -4.103369
2.925125 -4.103167
2.925184 -4.102588
2.925230 -4.102413
2.925244 -4.102009
2.925303 -4.101431
2.925342 -4.101458
2.925362 -4.100852
2.925454 -4.100503
2.925421 -4.100274
2.925480 -4.099695
2.925565 -4.099547
2.925540 -4.099116
2.925599 -4.098538
2.925677 -4.098592
2.925658 -4.097959
2.925789 -4.097637
2.925717 -4.097381
2.925777 -4.096802
2.925901 -4.096681
2.925836 -4.096223
2.925895 -4.095645
2.926012 -4.095726
2.925954 -4.095066
2.926124 -4.094771
2.926013 -4.094488
2.926073 -4.093909
2.926236 -4.093816
2.926132 -4.093330
2.926191 -4.092752
2.926347 -4.092860
2.926250 -4.092173
2.926459 -4.091905
2.926310 -4.091595
2.926369 -4.091016
2.926571 -4.090950
2.926428 -4.090437
2.926487 -4.089859
2.926683 -4.089994
2.926546 -4.089280
2.926794 -4.089039
2.926606 -4.088702
2.926665 -4.088123
2.926906 -4.088084
2.926724 -4.087544
2.926783 -4.086966
2.927018 -4.087128
2.926843 -4.086387
2.927130 -4.086173
2.926902 -4.085809
2.926961 -4.085230
2.927241 -4.085218
2.927020 -4.084651
2.927079 -4.084073
2.927353 -4.084263
2.927139 -4.083494
2.927465 -4.083307
2.927198 -4.082915
2.927257 -4.082337
2.927576 -4.082352
2.927316 -4.081758
2.927376 -4.081180
2.927688 -4.081397
2.927435 -4.080601
2.927494 -4.080022
2.927800 -4.080441
2.927553 -4.079444
2.927912 -4.079486
2.927612 -4.078865
2.927672 -4.078287
2.928023 -4.078531
2.927731 -4.077708
2.927790 -4.077129
2.928135 -4.077575
2.927849 -4.076551
2.928247 -4.076620
2.927908 -4.075972
2.927968 -4.075394
2.928359 -4.075665
2.928027 -4.074815
2.928086 -4.074236
2.928470 -4.074709
2.928145 -4.073658
2.928582 -4.073754
2.928205 -4.073079
2.928264 -4.072501
2.928694 -4.072799
2.928323 -4.071922
2.928382 -4.071343
2.928805 -4.071844
2.928441 -4.070765
2.928917 -4.070888
2.928501 -4.070186
2.928560 -4.069608
2.929029 -4.069933
2.928619 -4.069029
2.928678 -4.068450
2.929141 -4.068978
2.928738 -4.067872
2.929252 -4.068022
2.928797 -4.067293
2.928856 -4.066715
2.929364 -4.067067
2.928915 -4.066136
2.928974 -4.065557
2.929476 -4.066112
2.929034 -4.064979
2.929588 -4.065156
2.929093 -4.064400
2.929152 -4.063822
2.929699 -4.064201
2.929211 -4.063243
2.929271 -4.062664
2.929811 -4.063246
2.929330 -4.062086
2.929923 -4.062291
2.929389 -4.061507
2.929448 -4.060929
2.930034 -4.061335
2.929507 -4.060350
2.929567 -4.059771
2.930146 -4.060380
2.929626 -4.059193
2.930258 -4.059425
2.929685 -4.058614
2.929744 -4.058035
2.930370 -4.058469
2.929804 -4.057457
2.929863 -4.056878
2.930481 -4.057514
2.929922 -4.056300
2.929981 -4.055721
2.930593 -4.056559
2.930040 -4.055142
2.930705 -4.055603
2.930100 -4.054564
2.930159 -4.053985
2.930817 -4.054648
2.930218 -4.053407
2.930277 -4.052828
2.930928 -4.053693
2.930337 -4.052249
2.931040 -4.052738
2.930396 -4.051671
2.930455 -4.051092
2.931152 -4.051782
2.930514 -4.050514
2.930573 -4.049935
2.931263 -4.050827
2.930633 -4.049356
2.931375 -4.049872
2.930692 -4.048778
2.930751 -4.048199
2.931487 -4.048916
2.930810 -4.047621
2.930869 -4.047042
2.931599 -4.047961
2.930929 -4.046463
2.931710 -4.047006
2.930988 -4.045885
2.931047 -4.045306
2.931822 -4.046050
2.931106 -4.044728
2.931166 -4.044149
2.931934 -4.045095
2.931225 -4.043570
2.932046 -4.044140
2.931284 -4.042992
2.931343 -4.042413
2.932157 -4.043184
2.931402 -4.041835
2.931462 -4.041256
2.932269 -4.042229
2.931521 -4.040677
2.932381 -4.041274
2.931580 -4.040099
2.931639 -4.039520
2.932492 -4.040319
2.931699 -4.038942
2.931758 -4.038363
2.932604 -4.039363
2.931817 -4.037784
2.932716 -4.038408
2.931876 -4.037206
2.931935 -4.036627
2.932828 -4.037453
2.931995 -4.036048
2.932054 -4.035470
2.932939 -4.036497
2.932113 -4.034891
2.933051 -4.035542
2.932172 -4.034313
2.932232 -4.033734
2.933163 -4.034587
2.932291 -4.033155
2.932350 -4.032577
2.933275 -4.033631
2.932409 -4.031998
2.932468 -4.031420
2.933386 -4.032676
2.932528 -4.030841
2.933498 -4.031721
2.932587 -4.030262
2.932646 -4.029684
2.933610 -4.030766
2.932705 -4.029105
2.932765 -4.028527
2.933721 -4.029810
2.932824 -4.027948
2.933833 -4.028855
2.932883 -4.027369
2.932942 -4.026791
2.933945 -4.027900
2.933001 -4.026212
2.933061 -4.025634
2.934057 -4.026944
2.933120 -4.025055
2.934168 -4.025989
2.933179 -4.024476
2.933238 -4.023898
2.934280 -4.025034
2.933298 -4.023319
2.933357 -4.022741
2.934392 -4.024078
2.933416 -4.022162
2.934504 -4.023123
2.933475 -4.021583
2.933534 -4.021005
2.934615 -4.022168
2.933594 -4.020426
2.933653 -4.019848
2.934727 -4.021213
2.933712 -4.019269
2.934839 -4.020257
2.933771 -4.018690
2.933830 -4.018112
2.934950 -4.019302
2.933890 -4.017533
2.933949 -4.016955
2.935062 -4.018347
2.934008 -4.016376
2.935174 -4.017391
2.934067 -4.015797
2.934127 -4.015219
2.935286 -4.016436
2.934186 -4.014640
2.934245 -4.014061
2.935397 -4.015481
2.934304 -4.013483
2.935509 -4.014525
2.934363 -4.012904
2.934423 -4.012326
2.935621 -4.013570
2.934482 -4.011747
2.934541 -4.011168
2.935733 -4.012615
2.934600 -4.010590
2.935844 -4.011659
2.934660 -4.010011
2.934719 -4.009433
2.935956 -4.010704
2.934778 -4.008854
2.934837 -4.008275
2.936068 -4.009749
2.934896 -4.007697
2.936179 -4.008794
2.934956 -4.007118
2.935015 -4.006540
2.936291 -4.007838
2.935074 -4.005961
2.935133 -4.005382
2.936403 -4.006883
2.935193 -4.004804
2.935252 -4.004225
2.936515 -4.005928
2.935311 -4.003647
2.936626 -4.004972
2.935370 -4.003068
2.935429 -4.002489
2.936738 -4.004017
2.935489 -4.001911
2.935548 -4.001332
2.936850 -4.003062
2.935607 -4.000754
2.936962 -4.002106
2.935666 -4.000175
2.935726 -3.999596
2.937073 -4.001151
2.935785 -3.999018
2.935844 -3.998439
2.937185 -4.000196
2.935903 -3.997861
2.937297 -3.999241
2.935962 -3.997282
2.936022 -3.996703
2.937408 -3.998285
2.936081 -3.996125
2.936140 -3.995546
2.937520 -3.997330
2.936199 -3.994968
2.937632 -3.996375
2.936259 -3.994389
2.936318 -3.993810
2.937744 -3.995419
2.936377 -3.993232
2.936436 -3.992653
2.937855 -3.994464
2.936495 -3.992075
2.937967 -3.993509
2.936555 -3.991496
2.936614 -3.990917
2.938079 -3.992553
2.936673 -3.990339
2.936732 -3.989760
2.938191 -3.991598
2.936791 -3.989181
2.938302 -3.990643
2.936851 -3.988603
2.936910 -3.988024
2.938414 -3.989688
2.936969 -3.987446
2.937028 -3.986867
2.938526 -3.988732
2.937088 -3.986288
2.938637 -3.987777
2.937147 -3.985710
2.937206 -3.985131
2.938749 -3.986822
2.937265 -3.984553
2.937324 -3.983974
2.938861 -3.985866
2.937384 -3.983395
2.938973 -3.984911
2.937443 -3.982817
2.937502 -3.982238
2.939084 -3.983956
2.937561 -3.981660
2.937621 -3.981081
2.939196 -3.983000
2.937680 -3.980502
2.937739 -3.979924
2.939308 -3.982045
2.937798 -3.979345
2.939420 -3.981090
2.937857 -3.978767
2.937917 -3.978188
2.939531 -3.980134
2.937976 -3.977609
2.938035 -3.977031
2.939643 -3.979179
2.938094 -3.976452
2.939755 -3.978224
2.938154 -3.975874
2.938213 -3.975295
2.939866 -3.977269
2.938272 -3.974716
2.938331 -3.974138
2.939978 -3.976313
2.938390 -3.973559
2.940090 -3.975358
2.938450 -3.972981
2.938509 -3.972402
2.940202 -3.974403
2.938568 -3.971823
2.938627 -3.971245
2.940313 -3.973447
2.938687 -3.970666
2.940425 -3.972492
2.938746 -3.970088
2.938805 -3.969509
2.940537 -3.971537
2.938864 -3.968930
2.938923 -3.968352
2.940649 -3.970581
2.938983 -3.967773
2.940760 -3.969626
2.939042 -3.967194
2.939101 -3.966616
2.940872 -3.968671
2.939160 -3.966037
2.939219 -3.965459
2.940984 -3.967716
2.939279 -3.964880
2.941095 -3.966760
2.939338 -3.964301
2.939397 -3.963723
2.941207 -3.965805
2.939456 -3.963144
2.939516 -3.962566
2.941319 -3.964850
2.939575 -3.961987
2.941431 -3.963894
2.939634 -3.961408
2.939693 -3.960830
2.941542 -3.962939
2.939752 -3.960251
2.939812 -3.959673
2.941654 -3.961984
2.939871 -3.959094
2.941766 -3.961028
2.939930 -3.958515
2.939989 -3.957937
2.941878 -3.960073
2.940049 -3.957358
2.940108 -3.956780
2.941989 -3.959118
2.940167 -3.956201
2.942101 -3.958163
2.940226 -3.955622
2.940285 -3.955044
2.942213 -3.957207
2.940345 -3.954465
2.940404 -3.953887
2.942324 -3.956252
2.940463 -3.953308
2.940522 -3.952729
2.942436 -3.955297
2.940582 -3.952151
2.942548 -3.954341
2.940641 -3.951572
2.940700 -3.950994
2.942660 -3.953386
2.940759 -3.950415
2.940818 -3.949836
2.942771 -3.952431
2.940878 -3.949258
2.942883 -3.951475
2.940937 -3.948679
2.940996 -3.948101
2.942995 -3.950520
2.941055 -3.947522
2.941115 -3.946943
2.943107 -3.949565
2.941174 -3.946365
2.943218 -3.948609
2.941233 -3.945786
2.941292 -3.945207
2.943330 -3.947654
2.941351 -3.944629
2.941411 -3.944050
2.943442 -3.946699
2.941470 -3.943472
2.943553 -3.945744
2.941529 -3.942893
2.941588 -3.942314
2.943665 -3.944788
2.941648 -3.941736
2.941707 -3.941157
2.943777 -3.943833
2.941766 -3.940579
2.943889 -3.942878
2.941825 -3.940000
2.941884 -3.939421
2.944000 -3.941922
2.941944 -3.938843
2.942003 -3.938264
2.944112 -3.940967
2.942062 -3.937686
2.944224 -3.940012
2.942121 -3.937107
2.942180 -3.936528
2.944336 -3.939056
2.942240 -3.935950
2.942299 -3.935371
2.944447 -3.938101
2.942358 -3.934793
2.944559 -3.937146
2.942417 -3.934214
2.942477 -3.933635
2.944671 -3.936191
2.942536 -3.933057
2.942595 -3.932478
2.944782 -3.935235
2.942654 -3.931900
2.944894 -3.934280
2.942713 -3.931321
2.942773 -3.930742
2.945006 -3.933325
2.942832 -3.930164
2.942891 -3.929585
2.945118 -3.932369
2.942950 -3.929007
2.945229 -3.931414
2.943010 -3.928428
2.943069 -3.927849
2.945341 -3.930459
2.943128 -3.927271
2.943187 -3.926692
2.945453 -3.929503
2.943246 -3.926114
2.945565 -3.928548
2.943306 -3.925535
2.943365 -3.924956
2.945676 -3.927593
2.943424 -3.924378
2.943483 -3.923799
2.945788 -3.926638
2.943543 -3.923221
2.943602 -3.922642
2.945900 -3.925682
2.943661 -3.922063
2.946011 -3.924727
2.943720 -3.921485
2.943779 -3.920906
2.946123 -3.923772
2.943839 -3.920327
2.943898 -3.919749
2.946235 -3.922816
2.943957 -3.919170
2.946347 -3.921861
2.944016 -3.918592
2.944076 -3.918013
2.946458 -3.920906
2.944135 -3.917434
2.944194 -3.916856
2.946570 -3.919950
2.944253 -3.916277
2.946682 -3.918995
2.944312 -3.915699
2.944372 -3.915120
2.946794 -3.918040
2.944431 -3.914541
2.944490 -3.913963
2.946905 -3.917084
2.944549 -3.913384
2.947017 -3.916129
2.944609 -3.912806
2.944668 -3.912227
2.947129 -3.915174
2.944727 -3.911648
2.944786 -3.911070
2.947240 -3.914219
2.944845 -3.910491
2.947352 -3.913263
2.944905 -3.909913
2.944964 -3.909334
2.947464 -3.912308
2.945023 -3.908755
2.945082 -3.908177
2.947576 -3.911353
2.945141 -3.907598
2.947687 -3.910397
2.945201 -3.907020
2.945260 -3.906441
2.947799 -3.909442
2.945319 -3.905862
2.945378 -3.905284
2.947911 -3.908487
2.945438 -3.904705
2.948023 -3.907531
2.945497 -3.904127
2.945556 -3.903548
2.948134 -3.906576
2.945615 -3.902969
2.945674 -3.902391
2.948246 -3.905621
2.945734 -3.901812
2.948358 -3.904666
2.945793 -3.901234
2.945852 -3.900655
2.948469 -3.903710
2.945911 -3.900076
2.945971 -3.899498
2.948581 -3.902755
2.946030 -3.898919
2.948693 -3.901800
2.946089 -3.898340
2.946148 -3.897762
2.948805 -3.900844
2.946207 -3.897183
2.946267 -3.896605
2.948916 -3.899889
2.946326 -3.896026
2.946385 -3.895447
2.949028 -3.898934
2.946444 -3.894869
2.949140 -3.897978
2.946504 -3.894290
2.946563 -3.893712
2.949252 -3.897023
2.946622 -3.893133
2.946681 -3.892554
2.949363 -3.896068
2.946740 -3.891976
2.949475 -3.895113
2.946800 -3.891397
2.946859 -3.890819
2.949587 -3.894157
2.946918 -3.890240
2.946977 -3.889661
2.949698 -3.893202
2.947037 -3.889083
2.949810 -3.892247
2.947096 -3.888504
2.947155 -3.887926
2.949922 -3.891291
2.947214 -3.887347
2.947273 -3.886768
2.950034 -3.890336
2.947333 -3.886190
2.950145 -3.889381
2.947392 -3.885611
2.947451 -3.885033
2.950257 -3.888425
2.947510 -3.884454
2.947570 -3.883875
2.950369 -3.887470
2.947629 -3.883297
2.950481 -3.886515
2.947688 -3.882718
2.947747 -3.882140
2.950592 -3.885559
2.947806 -3.881561
2.947866 -3.880982
2.950704 -3.884604
2.947925 -3.880404
2.950816 -3.883649
2.947984 -3.879825
2.948043 -3.879247
2.950928 -3.882694
2.948102 -3.878668
2.948162 -3.878089
2.951039 -3.881738
2.948221 -3.877511
2.951151 -3.880783
2.948280 -3.876932
2.948339 -3.876353
2.951263 -3.879828
2.948399 -3.875775
2.948458 -3.875196
2.951374 -3.878872
2.948517 -3.874618
2.951486 -3.877917
2.948576 -3.874039
2.948635 -3.873460
2.951598 -3.876962
2.948695 -3.872882
2.948754 -3.872303
2.951710 -3.876006
2.948813 -3.871725
2.951821 -3.875051
2.948872 -3.871146
2.948932 -3.870567
2.951933 -3.874096
2.948991 -3.869989
2.949050 -3.869410
2.952045 -3.873141
2.949109 -3.868832
2.952157 -3.872185
2.949168 -3.868253
2.949228 -3.867674
2.952268 -3.871230
2.949287 -3.867096
2.949346 -3.866517
2.952380 -3.870275
2.949405 -3.865939
2.949465 -3.865360
2.952492 -3.869319
2.949524 -3.864781
2.952603 -3.868364
2.949583 -3.864203
2.949642 -3.863624
2.952715 -3.867409
2.949701 -3.863046
2.949761 -3.862467
2.952827 -3.866453
2.949820 -3.861888
2.952939 -3.865498
2.949879 -3.861310
2.949938 -3.860731
2.953050 -3.864543
2.949998 -3.860153
2.950057 -3.859574
2.953162 -3.863588
2.950116 -3.858995
2.953274 -3.862632
2.950175 -3.858417
2.950234 -3.857838
2.953386 -3.861677
2.950294 -3.857260
2.950353 -3.856681
2.953497 -3.860722
2.950412 -3.856102
2.953609 -3.859766
2.950471 -3.855524
2.950531 -3.854945
2.953721 -3.858811
2.950590 -3.854367
2.950649 -3.853788
2.953832 -3.857856
2.950708 -3.853209
2.953944 -3.856900
2.950767 -3.852631
2.950827 -3.852052
2.954056 -3.855945
2.950886 -3.851473
2.950945 -3.850895
2.954168 -3.854990
2.951004 -3.850316
2.954279 -3.854034
2.951063 -3.849738
2.951123 -3.849159
2.954391 -3.853079
2.951182 -3.848580
2.951241 -3.848002
2.954503 -3.852124
2.951300 -3.847423
2.954615 -3.851169
2.951360 -3.846845
2.951419 -3.846266
2.954726 -3.850213
2.951478 -3.845687
2.951537 -3.845109
2.954838 -3.849258
2.951596 -3.844530
2.954950 -3.848303
2.951656 -3.843952
2.951715 -3.843373
2.955061 -3.847347
2.951774 -3.842794
2.951833 -3.842216
2.955173 -3.846392
2.951893 -3.841637
2.955285 -3.845437
2.951952 -3.841059
2.952011 -3.840480
2.955397 -3.844481
2.952070 -3.839901
2.952129 -3.839323
2.955508 -3.843526
2.952189 -3.838744
2.955620 -3.842571
2.952248 -3.838166
2.952307 -3.837587
2.955732 -3.841616
2.952366 -3.837008
2.952426 -3.836430
2.955844 -3.840660
2.952485 -3.835851
2.955955 -3.839705
2.952544 -3.835273
2.952603 -3.834694
2.956067 -3.838750
2.952662 -3.834115
2.952722 -3.833537
2.956179 -3.837794
2.952781 -3.832958
2.952840 -3.832380
2.956290 -3.836839
2.952899 -3.831801
2.956402 -3.835884
2.952959 -3.831222
2.953018 -3.830644
2.956514 -3.834928
2.953077 -3.830065
2.953136 -3.829486
2.956626 -3.833973
2.953195 -3.828908
2.956737 -3.833018
2.953255 -3.828329
2.953314 -3.827751
2.956849 -3.832063
2.953373 -3.827172
2.953432 -3.826593
2.956961 -3.831107
2.953492 -3.826015
2.957073 -3.830152
2.953551 -3.825436
2.953610 -3.824858
2.957184 -3.829197
2.953669 -3.824279
2.953728 -3.823700
2.957296 -3.828241
2.953788 -3.823122
2.957408 -3.827286
2.953847 -3.822543
2.953906 -3.821965
2.957519 -3.826331
2.953965 -3.821386
2.954024 -3.820807
2.957631 -3.825375
2.954084 -3.820229
2.957743 -3.824420
2.954143 -3.819650
2.954202 -3.819072
2.957855 -3.823465
2.954261 -3.818493
2.954321 -3.817914
2.957966 -3.822509
2.954380 -3.817336
2.958078 -3.821554
2.954439 -3.816757
2.954498 -3.816179
2.958190 -3.820599
2.954557 -3.815600
2.954617 -3.815021
2.958302 -3.819644
2.954676 -3.814443
2.958413 -3.818688
2.954735 -3.813864
2.954794 -3.813286
2.958525 -3.817733
2.954854 -3.812707
2.954913 -3.812128
2.958637 -3.816778
2.954972 -3.811550
2.958748 -3.815822
2.955031 -3.810971
2.955090 -3.810393
2.958860 -3.814867
2.955150 -3.809814
2.955209 -3.809235
2.958972 -3.813912
2.955268 -3.808657
2.959084 -3.812956
2.955327 -3.808078
2.955387 -3.807499
2.959195 -3.812001
2.955446 -3.806921
2.955505 -3.806342
2.959307 -3.811046
2.955564 -3.805764
2.959419 -3.810091
2.955623 -3.805185
2.955683 -3.804606
2.959531 -3.809135
2.955742 -3.804028
2.955801 -3.803449
2.959642 -3.808180
2.955860 -3.802871
2.959754 -3.807225
2.955920 -3.802292
2.955979 -3.801713
2.959866 -3.806269
2.956038 -3.801135
2.956097 -3.800556
2.959977 -3.805314
2.956156 -3.799978
2.956216 -3.799399
2.960089 -3.804359
2.956275 -3.798820
2.960201 -3.803403
2.956334 -3.798242
2.956393 -3.797663
2.960313 -3.802448
2.956453 -3.797085
2.956512 -3.796506
2.960424 -3.801493
2.956571 -3.795927
2.960536 -3.800538
2.956630 -3.795349
2.956689 -3.794770
2.960648 -3.799582
2.956749 -3.794192
2.956808 -3.793613
2.960760 -3.798627
2.956867 -3.793034
2.960871 -3.797672
2.956926 -3.792456
2.956985 -3.791877
2.960983 -3.796716
2.957045 -3.791299
2.957104 -3.790720
2.961095 -3.795761
2.957163 -3.790141
2.961206 -3.794806
2.957222 -3.789563
2.957282 -3.788984
2.961318 -3.793850
2.957341 -3.788406
2.957400 -3.787827
2.961430 -3.792895
2.957459 -3.787248
2.961542 -3.791940
2.957518 -3.786670
2.957578 -3.786091
2.961653 -3.790984
2.957637 -3.785513
2.957696 -3.784934
2.961765 -3.790029
2.957755 -3.784355
2.961877 -3.789074
2.957815 -3.783777
2.957874 -3.783198
2.961989 -3.788119
2.957933 -3.782619
2.957992 -3.782041
2.962100 -3.787163
2.958051 -3.781462
2.962212 -3.786208
2.958111 -3.780884
2.958170 -3.780305
2.962324 -3.785253
2.958229 -3.779726
2.958288 -3.779148
2.962435 -3.784297
2.958348 -3.778569
2.962547 -3.783342
2.958407 -3.777991
2.958466 -3.777412
2.962659 -3.782387
2.958525 -3.776833
2.958584 -3.776255
2.962771 -3.781431
2.958644 -3.775676
2.962882 -3.780476
2.958703 -3.775098
2.958762 -3.774519
2.962994 -3.779521
2.958821 -3.773940
2.958881 -3.773362
2.963106 -3.778566
2.958940 -3.772783
2.963218 -3.777610
2.958999 -3.772205
2.959058 -3.771626
2.963329 -3.776655
2.959117 -3.771047
2.959177 -3.770469
2.963441 -3.775700
2.959236 -3.769890
2.963553 -3.774744
2.959295 -3.769312
2.959354 -3.768733
2.963664 -3.773789
2.959414 -3.768154
2.959473 -3.767576
2.963776 -3.772834
2.959532 -3.766997
2.959591 -3.766419
2.963888 -3.771878
2.959650 -3.765840
2.964000 -3.770923
2.959710 -3.765261
2.959769 -3.764683
2.964111 -3.769968
2.959828 -3.764104
2.959887 -3.763526
2.964223 -3.769013
2.959946 -3.762947
2.964335 -3.768057
2.960006 -3.762368
2.960065 -3.761790
2.964447 -3.767102
2.960124 -3.761211
2.960183 -3.760632
2.964558 -3.766147
2.960243 -3.760054
2.964670 -3.765191
2.960302 -3.759475
2.960361 -3.758897
2.964782 -3.764236
2.960420 -3.758318
2.960479 -3.757739
2.964893 -3.763281
2.960539 -3.757161
2.965005 -3.762325
2.960598 -3.756582
2.960657 -3.756004
2.965117 -3.761370
2.960716 -3.755425
2.960776 -3.754846
2.965229 -3.760415
2.960835 -3.754268
2.965340 -3.759459
2.960894 -3.753689
2.960953 -3.753111
2.965452 -3.758504
2.961012 -3.752532
2.961072 -3.751953
2.965564 -3.757549
2.961131 -3.751375
2.965676 -3.756594
2.961190 -3.750796
2.961249 -3.750218
2.965787 -3.755638
2.961309 -3.749639
2.961368 -3.749060
2.965899 -3.754683
2.961427 -3.748482
2.966011 -3.753728
2.961486 -3.747903
2.961545 -3.747325
2.966122 -3.752772
2.961605 -3.746746
2.961664 -3.746167
2.966234 -3.751817
2.961723 -3.745589
2.966346 -3.750862
2.961782 -3.745010
2.961842 -3.744432
2.966458 -3.749906
2.961926 -3.743815
2.962011 -3.743198
2.966569 -3.748951
2.962096 -3.742581
2.966681 -3.747996
2.962181 -3.741964
2.962265 -3.741347
2.966793 -3.747041
2.962350 -3.740730
2.966905 -3.746085
2.962435 -3.740113
2.962520 -3.739497
2.967016 -3.745130
2.962604 -3.738880
2.967128 -3.744175
2.962689 -3.738263
2.962774 -3.737646
2.967240 -3.743219
2.962859 -3.737029
2.967351 -3.742264
2.962943 -3.736412
2.963028 -3.735795
2.967463 -3.741309
2.963113 -3.735179
2.967575 -3.740353
2.963198 -3.734562
2.963282 -3.733945
2.967687 -3.739398
2.963367 -3.733328
2.967798 -3.738443
2.963452 -3.732711
2.963537 -3.732094
2.967910 -3.737488
2.963621 -3.731477
2.968022 -3.736532
2.963706 -3.730860
2.963791 -3.730244
2.968134 -3.735577
2.963876 -3.729627
2.968245 -3.734622
2.963960 -3.729010
2.964045 -3.728393
2.968357 -3.733666
2.964130 -3.727776
2.968469 -3.732711
2.964215 -3.727159
2.964299 -3.726542
2.968580 -3.731756
2.964384 -3.725926
2.968692 -3.730800
2.964469 -3.725309
2.964554 -3.724692
2.968804 -3.729845
2.964638 -3.724075
2.968916 -3.728890
2.964723 -3.723458
2.964808 -3.722841
2.969027 -3.727934
2.964893 -3.722224
2.969139 -3.726979
2.964977 -3.721607
2.965062 -3.720991
2.969251 -3.726024
2.965147 -3.720374
2.969363 -3.725069
2.965232 -3.719757
2.965316 -3.719140
2.969474 -3.724113
2.965401 -3.718523
2.969586 -3.723158
2.965486 -3.717906
2.965571 -3.717289
2.969698 -3.722203
2.965655 -3.716673
2.969809 -3.721247
2.965740 -3.716056
2.965825 -3.715439
2.969921 -3.720292
2.965910 -3.714822
2.970033 -3.719337
2.965994 -3.714205
2.966079 -3.713588
2.970145 -3.718381
2.966164 -3.712971
2.970256 -3.717426
2.966249 -3.712354
2.966333 -3.711738
2.970368 -3.716471
2.966418 -3.711121
2.970480 -3.715516
2.966503 -3.710504
2.966588 -3.709887
2.970592 -3.714560
2.966672 -3.709270
2.970703 -3.713605
2.966757 -3.708653
2.966842 -3.708036
2.970815 -3.712650
2.966927 -3.707420
2.970927 -3.711694
2.967011 -3.706803
2.967096 -3.706186
2.971038 -3.710739
2.967181 -3.705569
2.967266 -3.704952
2.971150 -3.709784
2.967350 -3.704335
2.971262 -3.708828
2.967435 -3.703718
2.967520 -3.703101
2.971374 -3.707873
2.967605 -3.702485
2.971485 -3.706918
2.967689 -3.701868
2.967774 -3.701251
2.971597 -3.705963
2.967859 -3.700634
2.971709 -3.705007
2.967944 -3.700017
2.968028 -3.699400
2.971821 -3.704052
2.968113 -3.698783
2.971932 -3.703097
2.968198 -3.698167
2.968283 -3.697550
2.972044 -3.702141
2.968367 -3.696933
2.972156 -3.701186
2.968452 -3.696316
2.968537 -3.695699
2.972267 -3.700231
2.968622 -3.695082
2.972379 -3.699275
2.968706 -3.694465
2.968791 -3.693848
2.972491 -3.698320
2.968876 -3.693232
2.972603 -3.697365
2.968961 -3.692615
2.969045 -3.691998
2.972714 -3.696409
2.969130 -3.691381
2.972826 -3.695454
2.969215 -3.690764
2.969300 -3.690147
2.972938 -3.694499
2.969384 -3.689530
2.973050 -3.693544
2.969469 -3.688914
2.969554 -3.688297
2.973161 -3.692588
2.969639 -3.687680
2.973273 -3.691633
2.969723 -3.687063
2.969808 -3.686446
2.973385 -3.690678
2.969893 -3.685829
2.973496 -3.689722
2.969978 -3.685212
2.970062 -3.684595
2.973608 -3.688767
2.970147 -3.683979
2.973720 -3.687812
2.970232 -3.683362
2.970317 -3.682745
2.973832 -3.686856
2.970401 -3.682128
2.973943 -3.685901
2.970486 -3.681511
2.970571 -3.680894
2.974055 -3.684946
2.970656 -3.680277
2.974167 -3.683991
2.970740 -3.679661
2.970825 -3.679044
2.974279 -3.683035
2.970910 -3.678427
2.974390 -3.682080
2.970995 -3.677810
2.971079 -3.677193
2.974502 -3.681125
2.971164 -3.676576
2.974614 -3.680169
2.971249 -3.675959
2.971334 -3.675342
2.974725 -3.679214
2.971418 -3.674726
2.974837 -3.678259
2.971503 -3.674109
2.971588 -3.673492
2.974949 -3.677303
2.971673 -3.672875
2.975061 -3.676348
2.971757 -3.672258
2.971842 -3.671641
2.975172 -3.675393
2.971927 -3.671024
2.972012 -3.670408
2.975284 -3.674438
2.972096 -3.669791
2.975396 -3.673482
2.972181 -3.669174
2.972266 -3.668557
2.975508 -3.672527
2.972351 -3.667940
2.975619 -3.671572
2.972435 -3.667323
2.972520 -3.666706
2.975731 -3.670616
2.972605 -3.666089
2.975843 -3.669661
2.972690 -3.665473
2.972774 -3.664856
2.975954 -3.668706
2.972859 -3.664239
2.976066 -3.667750
2.972944 -3.663622
2.973029 -3.663005
2.976178 -3.666795
2.973113 -3.662388
2.976290 -3.665840
2.973198 -3.661771
2.973283 -3.661155
2.976401 -3.664884
2.973368 -3.660538
2.976513 -3.663929
2.973452 -3.659921
2.973537 -3.659304
2.976625 -3.662974
2.973622 -3.658687
2.976737 -3.662019
2.973707 -3.658070
2.973791 -3.657453
2.976848 -3.661063
2.973876 -3.656836
2.976960 -3.660108
2.973961 -3.656220
2.974046 -3.655603
2.977072 -3.659153
2.974130 -3.654986
2.977183 -3.658197
2.974215 -3.654369
2.974300 -3.653752
2.977295 -3.657242
2.974385 -3.653135
2.977407 -3.656287
2.974469 -3.652518
2.974554 -3.651902
2.977519 -3.655331
2.974639 -3.651285
2.977630 -3.654376
2.974724 -3.650668
2.974808 -3.650051
2.977742 -3.653421
2.974893 -3.649434
2.977854 -3.652466
2.974978 -3.648817
2.975063 -3.648200
2.977966 -3.651510
2.975147 -3.647583
2.978077 -3.650555
2.975232 -3.646967
2.975317 -3.646350
2.978189 -3.649600
2.975402 -3.645733
2.978301 -3.648644
2.975486 -3.645116
2.975571 -3.644499
2.978412 -3.647689
2.975656 -3.643882
2.978524 -3.646734
2.975741 -3.643265
2.975825 -3.642649
2.978636 -3.645778
2.975910 -3.642032
2.978748 -3.644823
2.975995 -3.641415
2.976080 -3.640798
2.978859 -3.643868
2.976164 -3.640181
2.978971 -3.642913
2.976249 -3.639564
2.976334 -3.638947
2.979083 -3.641957
2.976419 -3.638330
2.976503 -3.637714
2.979195 -3.641002
2.976588 -3.637097
2.979306 -3.640047
2.976673 -3.636480
2.976758 -3.635863
2.979418 -3.639091
2.976842 -3.635246
2.979530 -3.638136
2.976927 -3.634629
2.977012 -3.634012
2.979641 -3.637181
2.977097 -3.633396
2.979753 -3.636225
2.977181 -3.632779
2.977266 -3.632162
2.979865 -3.635270
2.977351 -3.631545
2.979977 -3.634315
2.977436 -3.630928
2.977520 -3.630311
2.980088 -3.633359
2.977605 -3.629694
2.980200 -3.632404
2.977690 -3.629077
2.977775 -3.628461
2.980312 -3.631449
2.977859 -3.627844
2.980424 -3.630494
2.977944 -3.627227
2.978029 -3.626610
2.980535 -3.629538
2.978114 -3.625993
2.980647 -3.628583
2.978198 -3.625376
2.978283 -3.624759
2.980759 -3.627628
2.978368 -3.624143
2.980870 -3.626672
2.978453 -3.623526
2.978537 -3.622909
2.980982 -3.625717
2.978622 -3.622292
2.981094 -3.624762
2.978707 -3.621675
2.978792 -3.621058
2.981206 -3.623806
2.978876 -3.620441
2.981317 -3.622851
2.978961 -3.619824
2.979046 -3.619208
2.981429 -3.621896
2.979131 -3.618591
2.981541 -3.620941
2.979215 -3.617974
2.979300 -3.617357
2.981653 -3.619985
2.979385 -3.616740
2.981764 -3.619030
2.979470 -3.616123
2.979554 -3.615506
2.981876 -3.618075
2.979639 -3.614890
2.981988 -3.617119
2.979724 -3.614273
2.979809 -3.613656
2.982099 -3.616164
2.979893 -3.613039
2.982211 -3.615209
2.979978 -3.612422
2.980063 -3.611805
2.982323 -3.614253
2.980148 -3.611188
2.982435 -3.613298
2.980232 -3.610571
2.980317 -3.609955
2.982546 -3.612343
2.980402 -3.609338
2.982658 -3.611388
2.980487 -3.608721
2.980572 -3.608104
2.982770 -3.610432
2.980656 -3.607487
2.982882 -3.609477
2.980741 -3.606870
2.980826 -3.606253
2.982993 -3.608522
2.980911 -3.605637
2.980995 -3.605020
2.983105 -3.607566
2.981080 -3.604403
2.983217 -3.606611
2.981165 -3.603786
2.981250 -3.603169
2.983328 -3.605656
2.981334 -3.602552
2.983440 -3.604700
2.981419 -3.601935
2.981504 -3.601318
2.983552 -3.603745
2.981589 -3.600702
2.983664 -3.602790
2.981673 -3.600085
2.981758 -3.599468
2.983775 -3.601834
2.981843 -3.598851
2.983887 -3.600879
2.981928 -3.598234
2.982012 -3.597617
2.983999 -3.599924
2.982097 -3.597000
2.984111 -3.598969
2.982182 -3.596384
2.982267 -3.595767
2.984222 -3.598013
2.982351 -3.595150
2.984334 -3.597058
2.982436 -3.594533
2.982521 -3.593916
2.984446 -3.596103
2.982606 -3.593299
2.984557 -3.595147
2.982690 -3.592682
2.982775 -3.592065
2.984669 -3.594192
2.982860 -3.591449
2.984781 -3.593237
2.982945 -3.590832
2.983029 -3.590215
2.984893 -3.592281
2.983114 -3.589598
2.985004 -3.591326
2.983199 -3.588981
2.983284 -3.588364
2.985116 -3.590371
2.983368 -3.587747
2.985228 -3.589416
2.983453 -3.587131
2.983538 -3.586514
2.985340 -3.588460
2.983623 -3.585897
2.985451 -3.587505
2.983707 -3.585280
2.983792 -3.584663
2.985563 -3.586550
2.983877 -3.584046
2.985675 -3.585594
2.983962 -3.583429
2.984046 -3.582812
2.985786 -3.584639
2.984131 -3.582196
2.985898 -3.583684
2.984216 -3.581579
2.984301 -3.580962
2.986010 -3.582728
2.984385 -3.580345
2.986122 -3.581773
2.984470 -3.579728
2.984555 -3.579111
2.986233 -3.580818
2.984640 -3.578494
2.986345 -3.579863
2.984724 -3.577878
2.984809 -3.577261
2.986457 -3.578907
2.984894 -3.576644
2.986569 -3.577952
2.984979 -3.576027
2.985063 -3.575410
2.986680 -3.576997
2.985148 -3.574793
2.985233 -3.574176
2.986792 -3.576041
2.985318 -3.573559
2.986904 -3.575086
2.985402 -3.572943
2.985487 -3.572326
2.987015 -3.574131
2.985572 -3.571709
2.987127 -3.573175
2.985657 -3.571092
2.985741 -3.570475
2.987239 -3.572220
2.985826 -3.569858
2.987351 -3.571265
2.985911 -3.569241
2.985996 -3.568625
2.987462 -3.570309
2.986080 -3.568008
2.987574 -3.569354
2.986165 -3.567391
2.986250 -3.566774
2.987686 -3.568399
2.986335 -3.566157
2.987798 -3.567444
2.986419 -3.565540
2.986504 -3.564923
2.987909 -3.566488
2.986589 -3.564306
2.988021 -3.565533
2.986674 -3.563690
2.986758 -3.563073
2.988133 -3.564578
2.986843 -3.562456
2.988245 -3.563622
2.986928 -3.561839
2.987013 -3.561222
2.988356 -3.562667
2.987097 -3.560605
2.988468 -3.561712
2.987182 -3.559988
2.987267 -3.559372
2.988580 -3.560756
2.987352 -3.558755
2.988691 -3.559801
2.987436 -3.558138
2.987521 -3.557521
2.988803 -3.558846
2.987606 -3.556904
2.988915 -3.557891
2.987691 -3.556287
2.987775 -3.555670
2.989027 -3.556935
2.987860 -3.555053
2.989138 -3.555980
2.987945 -3.554437
2.988030 -3.553820
2.989250 -3.555025
2.988114 -3.553203
2.989362 -3.554069
2.988199 -3.552586
2.988284 -3.551969
2.989474 -3.553114
2.988369 -3.551352
2.989585 -3.552159
2.988453 -3.550735
2.988538 -3.550119
2.989697 -3.551203
2.988623 -3.549502
2.989809 -3.550248
2.988708 -3.548885
2.988792 -3.548268
2.989920 -3.549293
2.988877 -3.547651
2.990032 -3.548338
2.988962 -3.547034
2.989047 -3.546417
2.990144 -3.547382
2.989131 -3.545800
2.990256 -3.546427
2.989216 -3.545184
2.989301 -3.544567
2.990367 -3.545472
2.989386 -3.543950
2.989470 -3.543333
2.990479 -3.544516
2.989555 -3.542716
2.990591 -3.543561
2.989640 -3.542099
2.989725 -3.541482
2.990703 -3.542606
2.989809 -3.540866
2.990814 -3.541650
2.989894 -3.540249
2.989979 -3.539632
2.990926 -3.540695
2.990064 -3.539015
2.991038 -3.539740
2.990148 -3.538398
2.990233 -3.537781
2.991149 -3.538784
2.990318 -3.537164
2.991261 -3.537829
2.990403 -3.536547
2.990487 -3.535931
2.991373 -3.536874
2.990572 -3.535314
2.991485 -3.535919
2.990657 -3.534697
2.990742 -3.534080
2.991596 -3.534963
2.990826 -3.533463
2.991708 -3.534008
2.990911 -3.532846
2.990996 -3.532229
2.991820 -3.533053
2.991081 -3.531613
2.991932 -3.532097
2.991165 -3.530996
2.991250 -3.530379
2.992043 -3.531142
2.991335 -3.529762
2.992155 -3.530187
2.991420 -3.529145
2.991504 -3.528528
2.992267 -3.529231
2.991589 -3.527911
2.992378 -3.528276
2.991674 -3.527294
2.991759 -3.526678
2.992490 -3.527321
2.991843 -3.526061
2.992602 -3.526366
2.991928 -3.525444
2.992013 -3.524827
2.992714 -3.525410
2.992098 -3.524210
2.992825 -3.524455
2.992182 -3.523593
2.992267 -3.522976
2.992937 -3.523500
2.992352 -3.522360
2.993049 -3.522544
2.992437 -3.521743
2.992521 -3.521126
2.993161 -3.521589
2.992606 -3.520509
2.993272 -3.520634
2.992691 -3.519892
2.992776 -3.519275
2.993384 -3.519678
2.992860 -3.518658
2.993496 -3.518723
2.992945 -3.518041
2.993030 -3.517425
2.993607 -3.517768
2.993115 -3.516808
2.993719 -3.516813
2.993199 -3.516191
2.993284 -3.515574
2.993831 -3.515857
2.993369 -3.514957
2.993454 -3.514340
2.993943 -3.514902
2.993538 -3.513723
2.994054 -3.513947
2.993623 -3.513107
2.993708 -3.512490
2.994166 -3.512991
2.993793 -3.511873
2.994278 -3.512036
2.993877 -3.511256
2.993962 -3.510639
2.994390 -3.511081
2.994047 -3.510022
2.994501 -3.510125
2.994132 -3.509405
2.994216 -3.508788
2.994613 -3.509170
2.994301 -3.508172
2.994725 -3.508215
2.994386 -3.507555
2.994471 -3.506938
2.994836 -3.507259
2.994555 -3.506321
2.994948 -3.506304
2.994640 -3.505704
2.994725 -3.505087
2.995060 -3.505349
2.994810 -3.504470
2.995172 -3.504394
2.994894 -3.503854
2.994979 -3.503237
2.995283 -3.503438
2.995064 -3.502620
2.995395 -3.502483
2.995149 -3.502003
2.995233 -3.501386
2.995507 -3.501528
2.995318 -3.500769
2.995619 -3.500572
2.995403 -3.500152
2.995488 -3.499535
2.995730 -3.499617
2.995572 -3.498919
2.995842 -3.498662
2.995657 -3.498302
2.995742 -3.497685
2.995954 -3.497706
2.995827 -3.497068
2.996065 -3.496751
2.995911 -3.496451
2.995996 -3.495834
2.996177 -3.495796
2.996081 -3.495217
2.996289 -3.494841
2.996166 -3.494601
2.996250 -3.493984
2.996401 -3.493885
2.996335 -3.493367
2.996512 -3.492930
2.996420 -3.492750
2.996505 -3.492133
2.996624 -3.491975
2.996589 -3.491516
2.996736 -3.491019
2.996674 -3.490899
2.996759 -3.490282
2.996848 -3.490064
2.996844 -3.489666
2.996959 -3.489109
2.996928 -3.489049
2.997013 -3.488432
2.997071 -3.488153
2.997098 -3.487815
2.997183 -3.487198
3.018217 -3.147274
3.018203 -3.147047
3.018189 -3.146821
3.018175 -3.146594
3.018161 -3.146367
3.018232 -3.146277
3.018148 -3.146140
3.018134 -3.145913
3.018120 -3.145686
3.018106 -3.145459
3.018092 -3.145232
3.018247 -3.145279
3.018079 -3.145005
3.018065 -3.144778
3.018051 -3.144552
3.018037 -3.144325
3.018023 -3.144098
3.018263 -3.144281
3.018009 -3.143871
3.017996 -3.143644
3.017982 -3.143417
3.017968 -3.143190
3.017954 -3.142963
3.018278 -3.143283
3.017940 -3.142736
3.017927 -3.142509
3.017913 -3.142282
3.017899 -3.142056
3.018294 -3.142286
3.017885 -3.141829
3.017871 -3.141602
3.017858 -3.141375
3.017844 -3.141148
3.017830 -3.140921
3.018309 -3.141288
3.017816 -3.140694
3.017802 -3.140467
3.017789 -3.140240
3.017775 -3.140013
3.017761 -3.139786
3.018324 -3.140290
3.017747 -3.139560
3.017733 -3.139333
3.017720 -3.139106
3.017706 -3.138879
3.017692 -3.138652
3.018340 -3.139293
3.017678 -3.138425
3.017664 -3.138198
3.017650 -3.137971
3.017637 -3.137744
3.018355 -3.138295
3.017623 -3.137517
3.017609 -3.137290
3.017595 -3.137064
3.017581 -3.136837
3.017568 -3.136610
3.018371 -3.137297
3.017554 -3.136383
3.017540 -3.136156
3.017526 -3.135929
3.017512 -3.135702
3.017499 -3.135475
3.018386 -3.136299
3.017485 -3.135248
3.017471 -3.135021
3.017457 -3.134795
3.017443 -3.134568
3.017430 -3.134341
3.018401 -3.135302
3.017416 -3.134114
3.017402 -3.133887
3.017388 -3.133660
3.017374 -3.133433
3.018417 -3.134304
3.017361 -3.133206
3.017347 -3.132979
3.017333 -3.132752
3.017319 -3.132525
3.017305 -3.132299
3.018432 -3.133306
3.017292 -3.132072
3.017278 -3.131845
3.017264 -3.131618
3.017250 -3.131391
3.017236 -3.131164
3.018448 -3.132309
3.017222 -3.130937
3.017209 -3.130710
3.017195 -3.130483
3.017181 -3.130256
3.017167 -3.130029
3.018463 -3.131311
3.017153 -3.129803
3.017140 -3.129576
3.017126 -3.129349
3.017112 -3.129122
3.017098 -3.128895
3.018478 -3.130313
3.017084 -3.128668
3.017071 -3.128441
3.017057 -3.128214
3.017043 -3.127987
3.018494 -3.129315
3.017029 -3.127760
3.017015 -3.127533
3.017002 -3.127307
3.016988 -3.127080
3.016974 -3.126853
3.018509 -3.128318
3.016960 -3.126626
3.016946 -3.126399
3.016933 -3.126172
3.016919 -3.125945
3.016905 -3.125718
3.018525 -3.127320
3.016891 -3.125491
3.016877 -3.125264
3.016863 -3.125038
3.016850 -3.124811
3.016836 -3.124584
3.018540 -3.126322
3.016822 -3.124357
3.016808 -3.124130
3.016794 -3.123903
3.016781 -3.123676
3.018555 -3.125324
3.016767 -3.123449
3.016753 -3.123222
3.016739 -3.122995
3.016725 -3.122768
3.016712 -3.122542
3.018571 -3.124327
3.016698 -3.122315
3.016684 -3.122088
3.016670 -3.121861
3.016656 -3.121634
3.016643 -3.121407
3.018586 -3.123329
3.016629 -3.121180
3.016615 -3.120953
3.016601 -3.120726
3.016587 -3.120499
3.016574 -3.120272
3.018602 -3.122331
3.016560 -3.120046
3.016546 -3.119819
3.016532 -3.119592
3.016518 -3.119365
3.018617 -3.121334
3.016505 -3.119138
3.016491 -3.118911
3.016477 -3.118684
3.016463 -3.118457
3.016449 -3.118230
3.018632 -3.120336
3.016435 -3.118003
3.016422 -3.117777
3.016408 -3.117550
3.016394 -3.117323
3.016380 -3.117096
3.018648 -3.119338
3.016366 -3.116869
3.016353 -3.116642
3.016339 -3.116415
3.016325 -3.116188
3.016311 -3.115961
3.018663 -3.118340
3.016297 -3.115734
3.016284 -3.115507
3.016270 -3.115281
3.016256 -3.115054
3.016242 -3.114827
3.018679 -3.117343
3.016228 -3.114600
3.016215 -3.114373
3.016201 -3.114146
3.016187 -3.113919
3.018694 -3.116345
3.016173 -3.113692
3.016159 -3.113465
3.016146 -3.113238
3.016132 -3.113011
3.016118 -3.112785
3.018709 -3.115347
3.016104 -3.112558
3.016090 -3.112331
3.016076 -3.112104
3.016063 -3.111877
3.016049 -3.111650
3.018725 -3.114350
3.016035 -3.111423
3.016021 -3.111196
3.016007 -3.110969
3.015994 -3.110742
3.015980 -3.110515
3.018740 -3.113352
3.015966 -3.110289
3.015952 -3.110062
3.015938 -3.109835
3.015925 -3.109608
3.018756 -3.112354
3.015911 -3.109381
3.015897 -3.109154
3.015883 -3.108927
3.015869 -3.108700
3.015856 -3.108473
3.018771 -3.111356
3.015842 -3.108246
3.015828 -3.108020
3.015814 -3.107793
3.015800 -3.107566
3.015787 -3.107339
3.018786 -3.110359
3.015773 -3.107112
3.015759 -3.106885
3.015745 -3.106658
3.015731 -3.106431
3.015718 -3.106204
3.018802 -3.109361
3.015704 -3.105977
3.015690 -3.105750
3.015676 -3.105524
3.015662 -3.105297
3.018817 -3.108363
3.015648 -3.105070
3.015635 -3.104843
3.015621 -3.104616
3.015607 -3.104389
3.015593 -3.104162
3.018833 -3.107365
3.015579 -3.103935
3.015566 -3.103708
3.015552 -3.103481
3.015538 -3.103254
3.015524 -3.103028
3.018848 -3.106368
3.015510 -3.102801
3.015497 -3.102574
3.015483 -3.102347
3.015469 -3.102120
3.015455 -3.101893
3.018863 -3.105370
3.015441 -3.101666
3.015428 -3.101439
3.015414 -3.101212
3.015400 -3.100985
3.018879 -3.104372
3.015386 -3.100758
3.015372 -3.100532
3.015359 -3.100305
3.015345 -3.100078
3.015331 -3.099851
3.018894 -3.103375
3.015317 -3.099624
3.015303 -3.099397
3.015289 -3.099170
3.015276 -3.098943
3.015262 -3.098716
3.018910 -3.102377
3.015248 -3.098489
3.015234 -3.098263
3.015220 -3.098036
3.015207 -3.097809
3.015193 -3.097582
3.018925 -3.101379
3.015179 -3.097355
3.015165 -3.097128
3.015151 -3.096901
3.015138 -3.096674
3.018940 -3.100381
3.015124 -3.096447
3.015110 -3.096220
3.015096 -3.095993
3.015082 -3.095767
3.015069 -3.095540
3.018956 -3.099384
3.015055 -3.095313
3.015041 -3.095086
3.015027 -3.094859
3.015013 -3.094632
3.015000 -3.094405
3.018971 -3.098386
3.014986 -3.094178
3.014972 -3.093951
3.014958 -3.093724
3.014944 -3.093497
3.014931 -3.093271
3.018987 -3.097388
3.014917 -3.093044
3.014903 -3.092817
3.014889 -3.092590
3.014875 -3.092363
3.019002 -3.096390
3.014861 -3.092136
3.014848 -3.091909
3.014834 -3.091682
3.014820 -3.091455
3.014806 -3.091228
3.019017 -3.095393
3.014792 -3.091002
3.014779 -3.090775
3.014765 -3.090548
3.014751 -3.090321
3.014737 -3.090094
3.019033 -3.094395
3.014723 -3.089867
3.014710 -3.089640
3.014696 -3.089413
3.014682 -3.089186
3.014668 -3.088959
3.019048 -3.093397
3.014654 -3.088732
3.014641 -3.088506
3.014627 -3.088279
3.014613 -3.088052
3.019064 -3.092400
3.014599 -3.087825
3.014585 -3.087598
3.014572 -3.087371
3.014558 -3.087144
3.014544 -3.086917
3.019079 -3.091402
3.014530 -3.086690
3.014516 -3.086463
3.014502 -3.086236
3.014489 -3.086010
3.014475 -3.085783
3.019094 -3.090404
3.014461 -3.085556
3.014447 -3.085329
3.014433 -3.085102
3.014420 -3.084875
3.014406 -3.084648
3.019110 -3.089406
3.014392 -3.084421
3.014378 -3.084194
3.014364 -3.083967
3.014351 -3.083740
3.014337 -3.083514
3.019125 -3.088409
3.014323 -3.083287
3.014309 -3.083060
3.014295 -3.082833
3.014282 -3.082606
3.019141 -3.087411
3.014268 -3.082379
3.014254 -3.082152
3.014240 -3.081925
3.014226 -3.081698
3.014213 -3.081471
3.019156 -3.086413
3.014199 -3.081245
3.014185 -3.081018
3.014171 -3.080791
3.014157 -3.080564
3.014144 -3.080337
3.019171 -3.085416
3.014130 -3.080110
3.014116 -3.079883
3.014102 -3.079656
3.014088 -3.079429
3.014074 -3.079202
3.019187 -3.084418
3.014061 -3.078975
3.014047 -3.078749
3.014033 -3.078522
3.014019 -3.078295
3.019202 -3.083420
3.014005 -3.078068
3.013992 -3.077841
3.013978 -3.077614
3.013964 -3.077387
3.013950 -3.077160
3.019217 -3.082422
3.013936 -3.076933
3.013923 -3.076706
3.013909 -3.076479
3.013895 -3.076253
3.013881 -3.076026
3.019233 -3.081425
3.013867 -3.075799
3.013854 -3.075572
3.013840 -3.075345
3.013826 -3.075118
3.013812 -3.074891
3.019248 -3.080427
3.013798 -3.074664
3.013785 -3.074437
3.013771 -3.074210
3.013757 -3.073983
3.019264 -3.079429
3.013743 -3.073757
3.013729 -3.073530
3.013715 -3.073303
3.013702 -3.073076
3.013688 -3.072849
3.019279 -3.078431
3.013674 -3.072622
3.013660 -3.072395
3.013646 -3.072168
3.013633 -3.071941
3.013619 -3.071714
3.019294 -3.077434
3.013605 -3.071488
3.013591 -3.071261
3.013577 -3.071034
3.013564 -3.070807
3.013550 -3.070580
3.019310 -3.076436
3.013536 -3.070353
3.013522 -3.070126
3.013508 -3.069899
3.013495 -3.069672
3.019325 -3.075438
3.013481 -3.069445
3.013467 -3.069218
3.013453 -3.068992
3.013439 -3.068765
3.013426 -3.068538
3.019341 -3.074441
3.013412 -3.068311
3.013398 -3.068084
3.013384 -3.067857
3.013370 -3.067630
3.013357 -3.067403
3.019356 -3.073443
3.013343 -3.067176
3.013329 -3.066949
3.013315 -3.066722
3.013301 -3.066496
3.013287 -3.066269
3.019371 -3.072445
3.013274 -3.066042
3.013260 -3.065815
3.013246 -3.065588
3.013232 -3.065361
3.019387 -3.071447
3.013218 -3.065134
3.013205 -3.064907
3.013191 -3.064680
3.013177 -3.064453
3.013163 -3.064226
3.019402 -3.070450
3.013149 -3.064000
3.013136 -3.063773
3.013122 -3.063546
3.013108 -3.063319
3.013094 -3.063092
3.019418 -3.069452
3.013080 -3.062865
3.013067 -3.062638
3.013053 -3.062411
3.013039 -3.062184
3.013025 -3.061957
3.019433 -3.068454
3.013011 -3.061731
3.012998 -3.061504
3.012984 -3.061277
3.012970 -3.061050
3.019448 -3.067456
3.012956 -3.060823
3.012942 -3.060596
3.012928 -3.060369
3.012915 -3.060142
3.012901 -3.059915
3.019464 -3.066459
3.012887 -3.059688
3.012873 -3.059461
3.012859 -3.059235
3.012846 -3.059008
3.012832 -3.058781
3.019479 -3.065461
3.012818 -3.058554
3.012804 -3.058327
3.012790 -3.058100
3.012777 -3.057873
3.012763 -3.057646
3.019495 -3.064463
3.012749 -3.057419
3.012735 -3.057192
3.012721 -3.056965
3.012708 -3.056739
3.019510 -3.063466
3.012694 -3.056512
3.012680 -3.056285
3.012666 -3.056058
3.012652 -3.055831
3.012639 -3.055604
3.019525 -3.062468
3.012625 -3.055377
3.012611 -3.055150
3.012597 -3.054923
3.012583 -3.054696
3.012570 -3.054470
3.019541 -3.061470
3.012556 -3.054243
3.012542 -3.054016
3.012528 -3.053789
3.012514 -3.053562
3.012500 -3.053335
3.019556 -3.060472
3.012487 -3.053108
3.012473 -3.052881
3.012459 -3.052654
3.012445 -3.052427
3.019572 -3.059475
3.012431 -3.052200
3.012418 -3.051974
3.012404 -3.051747
3.012390 -3.051520
3.012376 -3.051293
3.019587 -3.058477
3.012362 -3.051066
3.012349 -3.050839
3.012335 -3.050612
3.012321 -3.050385
3.012307 -3.050158
3.019602 -3.057479
3.012293 -3.049931
3.012280 -3.049704
3.012266 -3.049478
3.012252 -3.049251
3.012238 -3.049024
3.019618 -3.056482
3.012224 -3.048797
3.012211 -3.048570
3.012197 -3.048343
3.012183 -3.048116
3.019633 -3.055484
3.012205 -3.047578
3.012228 -3.047040
3.019649 -3.054486
3.012250 -3.046502
3.019664 -3.053488
3.012272 -3.045964
3.012295 -3.045426
3.019679 -3.052491
3.012317 -3.044888
3.012339 -3.044350
3.019695 -3.051493
3.012362 -3.043813
3.012384 -3.043275
3.019710 -3.050495
3.012406 -3.042737
3.012429 -3.042199
3.019726 -3.049497
3.012451 -3.041661
3.019741 -3.048500
3.012473 -3.041123
3.012496 -3.040585
3.019756 -3.047502
3.012518 -3.040047
3.012540 -3.039509
3.019772 -3.046504
3.012563 -3.038971
3.012585 -3.038433
3.019787 -3.045507
3.012607 -3.037895
3.012630 -3.037357
3.019803 -3.044509
3.012652 -3.036819
3.019818 -3.043511
3.012674 -3.036281
3.012697 -3.035743
3.019833 -3.042513
3.012719 -3.035205
3.012741 -3.034667
3.019849 -3.041516
3.012764 -3.034129
3.012786 -3.033592
3.019864 -3.040518
3.012808 -3.033054
3.012831 -3.032516
3.019880 -3.039520
3.012853 -3.031978
3.019895 -3.038522
3.012875 -3.031440
3.012898 -3.030902
3.019910 -3.037525
3.012920 -3.030364
3.012942 -3.029826
3.019926 -3.036527
3.012965 -3.029288
3.012987 -3.028750
3.019941 -3.035529
3.013009 -3.028212
3.013032 -3.027674
3.019957 -3.034532
3.013054 -3.027136
3.019972 -3.033534
3.013076 -3.026598
3.013099 -3.026060
3.019987 -3.032536
3.013121 -3.025522
3.013143 -3.024984
3.020003 -3.031538
3.013166 -3.024446
3.013188 -3.023908
3.020018 -3.030541
3.013210 -3.023371
3.013233 -3.022833
3.020034 -3.029543
3.013255 -3.022295
3.013277 -3.021757
3.020049 -3.028545
3.013300 -3.021219
3.020064 -3.027548
3.013322 -3.020681
3.013344 -3.020143
3.020080 -3.026550
3.013367 -3.019605
3.013389 -3.019067
3.020095 -3.025552
3.013411 -3.018529
3.013434 -3.017991
3.020111 -3.024554
3.013456 -3.017453
3.013478 -3.016915
3.020126 -3.023557
3.013501 -3.016377
3.020141 -3.022559
3.013523 -3.015839
3.013545 -3.015301
3.020157 -3.021561
3.013568 -3.014763
3.013590 -3.014225
3.020172 -3.020563
3.013612 -3.013687
3.013635 -3.013149
3.020188 -3.019566
3.013657 -3.012612
3.013679 -3.012074
3.020203 -3.018568
3.013702 -3.011536
3.020218 -3.017570
3.013724 -3.010998
3.013746 -3.010460
3.020234 -3.016573
3.013769 -3.009922
3.013791 -3.009384
3.020249 -3.015575
3.013813 -3.008846
3.013836 -3.008308
3.020265 -3.014577
3.013858 -3.007770
3.013880 -3.007232
3.020280 -3.013579
3.013903 -3.006694
3.020295 -3.012582
3.013925 -3.006156
3.013947 -3.005618
3.020311 -3.011584
3.013970 -3.005080
3.013992 -3.004542
3.020326 -3.010586
3.014014 -3.004004
3.014037 -3.003466
3.020342 -3.009588
3.014059 -3.002928
3.014081 -3.002391
3.020357 -3.008591
3.014104 -3.001853
3.020372 -3.007593
3.014126 -3.001315
3.014148 -3.000777
3.020388 -3.006595
3.014171 -3.000239
3.014193 -2.999701
3.020403 -3.005598
3.014215 -2.999163
3.014238 -2.998625
3.020419 -3.004600
3.014260 -2.998087
3.014283 -2.997549
3.020434 -3.003602
3.014305 -2.997011
3.020449 -3.002604
3.014327 -2.996473
3.014350 -2.995935
3.020465 -3.001607
3.014372 -2.995397
3.014394 -2.994859
3.020480 -3.000609
3.014417 -2.994321
3.014439 -2.993783
3.020496 -2.999611
3.014461 -2.993245
3.014484 -2.992707
3.020511 -2.998614
3.014506 -2.992170
3.020526 -2.997616
3.014528 -2.991632
3.014551 -2.991094
3.020542 -2.996618
3.014573 -2.990556
3.014595 -2.990018
3.020557 -2.995620
3.014618 -2.989480
3.014640 -2.988942
3.020573 -2.994623
3.014662 -2.988404
3.014685 -2.987866
3.020588 -2.993625
3.014707 -2.987328
3.020603 -2.992627
3.014729 -2.986790
3.014752 -2.986252
3.020619 -2.991629
3.014774 -2.985714
3.014796 -2.985176
3.020634 -2.990632
3.014819 -2.984638
3.014841 -2.984100
3.020650 -2.989634
3.014863 -2.983562
3.014886 -2.983024
3.020665 -2.988636
3.014908 -2.982486
3.020680 -2.987639
3.014930 -2.981948
3.014953 -2.981411
3.020696 -2.986641
3.014975 -2.980873
3.014997 -2.980335
3.020711 -2.985643
3.015020 -2.979797
3.015042 -2.979259
3.020727 -2.984645
3.015064 -2.978721
3.015087 -2.978183
3.020742 -2.983648
3.015109 -2.977645
3.015131 -2.977107
3.020757 -2.982650
3.015154 -2.976569
3.020773 -2.981652
3.015176 -2.976031
3.015198 -2.975493
3.020788 -2.980654
3.015221 -2.974955
3.015243 -2.974417
3.020804 -2.979657
3.015265 -2.973879
3.015288 -2.973341
3.020819 -2.978659
3.015310 -2.972803
3.015332 -2.972265
3.020834 -2.977661
3.015355 -2.971727
3.020850 -2.976664
3.015377 -2.971190
3.015399 -2.970652
3.020865 -2.975666
3.015422 -2.970114
3.015444 -2.969576
3.020881 -2.974668
3.015466 -2.969038
3.015489 -2.968500
3.020896 -2.973670
3.015511 -2.967962
3.015533 -2.967424
3.020911 -2.972673
3.015556 -2.966886
3.020927 -2.971675
3.015578 -2.966348
3.015600 -2.965810
3.020942 -2.970677
3.015623 -2.965272
3.015645 -2.964734
3.020958 -2.969680
3.015667 -2.964196
3.015690 -2.963658
3.020973 -2.968682
3.015712 -2.963120
3.015734 -2.962582
3.020988 -2.967684
3.015757 -2.962044
3.021004 -2.966686
3.015779 -2.961506
3.015801 -2.960969
3.021019 -2.965689
3.015824 -2.960431
3.015846 -2.959893
3.021035 -2.964691
3.015868 -2.959355
3.015891 -2.958817
3.021050 -2.963693
3.015913 -2.958279
3.015935 -2.957741
3.021065 -2.962695
3.015958 -2.957203
3.021081 -2.961698
3.015980 -2.956665
3.016002 -2.956127
3.021096 -2.960700
3.016025 -2.955589
3.016047 -2.955051
3.021112 -2.959702
3.016069 -2.954513
3.016092 -2.953975
3.021127 -2.958705
3.016114 -2.953437
3.016136 -2.952899
3.021142 -2.957707
3.016159 -2.952361
3.021158 -2.956709
3.016181 -2.951823
3.016203 -2.951285
3.021173 -2.955711
3.016226 -2.950748
3.016248 -2.950210
3.021189 -2.954714
3.016270 -2.949672
3.016293 -2.949134
3.021204 -2.953716
3.016315 -2.948596
3.016337 -2.948058
3.021219 -2.952718
3.016360 -2.947520
3.016382 -2.946982
3.021235 -2.951721
3.016404 -2.946444
3.021250 -2.950723
3.016427 -2.945906
3.016449 -2.945368
3.021266 -2.949725
3.016471 -2.944830
3.016494 -2.944292
3.021281 -2.948727
3.016516 -2.943754
3.016538 -2.943216
3.021296 -2.947730
3.016561 -2.942678
3.016583 -2.942140
3.021312 -2.946732
3.016605 -2.941602
3.021327 -2.945734
3.016628 -2.941064
3.016650 -2.940526
3.021343 -2.944736
3.016672 -2.939989
3.016695 -2.939451
3.021358 -2.943739
3.016717 -2.938913
3.016739 -2.938375
3.021373 -2.942741
3.016762 -2.937837
3.016784 -2.937299
3.021389 -2.941743
3.016806 -2.936761
3.021404 -2.940746
3.016829 -2.936223
3.016851 -2.935685
3.021419 -2.939748
3.016873 -2.935147
3.016896 -2.934609
3.021435 -2.938750
3.016918 -2.934071
3.016940 -2.933533
3.021450 -2.937752
3.016963 -2.932995
3.016985 -2.932457
3.021466 -2.936755
3.017008 -2.931919
3.021481 -2.935757
3.017030 -2.931381
3.017052 -2.930843
3.021496 -2.934759
3.017075 -2.930305
3.017097 -2.929768
3.021512 -2.933761
3.017119 -2.929230
3.017142 -2.928692
3.021527 -2.932764
3.017164 -2.928154
3.017186 -2.927616
3.021543 -2.931766
3.017209 -2.927078
3.021558 -2.930768
3.017231 -2.926540
3.017253 -2.926002
3.021573 -2.929771
3.017276 -2.925464
3.017298 -2.924926
3.021589 -2.928773
3.017320 -2.924388
3.017343 -2.923850
3.021604 -2.927775
3.017365 -2.923312
3.017387 -2.922774
3.021620 -2.926777
3.017410 -2.922236
3.021635 -2.925780
3.017432 -2.921698
3.017454 -2.921160
3.021650 -2.924782
3.017477 -2.920622
3.017499 -2.920084
3.021666 -2.923784
3.017521 -2.919547
3.017544 -2.919009
3.021681 -2.922787
3.017566 -2.918471
3.017588 -2.917933
3.021697 -2.921789
3.017611 -2.917395
3.017633 -2.916857
3.021712 -2.920791
3.017655 -2.916319
3.021727 -2.919793
3.017678 -2.915781
3.017700 -2.915243
3.021743 -2.918796
3.017722 -2.914705
3.017745 -2.914167
3.021758 -2.917798
3.017767 -2.913629
3.017789 -2.913091
3.021774 -2.916800
3.017812 -2.912553
3.017834 -2.912015
3.021789 -2.915802
3.017856 -2.911477
3.021804 -2.914805
3.017879 -2.910939
3.017901 -2.910401
3.021820 -2.913807
3.017923 -2.909863
3.017946 -2.909325
3.021835 -2.912809
3.017968 -2.908788
3.017990 -2.908250
3.021851 -2.911812
3.018013 -2.907712
3.018035 -2.907174
3.021866 -2.910814
3.018057 -2.906636
3.021881 -2.909816
3.018080 -2.906098
3.018102 -2.905560
3.021897 -2.908818
3.018124 -2.905022
3.018147 -2.904484
3.021912 -2.907821
3.018169 -2.903946
3.018191 -2.903408
3.021928 -2.906823
3.018214 -2.902870
3.018236 -2.902332
3.021943 -2.905825
3.018258 -2.901794
3.021958 -2.904827
3.018281 -2.901256
3.018303 -2.900718
3.021974 -2.903830
3.018325 -2.900180
3.018348 -2.899642
3.021989 -2.902832
3.018370 -2.899104
3.018392 -2.898567
3.022005 -2.901834
3.018415 -2.898029
3.018437 -2.897491
3.022020 -2.900837
3.018459 -2.896953
3.022035 -2.899839
3.018482 -2.896415
3.018504 -2.895877
3.022051 -2.898841
3.018526 -2.895339
3.018549 -2.894801
3.022066 -2.897843
3.018571 -2.894263
3.018593 -2.893725
3.022082 -2.896846
3.018616 -2.893187
3.018638 -2.892649
3.022097 -2.895848
3.018660 -2.892111
3.018683 -2.891573
3.022112 -2.894850
3.018705 -2.891035
3.022128 -2.893853
3.018727 -2.890497
3.018750 -2.889959
3.022143 -2.892855
3.018772 -2.889421
3.018794 -2.888883
3.022159 -2.891857
3.018817 -2.888346
3.018839 -2.887808
3.022174 -2.890859
3.018861 -2.887270
3.018884 -2.886732
3.022189 -2.889862
3.018906 -2.886194
3.022205 -2.888864
3.018928 -2.885656
3.018951 -2.885118
3.022220 -2.887866
3.018973 -2.884580
3.018995 -2.884042
3.022236 -2.886868
3.019018 -2.883504
3.019040 -2.882966
3.022251 -2.885871
3.019062 -2.882428
3.019085 -2.881890
3.022266 -2.884873
3.019107 -2.881352
3.022282 -2.883875
3.019129 -2.880814
3.019152 -2.880276
3.022297 -2.882878
3.019174 -2.879738
3.019196 -2.879200
3.022313 -2.881880
3.019219 -2.878662
3.019241 -2.878125
3.022328 -2.880882
3.019263 -2.877587
3.019286 -2.877049
3.022343 -2.879884
3.019308 -2.876511
3.022359 -2.878887
3.019330 -2.875973
3.019353 -2.875435
3.022374 -2.877889
3.019375 -2.874897
3.019397 -2.874359
3.022390 -2.876891
3.019420 -2.873821
3.019442 -2.873283
3.022405 -2.875893
3.019464 -2.872745
3.019487 -2.872207
3.022420 -2.874896
3.019509 -2.871669
3.022436 -2.873898
3.019531 -2.871131
3.019554 -2.870593
3.022451 -2.872900
3.019576 -2.870055
3.019598 -2.869517
3.022467 -2.871903
3.019621 -2.868979
3.019643 -2.868441
3.022482 -2.870905
3.019665 -2.867903
3.019688 -2.867366
3.022497 -2.869907
3.019710 -2.866828
3.019732 -2.866290
3.022513 -2.868909
3.019755 -2.865752
3.022528 -2.867912
3.019777 -2.865214
3.019800 -2.864676
3.022544 -2.866914
3.019822 -2.864138
3.019844 -2.863600
3.022559 -2.865916
3.019867 -2.863062
3.019889 -2.862524
3.022574 -2.864919
3.019911 -2.861986
3.019934 -2.861448
3.022590 -2.863921
3.019956 -2.860910
3.022605 -2.862923
3.019978 -2.860372
3.020001 -2.859834
3.022621 -2.861925
3.020023 -2.859296
3.020045 -2.858758
3.022636 -2.860928
3.020068 -2.858220
3.020090 -2.857682
3.022651 -2.859930
3.020112 -2.857145
3.020135 -2.856607
3.022667 -2.858932
3.020157 -2.856069
3.022682 -2.857934
3.020179 -2.855531
3.020202 -2.854993
3.022698 -2.856937
3.020224 -2.854455
3.020246 -2.853917
3.022713 -2.855939
3.020269 -2.853379
3.020291 -2.852841
3.022728 -2.854941
3.020313 -2.852303
3.020336 -2.851765
3.022744 -2.853944
3.020358 -2.851227
3.022759 -2.852946
3.020380 -2.850689
3.020403 -2.850151
3.022775 -2.851948
3.020425 -2.849613
3.020447 -2.849075
3.022790 -2.850950
3.020470 -2.848537
3.020492 -2.847999
3.022805 -2.849953
3.020514 -2.847461
3.020537 -2.846924
3.022821 -2.848955
3.020559 -2.846386
3.020581 -2.845848
3.022836 -2.847957
3.020604 -2.845310
3.022852 -2.846959
3.020626 -2.844772
3.020648 -2.844234
3.022867 -2.845962
3.020671 -2.843696
3.020693 -2.843158
3.022882 -2.844964
3.020715 -2.842620
3.020738 -2.842082
3.022898 -2.843966
3.020760 -2.841544
3.020782 -2.841006
3.022913 -2.842969
3.020805 -2.840468
3.022929 -2.841971
3.020827 -2.839930
3.020849 -2.839392
3.022944 -2.840973
3.020872 -2.838854
3.020894 -2.838316
3.022959 -2.839975
3.020916 -2.837778
3.020939 -2.837240
3.022975 -2.838978
3.020961 -2.836702
3.020983 -2.836165
3.022990 -2.837980
3.021006 -2.835627
3.023006 -2.836982
3.021028 -2.835089
3.021050 -2.834551
3.023021 -2.835985
3.021073 -2.834013
3.021095 -2.833475
3.023036 -2.834987
3.021117 -2.832937
3.021140 -2.832399
3.023052 -2.833989
3.021162 -2.831861
3.021184 -2.831323
3.023067 -2.832991
3.021207 -2.830785
3.023083 -2.831994
3.021229 -2.830247
3.021251 -2.829709
3.023098 -2.830996
3.021274 -2.829171
3.021296 -2.828633
3.023113 -2.829998
3.021318 -2.828095
3.021341 -2.827557
3.023129 -2.829000
3.021363 -2.827019
3.021385 -2.826481
3.023144 -2.828003
3.021408 -2.825944
3.021430 -2.825406
3.023160 -2.827005
3.021452 -2.824868
3.023175 -2.826007
3.021475 -2.824330
3.021497 -2.823792
3.023190 -2.825010
3.021519 -2.823254
3.021542 -2.822716
3.023206 -2.824012
3.021564 -2.822178
3.021586 -2.821640
3.023221 -2.823014
3.021609 -2.821102
3.021631 -2.820564
3.023237 -2.822016
3.021653 -2.820026
3.023252 -2.821019
3.021676 -2.819488
3.021698 -2.818950
3.023267 -2.820021
3.021720 -2.818412
3.021743 -2.817874
3.023283 -2.819023
3.021765 -2.817336
3.021787 -2.816798
3.023298 -2.818026
3.021810 -2.816260
3.021832 -2.815723
3.023314 -2.817028
3.021854 -2.815185
3.023329 -2.816030
3.021877 -2.814647
3.021899 -2.814109
3.023344 -2.815032
3.021921 -2.813571
3.021944 -2.813033
3.023360 -2.814035
3.021966 -2.812495
3.021988 -2.811957
3.023375 -2.813037
3.022011 -2.811419
3.022033 -2.810881
3.023391 -2.812039
3.022055 -2.810343
3.023406 -2.811041
3.022078 -2.809805
3.022100 -2.809267
3.023421 -2.810044
3.022122 -2.808729
3.022145 -2.808191
3.023437 -2.809046
3.022167 -2.807653
3.022189 -2.807115
3.023452 -2.808048
3.022212 -2.806577
3.022234 -2.806039
3.023468 -2.807051
3.022256 -2.805502
3.022279 -2.804964
3.023483 -2.806053
3.022301 -2.804426
3.023498 -2.805055
3.022323 -2.803888
3.022346 -2.803350
3.023514 -2.804057
3.022368 -2.802812
3.022390 -2.802274
3.023529 -2.803060
3.022413 -2.801736
3.022435 -2.801198
3.023545 -2.802062
3.022457 -2.800660
3.022480 -2.800122
3.023560 -2.801064
3.022502 -2.799584
3.023575 -2.800066
3.022525 -2.799046
3.022547 -2.798508
3.023591 -2.799069
3.022569 -2.797970
3.022592 -2.797432
3.023606 -2.798071
3.022614 -2.796894
3.022636 -2.796356
3.023621 -2.797073
3.022659 -2.795818
3.022681 -2.795280
3.023637 -2.796076
3.022703 -2.794743
3.023652 -2.795078
3.022726 -2.794205
3.022748 -2.793667
3.023668 -2.794080
3.022770 -2.793129
3.022793 -2.792591
3.023683 -2.793082
3.022815 -2.792053
3.022837 -2.791515
3.023698 -2.792085
3.022860 -2.790977
3.022882 -2.790439
3.023714 -2.791087
3.022904 -2.789901
3.022927 -2.789363
3.023729 -2.790089
3.022949 -2.788825
3.023745 -2.789092
3.022971 -2.788287
3.022994 -2.787749
3.023760 -2.788094
3.023016 -2.787211
3.023038 -2.786673
3.023775 -2.787096
3.023061 -2.786135
3.023083 -2.785597
3.023791 -2.786098
3.023105 -2.785059
3.023128 -2.784522
3.023806 -2.785101
3.023150 -2.783984
3.023822 -2.784103
3.023172 -2.783446
3.023195 -2.782908
3.023837 -2.783105
3.023217 -2.782370
3.023239 -2.781832
3.023852 -2.782107
3.023262 -2.781294
3.023284 -2.780756
3.023868 -2.781110
3.023306 -2.780218
3.023329 -2.779680
3.023883 -2.780112
3.023351 -2.779142
3.023899 -2.779114
3.023373 -2.778604
3.023396 -2.778066
3.023914 -2.778117
3.023418 -2.777528
3.023440 -2.776990
3.023929 -2.777119
3.023463 -2.776452
3.023485 -2.775914
3.023945 -2.776121
3.023507 -2.775376
3.023530 -2.774838
3.023960 -2.775123
3.023552 -2.774301
3.023574 -2.773763
3.023976 -2.774126
3.023597 -2.773225
3.023991 -2.773128
3.023619 -2.772687
3.023641 -2.772149
3.024006 -2.772130
3.023664 -2.771611
3.023686 -2.771073
3.024022 -2.771132
3.023708 -2.770535
3.023731 -2.769997
3.024037 -2.770135
3.023753 -2.769459
3.023775 -2.768921
3.024053 -2.769137
3.023798 -2.768383
3.024068 -2.768139
3.023820 -2.767845
3.023842 -2.767307
3.024083 -2.767142
3.023865 -2.766769
3.023887 -2.766231
3.024099 -2.766144
3.023909 -2.765693
3.023932 -2.765155
3.024114 -2.765146
3.023954 -2.764617
3.023976 -2.764079
3.024130 -2.764148
3.023999 -2.763542
3.024145 -2.763151
3.024021 -2.763004
3.024043 -2.762466
3.024160 -2.762153
3.024066 -2.761928
3.024088 -2.761390
3.024176 -2.761155
3.024110 -2.760852
3.024133 -2.760314
3.024191 -2.760158
3.024155 -2.759776
3.024177 -2.759238
3.024207 -2.759160
3.024200 -2.758700
3.024222 -2.758162
3.019073 -2.423542
3.019050 -2.423288
3.019026 -2.423034
3.019002 -2.422780
3.019007 -2.422553
3.018979 -2.422527
3.018955 -2.422273
3.018932 -2.422019
3.018908 -2.421765
3.018941 -2.421565
3.018884 -2.421511
3.018861 -2.421258
3.018837 -2.421004
3.018814 -2.420750
3.018874 -2.420576
3.018790 -2.420496
3.018766 -2.420242
3.018743 -2.419988
3.018719 -2.419735
3.018808 -2.419587
3.018696 -2.419481
3.018672 -2.419227
3.018648 -2.418973
3.018625 -2.418719
3.018742 -2.418599
3.018601 -2.418466
3.018578 -2.418212
3.018554 -2.417958
3.018530 -2.417704
3.018676 -2.417610
3.018507 -2.417450
3.018483 -2.417196
3.018460 -2.416943
3.018436 -2.416689
3.018609 -2.416621
3.018412 -2.416435
3.018389 -2.416181
3.018365 -2.415927
3.018341 -2.415674
3.018543 -2.415633
3.018318 -2.415420
3.018294 -2.415166
3.018271 -2.414912
3.018247 -2.414658
3.018477 -2.414644
3.018223 -2.414404
3.018200 -2.414151
3.018176 -2.413897
3.018153 -2.413643
3.018410 -2.413655
3.018129 -2.413389
3.018105 -2.413135
3.018082 -2.412882
3.018058 -2.412628
3.018344 -2.412667
3.018035 -2.412374
3.018011 -2.412120
3.017987 -2.411866
3.017964 -2.411612
3.018278 -2.411678
3.017940 -2.411359
3.017917 -2.411105
3.017893 -2.410851
3.017869 -2.410597
3.018211 -2.410690
3.017846 -2.410343
3.017822 -2.410090
3.017798 -2.409836
3.017775 -2.409582
3.018145 -2.409701
3.017751 -2.409328
3.017728 -2.409074
3.017704 -2.408820
3.017680 -2.408567
3.018079 -2.408712
3.017657 -2.408313
3.017633 -2.408059
3.017610 -2.407805
3.017586 -2.407551
3.018013 -2.407724
3.017562 -2.407298
3.017539 -2.407044
3.017515 -2.406790
3.017492 -2.406536
3.017946 -2.406735
3.017468 -2.406282
3.017444 -2.406028
3.017421 -2.405775
3.017397 -2.405521
3.017880 -2.405746
3.017374 -2.405267
3.017350 -2.405013
3.017326 -2.404759
3.017303 -2.404505
3.017814 -2.404758
3.017279 -2.404252
3.017256 -2.403998
3.017232 -2.403744
3.017208 -2.403490
3.017747 -2.403769
3.017185 -2.403236
3.017161 -2.402983
3.017137 -2.402729
3.017114 -2.402475
3.017681 -2.402780
3.017090 -2.402221
3.017067 -2.401967
3.017043 -2.401713
3.017019 -2.401460
3.017615 -2.401792
3.016996 -2.401206
3.016972 -2.400952
3.016949 -2.400698
3.016925 -2.400444
3.017548 -2.400803
3.016901 -2.400191
3.016878 -2.399937
3.016854 -2.399683
3.016831 -2.399429
3.017482 -2.399814
3.016807 -2.399175
3.016783 -2.398921
3.016760 -2.398668
3.016736 -2.398414
3.017416 -2.398826
3.016713 -2.398160
3.016689 -2.397906
3.016665 -2.397652
3.016642 -2.397399
3.017350 -2.397837
3.016618 -2.397145
3.016594 -2.396891
3.016571 -2.396637
3.016547 -2.396383
3.017283 -2.396848
3.016524 -2.396129
3.016500 -2.395876
3.016476 -2.395622
3.016453 -2.395368
3.017217 -2.395860
3.016429 -2.395114
3.016406 -2.394860
3.016382 -2.394607
3.016358 -2.394353
3.017151 -2.394871
3.016335 -2.394099
3.016311 -2.393845
3.016288 -2.393591
3.016264 -2.393337
3.017084 -2.393883
3.016240 -2.393084
3.016217 -2.392830
3.016193 -2.392576
3.016170 -2.392322
3.017018 -2.392894
3.016146 -2.392068
3.016122 -2.391815
3.016099 -2.391561
3.016075 -2.391307
3.016952 -2.391905
3.016052 -2.391053
3.016028 -2.390799
3.016004 -2.390545
3.015981 -2.390292
3.016885 -2.390917
3.015957 -2.390038
3.015933 -2.389784
3.015910 -2.389530
3.015886 -2.389276
3.016819 -2.389928
3.015863 -2.389023
3.015839 -2.388769
3.015815 -2.388515
3.015792 -2.388261
3.016753 -2.388939
3.015768 -2.388007
3.015745 -2.387753
3.015721 -2.387500
3.015697 -2.387246
3.016687 -2.387951
3.015674 -2.386992
3.015650 -2.386738
3.015627 -2.386484
3.015603 -2.386231
3.016620 -2.386962
3.015579 -2.385977
3.015556 -2.385723
3.015532 -2.385469
3.015509 -2.385215
3.016554 -2.385973
3.015485 -2.384961
3.015461 -2.384708
3.015438 -2.384454
3.015414 -2.384200
3.016488 -2.384985
3.015390 -2.383946
3.015367 -2.383692
3.015343 -2.383439
3.015320 -2.383185
3.016421 -2.383996
3.015296 -2.382931
3.015272 -2.382677
3.015249 -2.382423
3.015225 -2.382169
3.016355 -2.383007
3.015202 -2.381916
3.015178 -2.381662
3.015154 -2.381408
3.015131 -2.381154
3.016289 -2.382019
3.015107 -2.380900
3.015084 -2.380647
3.015060 -2.380393
3.015036 -2.380139
3.016222 -2.381030
3.015013 -2.379885
3.014989 -2.379631
3.014966 -2.379377
3.014942 -2.379124
3.016156 -2.380042
3.014918 -2.378870
3.014895 -2.378616
3.014871 -2.378362
3.014848 -2.378108
3.016090 -2.379053
3.014824 -2.377855
3.014800 -2.377601
3.014777 -2.377347
3.014753 -2.377093
3.016024 -2.378064
3.014729 -2.376839
3.014706 -2.376585
3.014682 -2.376332
3.014659 -2.376078
3.015957 -2.377076
3.014635 -2.375824
3.014611 -2.375570
3.014588 -2.375316
3.014564 -2.375063
3.015891 -2.376087
3.014541 -2.374809
3.014517 -2.374555
3.014493 -2.374301
3.014470 -2.374047
3.015825 -2.375098
3.014446 -2.373793
3.014423 -2.373540
3.014399 -2.373286
3.014375 -2.373032
3.015758 -2.374110
3.014352 -2.372778
3.014328 -2.372524
3.014305 -2.372271
3.014281 -2.372017
3.015692 -2.373121
3.014257 -2.371763
3.014234 -2.371509
3.014210 -2.371255
3.014186 -2.371001
3.015626 -2.372132
3.014163 -2.370748
3.014139 -2.370494
3.014116 -2.370240
3.015559 -2.371144
3.014092 -2.369986
3.014068 -2.369732
3.014045 -2.369479
3.014021 -2.369225
3.015493 -2.370155
3.013998 -2.368971
3.013974 -2.368717
3.013950 -2.368463
3.013927 -2.368209
3.015427 -2.369166
3.013903 -2.367956
3.013880 -2.367702
3.013856 -2.367448
3.013832 -2.367194
3.015361 -2.368178
3.013809 -2.366940
3.013785 -2.366687
3.013762 -2.366433
3.013738 -2.366179
3.015294 -2.367189
3.013714 -2.365925
3.013691 -2.365671
3.013667 -2.365417
3.013644 -2.365164
3.015228 -2.366200
3.013620 -2.364910
3.013596 -2.364656
3.013573 -2.364402
3.013549 -2.364148
3.015162 -2.365212
3.013525 -2.363894
3.013502 -2.363641
3.013478 -2.363387
3.013455 -2.363133
3.015095 -2.364223
3.013431 -2.362879
3.013407 -2.362625
3.013384 -2.362372
3.013360 -2.362118
3.015029 -2.363235
3.013337 -2.361864
3.013313 -2.361610
3.013289 -2.361356
3.013266 -2.361102
3.014963 -2.362246
3.013242 -2.360849
3.013219 -2.360595
3.013195 -2.360341
3.013171 -2.360087
3.014896 -2.361257
3.013148 -2.359833
3.013124 -2.359580
3.013101 -2.359326
3.013077 -2.359072
3.014830 -2.360269
3.013053 -2.358818
3.013030 -2.358564
3.013006 -2.358310
3.012982 -2.358057
3.014764 -2.359280
3.012959 -2.357803
3.012935 -2.357549
3.012912 -2.357295
3.012888 -2.357041
3.014698 -2.358291
3.012864 -2.356788
3.012841 -2.356534
3.012817 -2.356280
3.012794 -2.356026
3.014631 -2.357303
3.012770 -2.355772
3.012746 -2.355518
3.012723 -2.355265
3.012699 -2.355011
3.014565 -2.356314
3.012676 -2.354757
3.012652 -2.354503
3.012628 -2.354249
3.012605 -2.353996
3.014499 -2.355325
3.012581 -2.353742
3.012558 -2.353488
3.012534 -2.353234
3.012510 -2.352980
3.014432 -2.354337
3.012487 -2.352726
3.012463 -2.352473
3.012440 -2.352219
3.012416 -2.351965
3.014366 -2.353348
3.012392 -2.351711
3.012369 -2.351457
3.012345 -2.351204
3.012321 -2.350950
3.014300 -2.352359
3.012298 -2.350696
3.012274 -2.350442
3.012251 -2.350188
3.012227 -2.349934
3.014234 -2.351371
3.012203 -2.349681
3.012180 -2.349427
3.012156 -2.349173
3.012133 -2.348919
3.014167 -2.350382
3.012109 -2.348665
3.012085 -2.348412
3.012062 -2.348158
3.012038 -2.347904
3.014101 -2.349394
3.012015 -2.347650
3.011991 -2.347396
3.011967 -2.347142
3.011944 -2.346889
3.014035 -2.348405
3.011920 -2.346635
3.011897 -2.346381
3.011873 -2.346127
3.011849 -2.345873
3.013968 -2.347416
3.011826 -2.345620
3.011802 -2.345366
3.011778 -2.345112
3.011755 -2.344858
3.013902 -2.346428
3.011731 -2.344604
3.011708 -2.344350
3.011684 -2.344097
3.011660 -2.343843
3.013836 -2.345439
3.011637 -2.343589
3.011613 -2.343335
3.011590 -2.343081
3.011566 -2.342828
3.013769 -2.344450
3.011542 -2.342574
3.011519 -2.342320
3.011495 -2.342066
3.011472 -2.341812
3.013703 -2.343462
3.011448 -2.341558
3.011424 -2.341305
3.011401 -2.341051
3.011377 -2.340797
3.013637 -2.342473
3.011354 -2.340543
3.011330 -2.340289
3.011306 -2.340036
3.011283 -2.339782
3.013571 -2.341484
3.011259 -2.339528
3.011236 -2.339274
3.011212 -2.339020
3.011188 -2.338766
3.013504 -2.340496
3.011165 -2.338513
3.011141 -2.338259
3.011117 -2.338005
3.011094 -2.337751
3.013438 -2.339507
3.011070 -2.337497
3.011047 -2.337244
3.011023 -2.336990
3.010999 -2.336736
3.013372 -2.338518
3.010976 -2.336482
3.010952 -2.336228
3.010929 -2.335974
3.010905 -2.335721
3.013305 -2.337530
3.010881 -2.335467
3.010858 -2.335213
3.010834 -2.334959
3.010811 -2.334705
3.013239 -2.336541
3.010787 -2.334452
3.010763 -2.334198
3.010740 -2.333944
3.010716 -2.333690
3.013173 -2.335552
3.010693 -2.333436
3.010669 -2.333182
3.010645 -2.332929
3.010622 -2.332675
3.013106 -2.334564
3.010598 -2.332421
3.010574 -2.332167
3.010551 -2.331913
3.010527 -2.331660
3.013040 -2.333575
3.010504 -2.331406
3.010480 -2.331152
3.010456 -2.330898
3.010433 -2.330644
3.012974 -2.332587
3.010379 -2.329776
3.012908 -2.331598
3.010325 -2.328908
3.012841 -2.330609
3.010271 -2.328040
3.012775 -2.329621
3.010218 -2.327172
3.012709 -2.328632
3.010164 -2.326304
3.012642 -2.327643
3.010110 -2.325436
3.012576 -2.326655
3.010056 -2.324568
3.012510 -2.325666
3.010002 -2.323700
3.009948 -2.322832
3.012443 -2.324677
3.009895 -2.321964
3.012377 -2.323689
3.009841 -2.321096
3.012311 -2.322700
3.009787 -2.320228
3.012245 -2.321711
3.009733 -2.319360
3.012178 -2.320723
3.009679 -2.318491
3.012112 -2.319734
3.009626 -2.317623
3.012046 -2.318746
3.009572 -2.316755
3.009518 -2.315887
3.011979 -2.317757
3.009464 -2.315019
3.011913 -2.316768
3.009410 -2.314151
3.011847 -2.315780
3.009356 -2.313283
3.011780 -2.314791
3.009303 -2.312415
3.011714 -2.313802
3.009249 -2.311547
3.011648 -2.312814
3.009195 -2.310679
3.011582 -2.311825
3.009141 -2.309811
3.011515 -2.310836
3.009087 -2.308943
3.009034 -2.308075
3.011449 -2.309848
3.008980 -2.307207
3.011383 -2.308859
3.008926 -2.306339
3.011316 -2.307870
3.008872 -2.305471
3.011250 -2.306882
3.008818 -2.304603
3.011184 -2.305893
3.008764 -2.303735
3.011117 -2.304904
3.008711 -2.302866
3.011051 -2.303916
3.008657 -2.301998
3.008603 -2.301130
3.010985 -2.302927
3.008549 -2.300262
3.010919 -2.301939
3.008495 -2.299394
3.010852 -2.300950
3.008441 -2.298526
3.010786 -2.299961
3.008388 -2.297658
3.010720 -2.298973
3.008334 -2.296790
3.010653 -2.297984
3.008280 -2.295922
3.010587 -2.296995
3.008226 -2.295054
3.010521 -2.296007
3.008172 -2.294186
3.008119 -2.293318
3.010454 -2.295018
3.008065 -2.292450
3.010388 -2.294029
3.008011 -2.291582
3.010322 -2.293041
3.007957 -2.290714
3.010256 -2.292052
3.007903 -2.289846
3.010189 -2.291063
3.007849 -2.288978
3.010123 -2.290075
3.007796 -2.288110
3.010057 -2.289086
3.007742 -2.287242
3.007688 -2.286373
3.009990 -2.288098
3.007634 -2.285505
3.009924 -2.287109
3.007580 -2.284637
3.009858 -2.286120
3.007527 -2.283769
3.009792 -2.285132
3.007473 -2.282901
3.009725 -2.284143
3.007419 -2.282033
3.009659 -2.283154
3.007365 -2.281165
3.009593 -2.282166
3.007311 -2.280297
3.009526 -2.281177
3.007257 -2.279429
3.007204 -2.278561
3.009460 -2.280188
3.007150 -2.277693
3.009394 -2.279200
3.007096 -2.276825
3.009327 -2.278211
3.007042 -2.275957
3.009261 -2.277222
3.006988 -2.275089
3.009195 -2.276234
3.006935 -2.274221
3.009129 -2.275245
3.006881 -2.273353
3.009062 -2.274256
3.006827 -2.272485
3.006773 -2.271617
3.008996 -2.273268
3.006719 -2.270748
3.008930 -2.272279
3.006665 -2.269880
3.008863 -2.271291
3.006612 -2.269012
3.008797 -2.270302
3.006558 -2.268144
3.008731 -2.269313
3.006504 -2.267276
3.008664 -2.268325
3.006450 -2.266408
3.008598 -2.267336
3.006396 -2.265540
3.008532 -2.266347
3.006342 -2.264672
3.006289 -2.263804
3.008466 -2.265359
3.006235 -2.262936
3.008399 -2.264370
3.006181 -2.262068
3.008333 -2.263381
3.006127 -2.261200
3.008267 -2.262393
3.006073 -2.260332
3.008200 -2.261404
3.006020 -2.259464
3.008134 -2.260415
3.005966 -2.258596
3.008068 -2.259427
3.005912 -2.257728
3.005858 -2.256860
3.008001 -2.258438
3.005804 -2.255992
3.007935 -2.257450
3.005750 -2.255123
3.007869 -2.256461
3.005697 -2.254255
3.007803 -2.255472
3.005643 -2.253387
3.007736 -2.254484
3.005589 -2.252519
3.007670 -2.253495
3.005535 -2.251651
3.007604 -2.252506
3.005481 -2.250783
3.007537 -2.251518
3.005428 -2.249915
3.005374 -2.249047
3.007471 -2.250529
3.005320 -2.248179
3.007405 -2.249540
3.005266 -2.247311
3.007338 -2.248552
3.005212 -2.246443
3.007272 -2.247563
3.005158 -2.245575
3.007206 -2.246574
3.005105 -2.244707
3.007140 -2.245586
3.005051 -2.243839
3.007073 -2.244597
3.004997 -2.242971
3.004943 -2.242103
3.007007 -2.243608
3.004889 -2.241235
3.006941 -2.242620
3.004836 -2.240367
3.006874 -2.241631
3.004782 -2.239499
3.006808 -2.240643
3.004728 -2.238630
3.006742 -2.239654
3.004674 -2.237762
3.006675 -2.238665
3.004620 -2.236894
3.006609 -2.237677
3.004566 -2.236026
3.006543 -2.236688
3.004513 -2.235158
3.004459 -2.234290
3.006477 -2.235699
3.004405 -2.233422
3.006410 -2.234711
3.004351 -2.232554
3.006344 -2.233722
3.004297 -2.231686
3.006278 -2.232733
3.004243 -2.230818
3.006211 -2.231745
3.004190 -2.229950
3.006145 -2.230756
3.004136 -2.229082
3.006079 -2.229767
3.004082 -2.228214
3.004028 -2.227346
3.006012 -2.228779
3.003974 -2.226478
3.005946 -2.227790
3.003921 -2.225610
3.005880 -2.226802
3.003867 -2.224742
3.005814 -2.225813
3.003813 -2.223874
3.005747 -2.224824
3.003759 -2.223005
3.005681 -2.223836
3.003705 -2.222137
3.005615 -2.222847
3.003651 -2.221269
3.005548 -2.221858
3.003598 -2.220401
3.003544 -2.219533
3.005482 -2.220870
3.003490 -2.218665
3.005416 -2.219881
3.003436 -2.217797
3.005350 -2.218892
3.003382 -2.216929
3.005283 -2.217904
3.003329 -2.216061
3.005217 -2.216915
3.003275 -2.215193
3.005151 -2.215926
3.003221 -2.214325
3.005084 -2.214938
3.003167 -2.213457
3.003113 -2.212589
3.005018 -2.213949
3.003059 -2.211721
3.004952 -2.212960
3.003006 -2.210853
3.004885 -2.211972
3.002952 -2.209985
3.004819 -2.210983
3.002898 -2.209117
3.004753 -2.209995
3.002844 -2.208249
3.004687 -2.209006
3.002790 -2.207380
3.004620 -2.208017
3.002737 -2.206512
3.004554 -2.207029
3.002683 -2.205644
3.002629 -2.204776
3.004488 -2.206040
3.002575 -2.203908
3.004421 -2.205051
3.002521 -2.203040
3.004355 -2.204063
3.002467 -2.202172
3.004289 -2.203074
3.002414 -2.201304
3.004222 -2.202085
3.002360 -2.200436
3.004156 -2.201097
3.002306 -2.199568
3.004090 -2.200108
3.002252 -2.198700
3.002198 -2.197832
3.004024 -2.199119
3.002144 -2.196964
3.003957 -2.198131
3.002091 -2.196096
3.003891 -2.197142
3.002037 -2.195228
3.003825 -2.196154
3.001983 -2.194360
3.003758 -2.195165
3.001929 -2.193492
3.003692 -2.194176
3.001875 -2.192624
3.003626 -2.193188
3.001822 -2.191756
3.003559 -2.192199
3.001768 -2.190887
3.001714 -2.190019
3.003493 -2.191210
3.001660 -2.189151
3.003427 -2.190222
3.001606 -2.188283
3.003361 -2.189233
3.001552 -2.187415
3.003294 -2.188244
3.001499 -2.186547
3.003228 -2.187256
3.001445 -2.185679
3.003162 -2.186267
3.001391 -2.184811
3.003095 -2.185278
3.001337 -2.183943
3.001283 -2.183075
3.003029 -2.184290
3.001230 -2.182207
3.002963 -2.183301
3.001176 -2.181339
3.002896 -2.182312
3.001122 -2.180471
3.002830 -2.181324
3.001068 -2.179603
3.002764 -2.180335
3.001014 -2.178735
3.002698 -2.179347
3.000960 -2.177867
3.002631 -2.178358
3.000907 -2.176999
3.000853 -2.176131
3.002565 -2.177369
3.000799 -2.175262
3.002499 -2.176381
3.000745 -2.174394
3.002432 -2.175392
3.000691 -2.173526
3.002366 -2.174403
3.000638 -2.172658
3.002300 -2.173415
3.000584 -2.171790
3.002233 -2.172426
3.000530 -2.170922
3.002167 -2.171437
3.000476 -2.170054
3.002101 -2.170449
3.000422 -2.169186
3.000368 -2.168318
3.002035 -2.169460
3.000315 -2.167450
3.001968 -2.168471
3.000261 -2.166582
3.001902 -2.167483
3.000207 -2.165714
3.001836 -2.166494
3.000153 -2.164846
3.001769 -2.165506
3.000099 -2.163978
3.001703 -2.164517
3.000045 -2.163110
3.001637 -2.163528
2.999992 -2.162242
2.999938 -2.161374
3.001570 -2.162540
2.999884 -2.160506
3.001504 -2.161551
2.999830 -2.159638
3.001438 -2.160562
2.999776 -2.158769
3.001372 -2.159574
2.999723 -2.157901
3.001305 -2.158585
2.999669 -2.157033
3.001239 -2.157596
2.999615 -2.156165
3.001173 -2.156608
2.999561 -2.155297
3.001106 -2.155619
2.999507 -2.154429
2.999453 -2.153561
3.001040 -2.154630
2.999400 -2.152693
3.000974 -2.153642
2.999346 -2.151825
3.000908 -2.152653
2.999292 -2.150957
3.000841 -2.151665
2.999238 -2.150089
3.000775 -2.150676
2.999184 -2.149221
3.000709 -2.149687
2.999131 -2.148353
3.000642 -2.148699
2.999077 -2.147485
2.999023 -2.146617
3.000576 -2.147710
2.998969 -2.145749
3.000510 -2.146721
2.998915 -2.144881
3.000443 -2.145733
2.998861 -2.144013
3.000377 -2.144744
2.998808 -2.143144
3.000311 -2.143755
2.998754 -2.142276
3.000245 -2.142767
2.998700 -2.141408
3.000178 -2.141778
2.998646 -2.140540
3.000112 -2.140789
2.998592 -2.139672
2.998539 -2.138804
3.000046 -2.139801
2.998485 -2.137936
2.999979 -2.138812
2.998431 -2.137068
2.999913 -2.137823
2.998377 -2.136200
2.999847 -2.136835
2.998323 -2.135332
2.999780 -2.135846
2.998269 -2.134464
2.999714 -2.134858
2.998216 -2.133596
2.999648 -2.133869
2.998162 -2.132728
2.998108 -2.131860
2.999582 -2.132880
2.998054 -2.130992
2.999515 -2.131892
2.998000 -2.130124
2.999449 -2.130903
2.997946 -2.129256
2.999383 -2.129914
2.997893 -2.128388
2.999316 -2.128926
2.997839 -2.127519
2.999250 -2.127937
2.997785 -2.126651
2.999184 -2.126948
2.997731 -2.125783
2.999117 -2.125960
2.997677 -2.124915
2.997624 -2.124047
2.999051 -2.124971
2.997570 -2.123179
2.998985 -2.123982
2.997516 -2.122311
2.998919 -2.122994
2.997462 -2.121443
2.998852 -2.122005
2.997408 -2.120575
2.998786 -2.121017
2.997354 -2.119707
2.998720 -2.120028
2.997301 -2.118839
2.998653 -2.119039
2.997247 -2.117971
2.997193 -2.117103
2.998587 -2.118051
2.997139 -2.116235
2.998521 -2.117062
2.997085 -2.115367
2.998454 -2.116073
2.997032 -2.114499
2.998388 -2.115085
2.996978 -2.113631
2.998322 -2.114096
2.996924 -2.112763
2.998256 -2.113107
2.996870 -2.111895
2.998189 -2.112119
2.996816 -2.111026
2.998123 -2.111130
2.996762 -2.110158
2.996709 -2.109290
2.998057 -2.110141
2.996655 -2.108422
2.997990 -2.109153
2.996601 -2.107554
2.997924 -2.108164
2.996547 -2.106686
2.997858 -2.107175
2.996493 -2.105818
2.997791 -2.106187
2.996440 -2.104950
2.997725 -2.105198
2.996386 -2.104082
2.997659 -2.104210
2.996332 -2.103214
2.996278 -2.102346
2.997593 -2.103221
2.996224 -2.101478
2.997526 -2.102232
2.996170 -2.100610
2.997460 -2.101244
2.996117 -2.099742
2.997394 -2.100255
2.996063 -2.098874
2.997327 -2.099266
2.996009 -2.098006
2.997261 -2.098278
2.995955 -2.097138
2.997195 -2.097289
2.995901 -2.096270
2.997128 -2.096300
2.995847 -2.095401
2.995794 -2.094533
2.997062 -2.095312
2.995740 -2.093665
2.996996 -2.094323
2.995686 -2.092797
2.996930 -2.093334
2.995632 -2.091929
2.996863 -2.092346
2.995578 -2.091061
2.996797 -2.091357
2.995525 -2.090193
2.996731 -2.090369
2.995471 -2.089325
2.996664 -2.089380
2.995417 -2.088457
2.995363 -2.087589
2.996598 -2.088391
2.995309 -2.086721
2.996532 -2.087403
2.995255 -2.085853