2.925007 -4.104324
2.925066 -4.103745
2.925118 -4.103369
2.925125 -4.103167
2.925184 -4.102588
2.925230 -4.102413
2.925244 -4.102009
2.925303 -4.101431
2.925342 -4.101458
2.925362 -4.100852
2.925454 -4.100503
2.925421 -4.100274
2.925480 -4.099695
2.925565 -4.099547
2.925540 -4.099116
2.925599 -4.098538
2.925677 -4.098592
2.925658 -4.097959
2.925789 -4.097637
2.925717 -4.097381
2.925777 -4.096802
2.925901 -4.096681
2.925836 -4.096223
2.925895 -4.095645
2.926012 -4.095726
2.925954 -4.095066
2.926124 -4.094771
2.926013 -4.094488
2.926073 -4.093909
2.926236 -4.093816
2.926132 -4.093330
2.926191 -4.092752
2.926347 -4.092860
2.926250 -4.092173
2.926459 -4.091905
2.926310 -4.091595
2.926369 -4.091016
2.926571 -4.090950
2.926428 -4.090437
2.926487 -4.089859
2.926683 -4.089994
2.926546 -4.089280
2.926794 -4.089039
2.926606 -4.088702
2.926665 -4.088123
2.926906 -4.088084
2.926724 -4.087544
2.926783 -4.086966
2.927018 -4.087128
2.926843 -4.086387
2.927130 -4.086173
2.926902 -4.085809
2.926961 -4.085230
2.927241 -4.085218
2.927020 -4.084651
2.927079 -4.084073
2.927353 -4.084263
2.927139 -4.083494
2.927465 -4.083307
2.927198 -4.082915
2.927257 -4.082337
2.927576 -4.082352
2.927316 -4.081758
2.927376 -4.081180
2.927688 -4.081397
2.927435 -4.080601
2.927494 -4.080022
2.927800 -4.080441
2.927553 -4.079444
2.927912 -4.079486
2.927612 -4.078865
2.927672 -4.078287
2.928023 -4.078531
2.927731 -4.077708
2.927790 -4.077129
2.928135 -4.077575
2.927849 -4.076551
2.928247 -4.076620
2.927908 -4.075972
2.927968 -4.075394
2.928359 -4.075665
2.928027 -4.074815
2.928086 -4.074236
2.928470 -4.074709
2.928145 -4.073658
2.928582 -4.073754
2.928205 -4.073079
2.928264 -4.072501
2.928694 -4.072799
2.928323 -4.071922
2.928382 -4.071343
2.928805 -4.071844
2.928441 -4.070765
2.928917 -4.070888
2.928501 -4.070186
2.928560 -4.069608
2.929029 -4.069933
2.928619 -4.069029
2.928678 -4.068450
2.929141 -4.068978
2.928738 -4.067872
2.929252 -4.068022
2.928797 -4.067293
2.928856 -4.066715
2.929364 -4.067067
2.928915 -4.066136
2.928974 -4.065557
2.929476 -4.066112
2.929034 -4.064979
2.929588 -4.065156
2.929093 -4.064400
2.929152 -4.063822
2.929699 -4.064201
2.929211 -4.063243
2.929271 -4.062664
2.929811 -4.063246
2.929330 -4.062086
2.929923 -4.062291
2.929389 -4.061507
2.929448 -4.060929
2.930034 -4.061335
2.929507 -4.060350
2.929567 -4.059771
2.930146 -4.060380
2.929626 -4.059193
2.930258 -4.059425
2.929685 -4.058614
2.929744 -4.058035
2.930370 -4.058469
2.929804 -4.057457
2.929863 -4.056878
2.930481 -4.057514
2.929922 -4.056300
2.929981 -4.055721
2.930593 -4.056559
2.930040 -4.055142
2.930705 -4.055603
2.930100 -4.054564
2.930159 -4.053985
2.930817 -4.054648
2.930218 -4.053407
2.930277 -4.052828
2.930928 -4.053693
2.930337 -4.052249
2.931040 -4.052738
2.930396 -4.051671
2.930455 -4.051092
2.931152 -4.051782
2.930514 -4.050514
2.930573 -4.049935
2.931263 -4.050827
2.930633 -4.049356
2.931375 -4.049872
2.930692 -4.048778
2.930751 -4.048199
2.931487 -4.048916
2.930810 -4.047621
2.930869 -4.047042
2.931599 -4.047961
2.930929 -4.046463
2.931710 -4.047006
2.930988 -4.045885
2.931047 -4.045306
2.931822 -4.046050
2.931106 -4.044728
2.931166 -4.044149
2.931934 -4.045095
2.931225 -4.043570
2.932046 -4.044140
2.931284 -4.042992
2.931343 -4.042413
2.932157 -4.043184
2.931402 -4.041835
2.931462 -4.041256
2.932269 -4.042229
2.931521 -4.040677
2.932381 -4.041274
2.931580 -4.040099
2.931639 -4.039520
2.932492 -4.040319
2.931699 -4.038942
2.931758 -4.038363
2.932604 -4.039363
2.931817 -4.037784
2.932716 -4.038408
2.931876 -4.037206
2.931935 -4.036627
2.932828 -4.037453
2.931995 -4.036048
2.932054 -4.035470
2.932939 -4.036497
2.932113 -4.034891
2.933051 -4.035542
2.932172 -4.034313
2.932232 -4.033734
2.933163 -4.034587
2.932291 -4.033155
2.932350 -4.032577
2.933275 -4.033631
2.932409 -4.031998
2.932468 -4.031420
2.933386 -4.032676
2.932528 -4.030841
2.933498 -4.031721
2.932587 -4.030262
2.932646 -4.029684
2.933610 -4.030766
2.932705 -4.029105
2.932765 -4.028527
2.933721 -4.029810
2.932824 -4.027948
2.933833 -4.028855
2.932883 -4.027369
2.932942 -4.026791
2.933945 -4.027900
2.933001 -4.026212
2.933061 -4.025634
2.934057 -4.026944
2.933120 -4.025055
2.934168 -4.025989
2.933179 -4.024476
2.933238 -4.023898
2.934280 -4.025034
2.933298 -4.023319
2.933357 -4.022741
2.934392 -4.024078
2.933416 -4.022162
2.934504 -4.023123
2.933475 -4.021583
2.933534 -4.021005
2.934615 -4.022168
2.933594 -4.020426
2.933653 -4.019848
2.934727 -4.021213
2.933712 -4.019269
2.934839 -4.020257
2.933771 -4.018690
2.933830 -4.018112
2.934950 -4.019302
2.933890 -4.017533
2.933949 -4.016955
2.935062 -4.018347
2.934008 -4.016376
2.935174 -4.017391
2.934067 -4.015797
2.934127 -4.015219
2.935286 -4.016436
2.934186 -4.014640
2.934245 -4.014061
2.935397 -4.015481
2.934304 -4.013483
2.935509 -4.014525
2.934363 -4.012904
2.934423 -4.012326
2.935621 -4.013570
2.934482 -4.011747
2.934541 -4.011168
2.935733 -4.012615
2.934600 -4.010590
2.935844 -4.011659
2.934660 -4.010011
2.934719 -4.009433
2.935956 -4.010704
2.934778 -4.008854
2.934837 -4.008275
2.936068 -4.009749
2.934896 -4.007697
2.936179 -4.008794
2.934956 -4.007118
2.935015 -4.006540
2.936291 -4.007838
2.935074 -4.005961
2.935133 -4.005382
2.936403 -4.006883
2.935193 -4.004804
2.935252 -4.004225
2.936515 -4.005928
2.935311 -4.003647
2.936626 -4.004972
2.935370 -4.003068
2.935429 -4.002489
2.936738 -4.004017
2.935489 -4.001911
2.935548 -4.001332
2.936850 -4.003062
2.935607 -4.000754
2.936962 -4.002106
2.935666 -4.000175
2.935726 -3.999596
2.937073 -4.001151
2.935785 -3.999018
2.935844 -3.998439
2.937185 -4.000196
2.935903 -3.997861
2.937297 -3.999241
2.935962 -3.997282
2.936022 -3.996703
2.937408 -3.998285
2.936081 -3.996125
2.936140 -3.995546
2.937520 -3.997330
2.936199 -3.994968
2.937632 -3.996375
2.936259 -3.994389
2.936318 -3.993810
2.937744 -3.995419
2.936377 -3.993232
2.936436 -3.992653
2.937855 -3.994464
2.936495 -3.992075
2.937967 -3.993509
2.936555 -3.991496
2.936614 -3.990917
2.938079 -3.992553
2.936673 -3.990339
2.936732 -3.989760
2.938191 -3.991598
2.936791 -3.989181
2.938302 -3.990643
2.936851 -3.988603
2.936910 -3.988024
2.938414 -3.989688
2.936969 -3.987446
2.937028 -3.986867
2.938526 -3.988732
2.937088 -3.986288
2.938637 -3.987777
2.937147 -3.985710
2.937206 -3.985131
2.938749 -3.986822
2.937265 -3.984553
2.937324 -3.983974
2.938861 -3.985866
2.937384 -3.983395
2.938973 -3.984911
2.937443 -3.982817
2.937502 -3.982238
2.939084 -3.983956
2.937561 -3.981660
2.937621 -3.981081
2.939196 -3.983000
2.937680 -3.980502
2.937739 -3.979924
2.939308 -3.982045
2.937798 -3.979345
2.939420 -3.981090
2.937857 -3.978767
2.937917 -3.978188
2.939531 -3.980134
2.937976 -3.977609
2.938035 -3.977031
2.939643 -3.979179
2.938094 -3.976452
2.939755 -3.978224
2.938154 -3.975874
2.938213 -3.975295
2.939866 -3.977269
2.938272 -3.974716
2.938331 -3.974138
2.939978 -3.976313
2.938390 -3.973559
2.940090 -3.975358
2.938450 -3.972981
2.938509 -3.972402
2.940202 -3.974403
2.938568 -3.971823
2.938627 -3.971245
2.940313 -3.973447
2.938687 -3.970666
2.940425 -3.972492
2.938746 -3.970088
2.938805 -3.969509
2.940537 -3.971537
2.938864 -3.968930
2.938923 -3.968352
2.940649 -3.970581
2.938983 -3.967773
2.940760 -3.969626
2.939042 -3.967194
2.939101 -3.966616
2.940872 -3.968671
2.939160 -3.966037
2.939219 -3.965459
2.940984 -3.967716
2.939279 -3.964880
2.941095 -3.966760
2.939338 -3.964301
2.939397 -3.963723
2.941207 -3.965805
2.939456 -3.963144
2.939516 -3.962566
2.941319 -3.964850
2.939575 -3.961987
2.941431 -3.963894
2.939634 -3.961408
2.939693 -3.960830
2.941542 -3.962939
2.939752 -3.960251
2.939812 -3.959673
2.941654 -3.961984
2.939871 -3.959094
2.941766 -3.961028
2.939930 -3.958515
2.939989 -3.957937
2.941878 -3.960073
2.940049 -3.957358
2.940108 -3.956780
2.941989 -3.959118
2.940167 -3.956201
2.942101 -3.958163
2.940226 -3.955622
2.940285 -3.955044
2.942213 -3.957207
2.940345 -3.954465
2.940404 -3.953887
2.942324 -3.956252
2.940463 -3.953308
2.940522 -3.952729
2.942436 -3.955297
2.940582 -3.952151
2.942548 -3.954341
2.940641 -3.951572
2.940700 -3.950994
2.942660 -3.953386
2.940759 -3.950415
2.940818 -3.949836
2.942771 -3.952431
2.940878 -3.949258
2.942883 -3.951475
2.940937 -3.948679
2.940996 -3.948101
2.942995 -3.950520
2.941055 -3.947522
2.941115 -3.946943
2.943107 -3.949565
2.941174 -3.946365
2.943218 -3.948609
2.941233 -3.945786
2.941292 -3.945207
2.943330 -3.947654
2.941351 -3.944629
2.941411 -3.944050
2.943442 -3.946699
2.941470 -3.943472
2.943553 -3.945744
2.941529 -3.942893
2.941588 -3.942314
2.943665 -3.944788
2.941648 -3.941736
2.941707 -3.941157
2.943777 -3.943833
2.941766 -3.940579
2.943889 -3.942878
2.941825 -3.940000
2.941884 -3.939421
2.944000 -3.941922
2.941944 -3.938843
2.942003 -3.938264
2.944112 -3.940967
2.942062 -3.937686
2.944224 -3.940012
2.942121 -3.937107
2.942180 -3.936528
2.944336 -3.939056
2.942240 -3.935950
2.942299 -3.935371
2.944447 -3.938101
2.942358 -3.934793
2.944559 -3.937146
2.942417 -3.934214
2.942477 -3.933635
2.944671 -3.936191
2.942536 -3.933057
2.942595 -3.932478
2.944782 -3.935235
2.942654 -3.931900
2.944894 -3.934280
2.942713 -3.931321
2.942773 -3.930742
2.945006 -3.933325
2.942832 -3.930164
2.942891 -3.929585
2.945118 -3.932369
2.942950 -3.929007
2.945229 -3.931414
2.943010 -3.928428
2.943069 -3.927849
2.945341 -3.930459
2.943128 -3.927271
2.943187 -3.926692
2.945453 -3.929503
2.943246 -3.926114
2.945565 -3.928548
2.943306 -3.925535
2.943365 -3.924956
2.945676 -3.927593
2.943424 -3.924378
2.943483 -3.923799
2.945788 -3.926638
2.943543 -3.923221
2.943602 -3.922642
2.945900 -3.925682
2.943661 -3.922063
2.946011 -3.924727
2.943720 -3.921485
2.943779 -3.920906
2.946123 -3.923772
2.943839 -3.920327
2.943898 -3.919749
2.946235 -3.922816
2.943957 -3.919170
2.946347 -3.921861
2.944016 -3.918592
2.944076 -3.918013
2.946458 -3.920906
2.944135 -3.917434
2.944194 -3.916856
2.946570 -3.919950
2.944253 -3.916277
2.946682 -3.918995
2.944312 -3.915699
2.944372 -3.915120
2.946794 -3.918040
2.944431 -3.914541
2.944490 -3.913963
2.946905 -3.917084
2.944549 -3.913384
2.947017 -3.916129
2.944609 -3.912806
2.944668 -3.912227
2.947129 -3.915174
2.944727 -3.911648
2.944786 -3.911070
2.947240 -3.914219
2.944845 -3.910491
2.947352 -3.913263
2.944905 -3.909913
2.944964 -3.909334
2.947464 -3.912308
2.945023 -3.908755
2.945082 -3.908177
2.947576 -3.911353
2.945141 -3.907598
2.947687 -3.910397
2.945201 -3.907020
2.945260 -3.906441
2.947799 -3.909442
2.945319 -3.905862
2.945378 -3.905284
2.947911 -3.908487
2.945438 -3.904705
2.948023 -3.907531
2.945497 -3.904127
2.945556 -3.903548
2.948134 -3.906576
2.945615 -3.902969
2.945674 -3.902391
2.948246 -3.905621
2.945734 -3.901812
2.948358 -3.904666
2.945793 -3.901234
2.945852 -3.900655
2.948469 -3.903710
2.945911 -3.900076
2.945971 -3.899498
2.948581 -3.902755
2.946030 -3.898919
2.948693 -3.901800
2.946089 -3.898340
2.946148 -3.897762
2.948805 -3.900844
2.946207 -3.897183
2.946267 -3.896605
2.948916 -3.899889
2.946326 -3.896026
2.946385 -3.895447
2.949028 -3.898934
2.946444 -3.894869
2.949140 -3.897978
2.946504 -3.894290
2.946563 -3.893712
2.949252 -3.897023
2.946622 -3.893133
2.946681 -3.892554
2.949363 -3.896068
2.946740 -3.891976
2.949475 -3.895113
2.946800 -3.891397
2.946859 -3.890819
2.949587 -3.894157
2.946918 -3.890240
2.946977 -3.889661
2.949698 -3.893202
2.947037 -3.889083
2.949810 -3.892247
2.947096 -3.888504
2.947155 -3.887926
2.949922 -3.891291
2.947214 -3.887347
2.947273 -3.886768
2.950034 -3.890336
2.947333 -3.886190
2.950145 -3.889381
2.947392 -3.885611
2.947451 -3.885033
2.950257 -3.888425
2.947510 -3.884454
2.947570 -3.883875
2.950369 -3.887470
2.947629 -3.883297
2.950481 -3.886515
2.947688 -3.882718
2.947747 -3.882140
2.950592 -3.885559
2.947806 -3.881561
2.947866 -3.880982
2.950704 -3.884604
2.947925 -3.880404
2.950816 -3.883649
2.947984 -3.879825
2.948043 -3.879247
2.950928 -3.882694
2.948102 -3.878668
2.948162 -3.878089
2.951039 -3.881738
2.948221 -3.877511
2.951151 -3.880783
2.948280 -3.876932
2.948339 -3.876353
2.951263 -3.879828
2.948399 -3.875775
2.948458 -3.875196
2.951374 -3.878872
2.948517 -3.874618
2.951486 -3.877917
2.948576 -3.874039
2.948635 -3.873460
2.951598 -3.876962
2.948695 -3.872882
2.948754 -3.872303
2.951710 -3.876006
2.948813 -3.871725
2.951821 -3.875051
2.948872 -3.871146
2.948932 -3.870567
2.951933 -3.874096
2.948991 -3.869989
2.949050 -3.869410
2.952045 -3.873141
2.949109 -3.868832
2.952157 -3.872185
2.949168 -3.868253
2.949228 -3.867674
2.952268 -3.871230
2.949287 -3.867096
2.949346 -3.866517
2.952380 -3.870275
2.949405 -3.865939
2.949465 -3.865360
2.952492 -3.869319
2.949524 -3.864781
2.952603 -3.868364
2.949583 -3.864203
2.949642 -3.863624
2.952715 -3.867409
2.949701 -3.863046
2.949761 -3.862467
2.952827 -3.866453
2.949820 -3.861888
2.952939 -3.865498
2.949879 -3.861310
2.949938 -3.860731
2.953050 -3.864543
2.949998 -3.860153
2.950057 -3.859574
2.953162 -3.863588
2.950116 -3.858995
2.953274 -3.862632
2.950175 -3.858417
2.950234 -3.857838
2.953386 -3.861677
2.950294 -3.857260
2.950353 -3.856681
2.953497 -3.860722
2.950412 -3.856102
2.953609 -3.859766
2.950471 -3.855524
2.950531 -3.854945
2.953721 -3.858811
2.950590 -3.854367
2.950649 -3.853788
2.953832 -3.857856
2.950708 -3.853209
2.953944 -3.856900
2.950767 -3.852631
2.950827 -3.852052
2.954056 -3.855945
2.950886 -3.851473
2.950945 -3.850895
2.954168 -3.854990
2.951004 -3.850316
2.954279 -3.854034
2.951063 -3.849738
2.951123 -3.849159
2.954391 -3.853079
2.951182 -3.848580
2.951241 -3.848002
2.954503 -3.852124
2.951300 -3.847423
2.954615 -3.851169
2.951360 -3.846845
2.951419 -3.846266
2.954726 -3.850213
2.951478 -3.845687
2.951537 -3.845109
2.954838 -3.849258
2.951596 -3.844530
2.954950 -3.848303
2.951656 -3.843952
2.951715 -3.843373
2.955061 -3.847347
2.951774 -3.842794
2.951833 -3.842216
2.955173 -3.846392
2.951893 -3.841637
2.955285 -3.845437
2.951952 -3.841059
2.952011 -3.840480
2.955397 -3.844481
2.952070 -3.839901
2.952129 -3.839323
2.955508 -3.843526
2.952189 -3.838744
2.955620 -3.842571
2.952248 -3.838166
2.952307 -3.837587
2.955732 -3.841616
2.952366 -3.837008
2.952426 -3.836430
2.955844 -3.840660
2.952485 -3.835851
2.955955 -3.839705
2.952544 -3.835273
2.952603 -3.834694
2.956067 -3.838750
2.952662 -3.834115
2.952722 -3.833537
2.956179 -3.837794
2.952781 -3.832958
2.952840 -3.832380
2.956290 -3.836839
2.952899 -3.831801
2.956402 -3.835884
2.952959 -3.831222
2.953018 -3.830644
2.956514 -3.834928
2.953077 -3.830065
2.953136 -3.829486
2.956626 -3.833973
2.953195 -3.828908
2.956737 -3.833018
2.953255 -3.828329
2.953314 -3.827751
2.956849 -3.832063
2.953373 -3.827172
2.953432 -3.826593
2.956961 -3.831107
2.953492 -3.826015
2.957073 -3.830152
2.953551 -3.825436
2.953610 -3.824858
2.957184 -3.829197
2.953669 -3.824279
2.953728 -3.823700
2.957296 -3.828241
2.953788 -3.823122
2.957408 -3.827286
2.953847 -3.822543
2.953906 -3.821965
2.957519 -3.826331
2.953965 -3.821386
2.954024 -3.820807
2.957631 -3.825375
2.954084 -3.820229
2.957743 -3.824420
2.954143 -3.819650
2.954202 -3.819072
2.957855 -3.823465
2.954261 -3.818493
2.954321 -3.817914
2.957966 -3.822509
2.954380 -3.817336
2.958078 -3.821554
2.954439 -3.816757
2.954498 -3.816179
2.958190 -3.820599
2.954557 -3.815600
2.954617 -3.815021
2.958302 -3.819644
2.954676 -3.814443
2.958413 -3.818688
2.954735 -3.813864
2.954794 -3.813286
2.958525 -3.817733
2.954854 -3.812707
2.954913 -3.812128
2.958637 -3.816778
2.954972 -3.811550
2.958748 -3.815822
2.955031 -3.810971
2.955090 -3.810393
2.958860 -3.814867
2.955150 -3.809814
2.955209 -3.809235
2.958972 -3.813912
2.955268 -3.808657
2.959084 -3.812956
2.955327 -3.808078
2.955387 -3.807499
2.959195 -3.812001
2.955446 -3.806921
2.955505 -3.806342
2.959307 -3.811046
2.955564 -3.805764
2.959419 -3.810091
2.955623 -3.805185
2.955683 -3.804606
2.959531 -3.809135
2.955742 -3.804028
2.955801 -3.803449
2.959642 -3.808180
2.955860 -3.802871
2.959754 -3.807225
2.955920 -3.802292
2.955979 -3.801713
2.959866 -3.806269
2.956038 -3.801135
2.956097 -3.800556
2.959977 -3.805314
2.956156 -3.799978
2.956216 -3.799399
2.960089 -3.804359
2.956275 -3.798820
2.960201 -3.803403
2.956334 -3.798242
2.956393 -3.797663
2.960313 -3.802448
2.956453 -3.797085
2.956512 -3.796506
2.960424 -3.801493
2.956571 -3.795927
2.960536 -3.800538
2.956630 -3.795349
2.956689 -3.794770
2.960648 -3.799582
2.956749 -3.794192
2.956808 -3.793613
2.960760 -3.798627
2.956867 -3.793034
2.960871 -3.797672
2.956926 -3.792456
2.956985 -3.791877
2.960983 -3.796716
2.957045 -3.791299
2.957104 -3.790720
2.961095 -3.795761
2.957163 -3.790141
2.961206 -3.794806
2.957222 -3.789563
2.957282 -3.788984
2.961318 -3.793850
2.957341 -3.788406
2.957400 -3.787827
2.961430 -3.792895
2.957459 -3.787248
2.961542 -3.791940
2.957518 -3.786670
2.957578 -3.786091
2.961653 -3.790984
2.957637 -3.785513
2.957696 -3.784934
2.961765 -3.790029
2.957755 -3.784355
2.961877 -3.789074
2.957815 -3.783777
2.957874 -3.783198
2.961989 -3.788119
2.957933 -3.782619
2.957992 -3.782041
2.962100 -3.787163
2.958051 -3.781462
2.962212 -3.786208
2.958111 -3.780884
2.958170 -3.780305
2.962324 -3.785253
2.958229 -3.779726
2.958288 -3.779148
2.962435 -3.784297
2.958348 -3.778569
2.962547 -3.783342
2.958407 -3.777991
2.958466 -3.777412
2.962659 -3.782387
2.958525 -3.776833
2.958584 -3.776255
2.962771 -3.781431
2.958644 -3.775676
2.962882 -3.780476
2.958703 -3.775098
2.958762 -3.774519
2.962994 -3.779521
2.958821 -3.773940
2.958881 -3.773362
2.963106 -3.778566
2.958940 -3.772783
2.963218 -3.777610
2.958999 -3.772205
2.959058 -3.771626
2.963329 -3.776655
2.959117 -3.771047
2.959177 -3.770469
2.963441 -3.775700
2.959236 -3.769890
2.963553 -3.774744
2.959295 -3.769312
2.959354 -3.768733
2.963664 -3.773789
2.959414 -3.768154
2.959473 -3.767576
2.963776 -3.772834
2.959532 -3.766997
2.959591 -3.766419
2.963888 -3.771878
2.959650 -3.765840
2.964000 -3.770923
2.959710 -3.765261
2.959769 -3.764683
2.964111 -3.769968
2.959828 -3.764104
2.959887 -3.763526
2.964223 -3.769013
2.959946 -3.762947
2.964335 -3.768057
2.960006 -3.762368
2.960065 -3.761790
2.964447 -3.767102
2.960124 -3.761211
2.960183 -3.760632
2.964558 -3.766147
2.960243 -3.760054
2.964670 -3.765191
2.960302 -3.759475
2.960361 -3.758897
2.964782 -3.764236
2.960420 -3.758318
2.960479 -3.757739
2.964893 -3.763281
2.960539 -3.757161
2.965005 -3.762325
2.960598 -3.756582
2.960657 -3.756004
2.965117 -3.761370
2.960716 -3.755425
2.960776 -3.754846
2.965229 -3.760415
2.960835 -3.754268
2.965340 -3.759459
2.960894 -3.753689
2.960953 -3.753111
2.965452 -3.758504
2.961012 -3.752532
2.961072 -3.751953
2.965564 -3.757549
2.961131 -3.751375
2.965676 -3.756594
2.961190 -3.750796
2.961249 -3.750218
2.965787 -3.755638
2.961309 -3.749639
2.961368 -3.749060
2.965899 -3.754683
2.961427 -3.748482
2.966011 -3.753728
2.961486 -3.747903
2.961545 -3.747325
2.966122 -3.752772
2.961605 -3.746746
2.961664 -3.746167
2.966234 -3.751817
2.961723 -3.745589
2.966346 -3.750862
2.961782 -3.745010
2.961842 -3.744432
2.966458 -3.749906
2.961926 -3.743815
2.962011 -3.743198
2.966569 -3.748951
2.962096 -3.742581
2.966681 -3.747996
2.962181 -3.741964
2.962265 -3.741347
2.966793 -3.747041
2.962350 -3.740730
2.966905 -3.746085
2.962435 -3.740113
2.962520 -3.739497
2.967016 -3.745130
2.962604 -3.738880
2.967128 -3.744175
2.962689 -3.738263
2.962774 -3.737646
2.967240 -3.743219
2.962859 -3.737029
2.967351 -3.742264
2.962943 -3.736412
2.963028 -3.735795
2.967463 -3.741309
2.963113 -3.735179
2.967575 -3.740353
2.963198 -3.734562
2.963282 -3.733945
2.967687 -3.739398
2.963367 -3.733328
2.967798 -3.738443
2.963452 -3.732711
2.963537 -3.732094
2.967910 -3.737488
2.963621 -3.731477
2.968022 -3.736532
2.963706 -3.730860
2.963791 -3.730244
2.968134 -3.735577
2.963876 -3.729627
2.968245 -3.734622
2.963960 -3.729010
2.964045 -3.728393
2.968357 -3.733666
2.964130 -3.727776
2.968469 -3.732711
2.964215 -3.727159
2.964299 -3.726542
2.968580 -3.731756
2.964384 -3.725926
2.968692 -3.730800
2.964469 -3.725309
2.964554 -3.724692
2.968804 -3.729845
2.964638 -3.724075
2.968916 -3.728890
2.964723 -3.723458
2.964808 -3.722841
2.969027 -3.727934
2.964893 -3.722224
2.969139 -3.726979
2.964977 -3.721607
2.965062 -3.720991
2.969251 -3.726024
2.965147 -3.720374
2.969363 -3.725069
2.965232 -3.719757
2.965316 -3.719140
2.969474 -3.724113
2.965401 -3.718523
2.969586 -3.723158
2.965486 -3.717906
2.965571 -3.717289
2.969698 -3.722203
2.965655 -3.716673
2.969809 -3.721247
2.965740 -3.716056
2.965825 -3.715439
2.969921 -3.720292
2.965910 -3.714822
2.970033 -3.719337
2.965994 -3.714205
2.966079 -3.713588
2.970145 -3.718381
2.966164 -3.712971
2.970256 -3.717426
2.966249 -3.712354
2.966333 -3.711738
2.970368 -3.716471
2.966418 -3.711121
2.970480 -3.715516
2.966503 -3.710504
2.966588 -3.709887
2.970592 -3.714560
2.966672 -3.709270
2.970703 -3.713605
2.966757 -3.708653
2.966842 -3.708036
2.970815 -3.712650
2.966927 -3.707420
2.970927 -3.711694
2.967011 -3.706803
2.967096 -3.706186
2.971038 -3.710739
2.967181 -3.705569
2.967266 -3.704952
2.971150 -3.709784
2.967350 -3.704335
2.971262 -3.708828
2.967435 -3.703718
2.967520 -3.703101
2.971374 -3.707873
2.967605 -3.702485
2.971485 -3.706918
2.967689 -3.701868
2.967774 -3.701251
2.971597 -3.705963
2.967859 -3.700634
2.971709 -3.705007
2.967944 -3.700017
2.968028 -3.699400
2.971821 -3.704052
2.968113 -3.698783
2.971932 -3.703097
2.968198 -3.698167
2.968283 -3.697550
2.972044 -3.702141
2.968367 -3.696933
2.972156 -3.701186
2.968452 -3.696316
2.968537 -3.695699
2.972267 -3.700231
2.968622 -3.695082
2.972379 -3.699275
2.968706 -3.694465
2.968791 -3.693848
2.972491 -3.698320
2.968876 -3.693232
2.972603 -3.697365
2.968961 -3.692615
2.969045 -3.691998
2.972714 -3.696409
2.969130 -3.691381
2.972826 -3.695454
2.969215 -3.690764
2.969300 -3.690147
2.972938 -3.694499
2.969384 -3.689530
2.973050 -3.693544
2.969469 -3.688914
2.969554 -3.688297
2.973161 -3.692588
2.969639 -3.687680
2.973273 -3.691633
2.969723 -3.687063
2.969808 -3.686446
2.973385 -3.690678
2.969893 -3.685829
2.973496 -3.689722
2.969978 -3.685212
2.970062 -3.684595
2.973608 -3.688767
2.970147 -3.683979
2.973720 -3.687812
2.970232 -3.683362
2.970317 -3.682745
2.973832 -3.686856
2.970401 -3.682128
2.973943 -3.685901
2.970486 -3.681511
2.970571 -3.680894
2.974055 -3.684946
2.970656 -3.680277
2.974167 -3.683991
2.970740 -3.679661
2.970825 -3.679044
2.974279 -3.683035
2.970910 -3.678427
2.974390 -3.682080
2.970995 -3.677810
2.971079 -3.677193
2.974502 -3.681125
2.971164 -3.676576
2.974614 -3.680169
2.971249 -3.675959
2.971334 -3.675342
2.974725 -3.679214
2.971418 -3.674726
2.974837 -3.678259
2.971503 -3.674109
2.971588 -3.673492
2.974949 -3.677303
2.971673 -3.672875
2.975061 -3.676348
2.971757 -3.672258
2.971842 -3.671641
2.975172 -3.675393
2.971927 -3.671024
2.972012 -3.670408
2.975284 -3.674438
2.972096 -3.669791
2.975396 -3.673482
2.972181 -3.669174
2.972266 -3.668557
2.975508 -3.672527
2.972351 -3.667940
2.975619 -3.671572
2.972435 -3.667323
2.972520 -3.666706
2.975731 -3.670616
2.972605 -3.666089
2.975843 -3.669661
2.972690 -3.665473
2.972774 -3.664856
2.975954 -3.668706
2.972859 -3.664239
2.976066 -3.667750
2.972944 -3.663622
2.973029 -3.663005
2.976178 -3.666795
2.973113 -3.662388
2.976290 -3.665840
2.973198 -3.661771
2.973283 -3.661155
2.976401 -3.664884
2.973368 -3.660538
2.976513 -3.663929
2.973452 -3.659921
2.973537 -3.659304
2.976625 -3.662974
2.973622 -3.658687
2.976737 -3.662019
2.973707 -3.658070
2.973791 -3.657453
2.976848 -3.661063
2.973876 -3.656836
2.976960 -3.660108
2.973961 -3.656220
2.974046 -3.655603
2.977072 -3.659153
2.974130 -3.654986
2.977183 -3.658197
2.974215 -3.654369
2.974300 -3.653752
2.977295 -3.657242
2.974385 -3.653135
2.977407 -3.656287
2.974469 -3.652518
2.974554 -3.651902
2.977519 -3.655331
2.974639 -3.651285
2.977630 -3.654376
2.974724 -3.650668
2.974808 -3.650051
2.977742 -3.653421
2.974893 -3.649434
2.977854 -3.652466
2.974978 -3.648817
2.975063 -3.648200
2.977966 -3.651510
2.975147 -3.647583
2.978077 -3.650555
2.975232 -3.646967
2.975317 -3.646350
2.978189 -3.649600
2.975402 -3.645733
2.978301 -3.648644
2.975486 -3.645116
2.975571 -3.644499
2.978412 -3.647689
2.975656 -3.643882
2.978524 -3.646734
2.975741 -3.643265
2.975825 -3.642649
2.978636 -3.645778
2.975910 -3.642032
2.978748 -3.644823
2.975995 -3.641415
2.976080 -3.640798
2.978859 -3.643868
2.976164 -3.640181
2.978971 -3.642913
2.976249 -3.639564
2.976334 -3.638947
2.979083 -3.641957
2.976419 -3.638330
2.976503 -3.637714
2.979195 -3.641002
2.976588 -3.637097
2.979306 -3.640047
2.976673 -3.636480
2.976758 -3.635863
2.979418 -3.639091
2.976842 -3.635246
2.979530 -3.638136
2.976927 -3.634629
2.977012 -3.634012
2.979641 -3.637181
2.977097 -3.633396
2.979753 -3.636225
2.977181 -3.632779
2.977266 -3.632162
2.979865 -3.635270
2.977351 -3.631545
2.979977 -3.634315
2.977436 -3.630928
2.977520 -3.630311
2.980088 -3.633359
2.977605 -3.629694
2.980200 -3.632404
2.977690 -3.629077
2.977775 -3.628461
2.980312 -3.631449
2.977859 -3.627844
2.980424 -3.630494
2.977944 -3.627227
2.978029 -3.626610
2.980535 -3.629538
2.978114 -3.625993
2.980647 -3.628583
2.978198 -3.625376
2.978283 -3.624759
2.980759 -3.627628
2.978368 -3.624143
2.980870 -3.626672
2.978453 -3.623526
2.978537 -3.622909
2.980982 -3.625717
2.978622 -3.622292
2.981094 -3.624762
2.978707 -3.621675
2.978792 -3.621058
2.981206 -3.623806
2.978876 -3.620441
2.981317 -3.622851
2.978961 -3.619824
2.979046 -3.619208
2.981429 -3.621896
2.979131 -3.618591
2.981541 -3.620941
2.979215 -3.617974
2.979300 -3.617357
2.981653 -3.619985
2.979385 -3.616740
2.981764 -3.619030
2.979470 -3.616123
2.979554 -3.615506
2.981876 -3.618075
2.979639 -3.614890
2.981988 -3.617119
2.979724 -3.614273
2.979809 -3.613656
2.982099 -3.616164
2.979893 -3.613039
2.982211 -3.615209
2.979978 -3.612422
2.980063 -3.611805
2.982323 -3.614253
2.980148 -3.611188
2.982435 -3.613298
2.980232 -3.610571
2.980317 -3.609955
2.982546 -3.612343
2.980402 -3.609338
2.982658 -3.611388
2.980487 -3.608721
2.980572 -3.608104
2.982770 -3.610432
2.980656 -3.607487
2.982882 -3.609477
2.980741 -3.606870
2.980826 -3.606253
2.982993 -3.608522
2.980911 -3.605637
2.980995 -3.605020
2.983105 -3.607566
2.981080 -3.604403
2.983217 -3.606611
2.981165 -3.603786
2.981250 -3.603169
2.983328 -3.605656
2.981334 -3.602552
2.983440 -3.604700
2.981419 -3.601935
2.981504 -3.601318
2.983552 -3.603745
2.981589 -3.600702
2.983664 -3.602790
2.981673 -3.600085
2.981758 -3.599468
2.983775 -3.601834
2.981843 -3.598851
2.983887 -3.600879
2.981928 -3.598234
2.982012 -3.597617
2.983999 -3.599924
2.982097 -3.597000
2.984111 -3.598969
2.982182 -3.596384
2.982267 -3.595767
2.984222 -3.598013
2.982351 -3.595150
2.984334 -3.597058
2.982436 -3.594533
2.982521 -3.593916
2.984446 -3.596103
2.982606 -3.593299
2.984557 -3.595147
2.982690 -3.592682
2.982775 -3.592065
2.984669 -3.594192
2.982860 -3.591449
2.984781 -3.593237
2.982945 -3.590832
2.983029 -3.590215
2.984893 -3.592281
2.983114 -3.589598
2.985004 -3.591326
2.983199 -3.588981
2.983284 -3.588364
2.985116 -3.590371
2.983368 -3.587747
2.985228 -3.589416
2.983453 -3.587131
2.983538 -3.586514
2.985340 -3.588460
2.983623 -3.585897
2.985451 -3.587505
2.983707 -3.585280
2.983792 -3.584663
2.985563 -3.586550
2.983877 -3.584046
2.985675 -3.585594
2.983962 -3.583429
2.984046 -3.582812
2.985786 -3.584639
2.984131 -3.582196
2.985898 -3.583684
2.984216 -3.581579
2.984301 -3.580962
2.986010 -3.582728
2.984385 -3.580345
2.986122 -3.581773
2.984470 -3.579728
2.984555 -3.579111
2.986233 -3.580818
2.984640 -3.578494
2.986345 -3.579863
2.984724 -3.577878
2.984809 -3.577261
2.986457 -3.578907
2.984894 -3.576644
2.986569 -3.577952
2.984979 -3.576027
2.985063 -3.575410
2.986680 -3.576997
2.985148 -3.574793
2.985233 -3.574176
2.986792 -3.576041
2.985318 -3.573559
2.986904 -3.575086
2.985402 -3.572943
2.985487 -3.572326
2.987015 -3.574131
2.985572 -3.571709
2.987127 -3.573175
2.985657 -3.571092
2.985741 -3.570475
2.987239 -3.572220
2.985826 -3.569858
2.987351 -3.571265
2.985911 -3.569241
2.985996 -3.568625
2.987462 -3.570309
2.986080 -3.568008
2.987574 -3.569354
2.986165 -3.567391
2.986250 -3.566774
2.987686 -3.568399
2.986335 -3.566157
2.987798 -3.567444
2.986419 -3.565540
2.986504 -3.564923
2.987909 -3.566488
2.986589 -3.564306
2.988021 -3.565533
2.986674 -3.563690
2.986758 -3.563073
2.988133 -3.564578
2.986843 -3.562456
2.988245 -3.563622
2.986928 -3.561839
2.987013 -3.561222
2.988356 -3.562667
2.987097 -3.560605
2.988468 -3.561712
2.987182 -3.559988
2.987267 -3.559372
2.988580 -3.560756
2.987352 -3.558755
2.988691 -3.559801
2.987436 -3.558138
2.987521 -3.557521
2.988803 -3.558846
2.987606 -3.556904
2.988915 -3.557891
2.987691 -3.556287
2.987775 -3.555670
2.989027 -3.556935
2.987860 -3.555053
2.989138 -3.555980
2.987945 -3.554437
2.988030 -3.553820
2.989250 -3.555025
2.988114 -3.553203
2.989362 -3.554069
2.988199 -3.552586
2.988284 -3.551969
2.989474 -3.553114
2.988369 -3.551352
2.989585 -3.552159
2.988453 -3.550735
2.988538 -3.550119
2.989697 -3.551203
2.988623 -3.549502
2.989809 -3.550248
2.988708 -3.548885
2.988792 -3.548268
2.989920 -3.549293
2.988877 -3.547651
2.990032 -3.548338
2.988962 -3.547034
2.989047 -3.546417
2.990144 -3.547382
2.989131 -3.545800
2.990256 -3.546427
2.989216 -3.545184
2.989301 -3.544567
2.990367 -3.545472
2.989386 -3.543950
2.989470 -3.543333
2.990479 -3.544516
2.989555 -3.542716
2.990591 -3.543561
2.989640 -3.542099
2.989725 -3.541482
2.990703 -3.542606
2.989809 -3.540866
2.990814 -3.541650
2.989894 -3.540249
2.989979 -3.539632
2.990926 -3.540695
2.990064 -3.539015
2.991038 -3.539740
2.990148 -3.538398
2.990233 -3.537781
2.991149 -3.538784
2.990318 -3.537164
2.991261 -3.537829
2.990403 -3.536547
2.990487 -3.535931
2.991373 -3.536874
2.990572 -3.535314
2.991485 -3.535919
2.990657 -3.534697
2.990742 -3.534080
2.991596 -3.534963
2.990826 -3.533463
2.991708 -3.534008
2.990911 -3.532846
2.990996 -3.532229
2.991820 -3.533053
2.991081 -3.531613
2.991932 -3.532097
2.991165 -3.530996
2.991250 -3.530379
2.992043 -3.531142
2.991335 -3.529762
2.992155 -3.530187
2.991420 -3.529145
2.991504 -3.528528
2.992267 -3.529231
2.991589 -3.527911
2.992378 -3.528276
2.991674 -3.527294
2.991759 -3.526678
2.992490 -3.527321
2.991843 -3.526061
2.992602 -3.526366
2.991928 -3.525444
2.992013 -3.524827
2.992714 -3.525410
2.992098 -3.524210
2.992825 -3.524455
2.992182 -3.523593
2.992267 -3.522976
2.992937 -3.523500
2.992352 -3.522360
2.993049 -3.522544
2.992437 -3.521743
2.992521 -3.521126
2.993161 -3.521589
2.992606 -3.520509
2.993272 -3.520634
2.992691 -3.519892
2.992776 -3.519275
2.993384 -3.519678
2.992860 -3.518658
2.993496 -3.518723
2.992945 -3.518041
2.993030 -3.517425
2.993607 -3.517768
2.993115 -3.516808
2.993719 -3.516813
2.993199 -3.516191
2.993284 -3.515574
2.993831 -3.515857
2.993369 -3.514957
2.993454 -3.514340
2.993943 -3.514902
2.993538 -3.513723
2.994054 -3.513947
2.993623 -3.513107
2.993708 -3.512490
2.994166 -3.512991
2.993793 -3.511873
2.994278 -3.512036
2.993877 -3.511256
2.993962 -3.510639
2.994390 -3.511081
2.994047 -3.510022
2.994501 -3.510125
2.994132 -3.509405
2.994216 -3.508788
2.994613 -3.509170
2.994301 -3.508172
2.994725 -3.508215
2.994386 -3.507555
2.994471 -3.506938
2.994836 -3.507259
2.994555 -3.506321
2.994948 -3.506304
2.994640 -3.505704
2.994725 -3.505087
2.995060 -3.505349
2.994810 -3.504470
2.995172 -3.504394
2.994894 -3.503854
2.994979 -3.503237
2.995283 -3.503438
2.995064 -3.502620
2.995395 -3.502483
2.995149 -3.502003
2.995233 -3.501386
2.995507 -3.501528
2.995318 -3.500769
2.995619 -3.500572
2.995403 -3.500152
2.995488 -3.499535
2.995730 -3.499617
2.995572 -3.498919
2.995842 -3.498662
2.995657 -3.498302
2.995742 -3.497685
2.995954 -3.497706
2.995827 -3.497068
2.996065 -3.496751
2.995911 -3.496451
2.995996 -3.495834
2.996177 -3.495796
2.996081 -3.495217
2.996289 -3.494841
2.996166 -3.494601
2.996250 -3.493984
2.996401 -3.493885
2.996335 -3.493367
2.996512 -3.492930
2.996420 -3.492750
2.996505 -3.492133
2.996624 -3.491975
2.996589 -3.491516
2.996736 -3.491019
2.996674 -3.490899
2.996759 -3.490282
2.996848 -3.490064
2.996844 -3.489666
2.996959 -3.489109
2.996928 -3.489049
2.997013 -3.488432
2.997071 -3.488153
2.997098 -3.487815
2.997183 -3.487198