-0.944176 3.538173
-0.944176 3.538173
-0.944315 3.538150
-0.944453 3.538128
-0.944592 3.538105
-0.944731 3.538082
-0.944870 3.538059
-0.945009 3.538036
-0.945148 3.538060
-0.945147 3.538014
-0.945286 3.537991
-0.945425 3.537968
-0.945564 3.537945
-0.945703 3.537922
-0.945841 3.537900
-0.945980 3.537877
-0.946120 3.537947
-0.946119 3.537854
-0.946258 3.537831
-0.946397 3.537808
-0.946535 3.537786
-0.946674 3.537763
-0.946813 3.537740
-0.946952 3.537717
-0.947092 3.537834
-0.947091 3.537694
-0.947229 3.537671
-0.947368 3.537649
-0.947507 3.537626
-0.947646 3.537603
-0.947785 3.537580
-0.947924 3.537557
-0.948064 3.537721
-0.948062 3.537535
-0.948201 3.537512
-0.948340 3.537489
-0.948479 3.537466
-0.948618 3.537443
-0.948756 3.537421
-0.948895 3.537398
-0.949036 3.537608
-0.949034 3.537375
-0.949173 3.537352
-0.949312 3.537329
-0.949450 3.537307
-0.949589 3.537284
-0.949728 3.537261
-0.949867 3.537238
-0.950008 3.537495
-0.950006 3.537215
-0.950144 3.537193
-0.950283 3.537170
-0.950422 3.537147
-0.950561 3.537124
-0.950700 3.537101
-0.950838 3.537079
-0.950980 3.537382
-0.950977 3.537056
-0.951116 3.537033
-0.951255 3.537010
-0.951394 3.536987
-0.951533 3.536965
-0.951671 3.536942
-0.951810 3.536919
-0.951952 3.537269
-0.951949 3.536896
-0.952088 3.536873
-0.952227 3.536851
-0.952365 3.536828
-0.952504 3.536805
-0.952643 3.536782
-0.952782 3.536759
-0.952924 3.537156
-0.952921 3.536737
-0.953059 3.536714
-0.953198 3.536691
-0.953337 3.536668
-0.953476 3.536645
-0.953615 3.536623
-0.953753 3.536600
-0.953897 3.537043
-0.953892 3.536577
-0.954031 3.536554
-0.954170 3.536531
-0.954309 3.536509
-0.954447 3.536486
-0.954586 3.536463
-0.954725 3.536440
-0.954869 3.536930
-0.954864 3.536417
-0.955003 3.536395
-0.955142 3.536372
-0.955280 3.536349
-0.955419 3.536326
-0.955558 3.536303
-0.955841 3.536817
-0.955697 3.536280
-0.955836 3.536258
-0.955974 3.536235
-0.956113 3.536212
-0.956252 3.536189
-0.956391 3.536166
-0.956530 3.536144
-0.956813 3.536704
-0.956668 3.536121
-0.956807 3.536098
-0.956946 3.536075
-0.957085 3.536052
-0.957224 3.536030
-0.957362 3.536007
-0.957501 3.535984
-0.957785 3.536591
-0.957640 3.535961
-0.957779 3.535938
-0.957918 3.535916
-0.958056 3.535893
-0.958195 3.535870
-0.958334 3.535847
-0.958473 3.535824
-0.958757 3.536478
-0.958612 3.535802
-0.958751 3.535779
-0.958889 3.535756
-0.959028 3.535733
-0.959167 3.535710
-0.959306 3.535688
-0.959445 3.535665
-0.959729 3.536365
-0.959583 3.535642
-0.959722 3.535619
-0.959861 3.535596
-0.960000 3.535574
-0.960139 3.535551
-0.960277 3.535528
-0.960416 3.535505
-0.960701 3.536252
-0.960555 3.535482
-0.960694 3.535460
-0.960833 3.535437
-0.960971 3.535414
-0.961110 3.535391
-0.961249 3.535368
-0.961388 3.535346
-0.961673 3.536138
-0.961527 3.535323
-0.961665 3.535300
-0.961804 3.535277
-0.961943 3.535254
-0.962082 3.535232
-0.962221 3.535209
-0.962359 3.535186
-0.962645 3.536025
-0.962498 3.535163
-0.962637 3.535140
-0.962776 3.535118
-0.962915 3.535095
-0.963054 3.535072
-0.963192 3.535049
-0.963331 3.535026
-0.963617 3.535912
-0.963470 3.535003
-0.963609 3.534981
-0.963748 3.534958
-0.963886 3.534935
-0.964025 3.534912
-0.964164 3.534889
-0.964303 3.534867
-0.964589 3.535799
-0.964442 3.534844
-0.964580 3.534821
-0.964719 3.534798
-0.964858 3.534775
-0.964997 3.534753
-0.965136 3.534730
-0.965274 3.534707
-0.965562 3.535686
-0.965413 3.534684
-0.965552 3.534661
-0.965691 3.534639
-0.965830 3.534616
-0.965968 3.534593
-0.966107 3.534570
-0.966246 3.534547
-0.966534 3.535573
-0.966385 3.534525
-0.966524 3.534502
-0.966663 3.534479
-0.966801 3.534456
-0.966940 3.534433
-0.967079 3.534411
-0.967506 3.535460
-0.967218 3.534388
-0.967357 3.534365
-0.967495 3.534342
-0.967634 3.534319
-0.967773 3.534297
-0.967912 3.534274
-0.968051 3.534251
-0.968478 3.535347
-0.968189 3.534228
-0.968328 3.534205
-0.968467 3.534183
-0.968606 3.534160
-0.968745 3.534137
-0.968883 3.534114
-0.969022 3.534091
-0.969450 3.535234
-0.969161 3.534069
-0.969300 3.534046
-0.969439 3.534023
-0.969577 3.534000
-0.969716 3.533977
-0.969855 3.533955
-0.969994 3.533932
-0.970422 3.535121
-0.970133 3.533909
-0.970272 3.533886
-0.970410 3.533863
-0.970549 3.533841
-0.970688 3.533818
-0.970827 3.533795
-0.970966 3.533772
-0.971394 3.535008
-0.971104 3.533749
-0.971243 3.533726
-0.971382 3.533704
-0.971521 3.533681
-0.971660 3.533658
-0.971798 3.533635
-0.971937 3.533612
-0.972366 3.534895
-0.972076 3.533590
-0.972215 3.533567
-0.972354 3.533544
-0.972492 3.533521
-0.972631 3.533498
-0.972770 3.533476
-0.972909 3.533453
-0.973338 3.534782
-0.973048 3.533430
-0.973186 3.533407
-0.973325 3.533384
-0.973464 3.533362
-0.973603 3.533339
-0.973742 3.533316
-0.973881 3.533293
-0.974310 3.534669
-0.974019 3.533270
-0.974158 3.533248
-0.974297 3.533225
-0.974436 3.533202
-0.974575 3.533179
-0.974713 3.533156
-0.974852 3.533134
-0.975282 3.534556
-0.974991 3.533111
-0.975130 3.533088
-0.975269 3.533065
-0.975407 3.533042
-0.975546 3.533020
-0.975685 3.532997
-0.975824 3.532974
-0.976254 3.534443
-0.975963 3.532951
-0.976101 3.532928
-0.976240 3.532906
-0.976379 3.532883
-0.976518 3.532860
-0.976657 3.532837
-0.976795 3.532814
-0.977227 3.534330
-0.976934 3.532792
-0.977073 3.532769
-0.977212 3.532746
-0.977351 3.532723
-0.977490 3.532700
-0.977628 3.532678
-0.978199 3.534217
-0.977767 3.532655
-0.977906 3.532632
-0.978045 3.532609
-0.978184 3.532586
-0.978322 3.532564
-0.978461 3.532541
-0.978600 3.532518
-0.979171 3.534104
-0.978739 3.532495
-0.978878 3.532472
-0.979016 3.532450
-0.979155 3.532427
-0.979294 3.532404
-0.979433 3.532381
-0.979572 3.532358
-0.980143 3.533991
-0.979710 3.532335
-0.979849 3.532313
-0.979988 3.532290
-0.980127 3.532267
-0.980266 3.532244
-0.980404 3.532221
-0.980543 3.532199
-0.981115 3.533878
-0.980682 3.532176
-0.980821 3.532153
-0.980960 3.532130
-0.981099 3.532107
-0.981237 3.532085
-0.981376 3.532062
-0.981515 3.532039
-0.982087 3.533765
-0.981654 3.532016
-0.981793 3.531993
-0.981931 3.531971
-0.982070 3.531948
-0.982209 3.531925
-0.982348 3.531902
-0.982487 3.531879
-0.983059 3.533652
-0.982625 3.531857
-0.982764 3.531834
-0.982903 3.531811
-0.983042 3.531788
-0.983181 3.531765
-0.983319 3.531743
-0.983458 3.531720
-0.984031 3.533539
-0.983597 3.531697
-0.983736 3.531674
-0.983875 3.531651
-0.984013 3.531629
-0.984152 3.531606
-0.984291 3.531583
-0.984430 3.531560
-0.985003 3.533426
-0.984569 3.531537
-0.984708 3.531515
-0.984846 3.531492
-0.984985 3.531469
-0.985124 3.531446
-0.985263 3.531423
-0.985402 3.531401
-0.985975 3.533313
-0.985540 3.531378
-0.985679 3.531355
-0.985818 3.531332
-0.985957 3.531309
-0.986096 3.531287
-0.986234 3.531264
-0.986373 3.531241
-0.986947 3.533200
-0.986512 3.531218
-0.986651 3.531195
-0.986790 3.531173
-0.986928 3.531150
-0.987067 3.531127
-0.987206 3.531104
-0.987345 3.531081
-0.987919 3.533086
-0.987484 3.531058
-0.987622 3.531036
-0.987761 3.531013
-0.987900 3.530990
-0.988039 3.530967
-0.988178 3.530944
-0.988317 3.530922
-0.988892 3.532973
-0.988455 3.530899
-0.988594 3.530876
-0.988733 3.530853
-0.988872 3.530830
-0.989011 3.530808
-0.989149 3.530785
-0.989864 3.532860
-0.989288 3.530762
-0.989427 3.530739
-0.989566 3.530716
-0.989705 3.530694
-0.989843 3.530671
-0.989982 3.530648
-0.990121 3.530625
-0.990836 3.532747
-0.990260 3.530602
-0.990399 3.530580
-0.990537 3.530557
-0.990676 3.530534
-0.990815 3.530511
-0.990954 3.530488
-0.991093 3.530466
-0.991808 3.532634
-0.991231 3.530443
-0.991370 3.530420
-0.991509 3.530397
-0.991648 3.530374
-0.991787 3.530352
-0.991926 3.530329
-0.992064 3.530306
-0.992780 3.532521
-0.992203 3.530283
-0.992342 3.530260
-0.992481 3.530238
-0.992620 3.530215
-0.992758 3.530192
-0.992897 3.530169
-0.993036 3.530146
-0.993752 3.532408
-0.993175 3.530124
-0.993314 3.530101
-0.993452 3.530078
-0.993591 3.530055
-0.993730 3.530032
-0.993869 3.530010
-0.994008 3.529987
-0.994724 3.532295
-0.994146 3.529964
-0.994285 3.529941
-0.994424 3.529918
-0.994563 3.529896
-0.994702 3.529873
-0.994840 3.529850
-0.994979 3.529827
-0.995696 3.532182
-0.995118 3.529804
-0.995257 3.529781
-0.995396 3.529759
-0.995534 3.529736
-0.995673 3.529713
-0.995812 3.529690
-0.995951 3.529667
-0.995951 3.529667
-0.996668 3.532069
-0.996392 3.529621
-0.996392 3.529621
-0.996832 3.529575
-0.996832 3.529575
-0.996894 3.529558
-0.997640 3.531956
-0.997273 3.529529
-0.997273 3.529529
-0.997714 3.529483
-0.997714 3.529483
-0.997836 3.529449
-0.998612 3.531843
-0.998155 3.529437
-0.998155 3.529437
-0.998596 3.529391
-0.998596 3.529391
-0.998779 3.529340
-0.999584 3.531730
-0.999036 3.529345
-0.999036 3.529345
-0.999477 3.529299
-0.999477 3.529299
-0.999721 3.529231
-1.000557 3.531617
-0.999918 3.529253
-0.999918 3.529253
-1.000359 3.529207
-1.000359 3.529207
-1.000664 3.529122
-1.000799 3.529161
-1.000799 3.529161
-1.001529 3.531504
-1.001240 3.529115
-1.001240 3.529115
-1.001607 3.529013
-1.001681 3.529069
-1.001681 3.529069
-1.002501 3.531391
-1.002122 3.529023
-1.002122 3.529023
-1.002562 3.528977
-1.002562 3.528977
-1.002549 3.528904
-1.003473 3.531278
-1.003003 3.528931
-1.003003 3.528931
-1.003444 3.528885
-1.003444 3.528885
-1.003492 3.528795
-1.004445 3.531165
-1.003885 3.528838
-1.003885 3.528838
-1.004326 3.528792
-1.004326 3.528792
-1.004435 3.528686
-1.005417 3.531052
-1.004766 3.528746
-1.004766 3.528746
-1.005207 3.528700
-1.005207 3.528700
-1.005377 3.528577
-1.005648 3.528654
-1.005648 3.528654
-1.006389 3.530939
-1.006089 3.528608
-1.006089 3.528608
-1.006320 3.528468
-1.006529 3.528562
-1.006529 3.528562
-1.007361 3.530826
-1.006970 3.528516
-1.006970 3.528516
-1.007262 3.528359
-1.007411 3.528470
-1.007411 3.528470
-1.008333 3.530713
-1.007852 3.528424
-1.007852 3.528424
-1.008205 3.528250
-1.008292 3.528378
-1.008292 3.528378
-1.009305 3.530600
-1.008733 3.528332
-1.008733 3.528332
-1.009174 3.528286
-1.009174 3.528286
-1.009148 3.528141
-1.009615 3.528240
-1.009615 3.528240
-1.010277 3.530487
-1.010056 3.528194
-1.010056 3.528194
-1.010090 3.528032
-1.010496 3.528148
-1.010496 3.528148
-1.011249 3.530374
-1.010937 3.528102
-1.010937 3.528102
-1.011033 3.527923
-1.011378 3.528056
-1.011378 3.528056
-1.012222 3.530261
-1.011819 3.528009
-1.011819 3.528009
-1.011975 3.527814
-1.012259 3.527963
-1.012259 3.527963
-1.013194 3.530148
-1.012700 3.527917
-1.012700 3.527917
-1.012918 3.527705
-1.013141 3.527871
-1.013141 3.527871
-1.014166 3.530034
-1.013582 3.527825
-1.013582 3.527825
-1.013861 3.527596
-1.014022 3.527779
-1.014022 3.527779
-1.014463 3.527733
-1.014463 3.527733
-1.015138 3.529921
-1.014803 3.527487
-1.014904 3.527687
-1.014904 3.527687
-1.015345 3.527641
-1.015345 3.527641
-1.016110 3.529808
-1.015785 3.527595
-1.015785 3.527595
-1.015746 3.527378
-1.016226 3.527549
-1.016226 3.527549
-1.017082 3.529695
-1.016667 3.527503
-1.016667 3.527503
-1.016689 3.527269
-1.017108 3.527457
-1.017108 3.527457
-1.018054 3.529582
-1.017549 3.527411
-1.017549 3.527411
-1.017631 3.527160
-1.017989 3.527365
-1.017989 3.527365
-1.019026 3.529469
-1.018430 3.527319
-1.018430 3.527319
-1.018574 3.527051
-1.018871 3.527273
-1.018871 3.527273
-1.019312 3.527227
-1.019312 3.527227
-1.019998 3.529356
-1.019516 3.526942
-1.019752 3.527180
-1.019752 3.527180
-1.020193 3.527134
-1.020193 3.527134
-1.020970 3.529243
-1.020459 3.526833
-1.020634 3.527088
-1.020634 3.527088
-1.021075 3.527042
-1.021075 3.527042
-1.021942 3.529130
-1.021402 3.526724
-1.021515 3.526996
-1.021515 3.526996
-1.021956 3.526950
-1.021956 3.526950
-1.022914 3.529017
-1.022397 3.526904
-1.022397 3.526904
-1.022344 3.526615
-1.022838 3.526858
-1.022838 3.526858
-1.023279 3.526812
-1.023279 3.526812
-1.023887 3.528904
-1.023287 3.526506
-1.023719 3.526766
-1.023719 3.526766
-1.024160 3.526720
-1.024160 3.526720
-1.024859 3.528791
-1.024230 3.526397
-1.024601 3.526674
-1.024601 3.526674
-1.025042 3.526628
-1.025042 3.526628
-1.025831 3.528678
-1.025172 3.526288
-1.025482 3.526582
-1.025482 3.526582
-1.025923 3.526536
-1.025923 3.526536
-1.026803 3.528565
-1.026115 3.526179
-1.026364 3.526490
-1.026364 3.526490
-1.026805 3.526444
-1.026805 3.526444
-1.027057 3.526070
-1.027775 3.528452
-1.027245 3.526398
-1.027245 3.526398
-1.027686 3.526352
-1.027686 3.526352
-1.028000 3.525961
-1.028127 3.526305
-1.028127 3.526305
-1.028747 3.528339
-1.028568 3.526259
-1.028568 3.526259
-1.029009 3.526213
-1.029009 3.526213
-1.028943 3.525852
-1.029719 3.528226
-1.029449 3.526167
-1.029449 3.526167
-1.029890 3.526121
-1.029890 3.526121
-1.029885 3.525743
-1.030691 3.528113
-1.030331 3.526075
-1.030331 3.526075
-1.030772 3.526029
-1.030772 3.526029
-1.030828 3.525634
-1.031663 3.528000
-1.031212 3.525983
-1.031212 3.525983
-1.031653 3.525937
-1.031653 3.525937
-1.031771 3.525525
-1.032635 3.527887
-1.032094 3.525891
-1.032094 3.525891
-1.032535 3.525845
-1.032535 3.525845
-1.032713 3.525416
-1.032975 3.525799
-1.032975 3.525799
-1.033607 3.527774
-1.033416 3.525753
-1.033416 3.525753
-1.033656 3.525307
-1.033857 3.525707
-1.033857 3.525707
-1.034579 3.527661
-1.034298 3.525661
-1.034298 3.525661
-1.034598 3.525198
-1.034739 3.525615
-1.034739 3.525615
-1.035552 3.527548
-1.035179 3.525569
-1.035179 3.525569
-1.035620 3.525523
-1.035620 3.525523
-1.035541 3.525089
-1.036524 3.527435
-1.036061 3.525476
-1.036061 3.525476
-1.036502 3.525430
-1.036502 3.525430
-1.036484 3.524980
-1.037496 3.527322
-1.036942 3.525384
-1.036942 3.525384
-1.037383 3.525338
-1.037383 3.525338
-1.037426 3.524871
-1.037824 3.525292
-1.037824 3.525292
-1.038468 3.527209
-1.038265 3.525246
-1.038265 3.525246
-1.038369 3.524762
-1.038705 3.525200
-1.038705 3.525200
-1.039440 3.527096
-1.039146 3.525154
-1.039146 3.525154
-1.039312 3.524653
-1.039587 3.525108
-1.039587 3.525108
-1.040412 3.526982
-1.040028 3.525062
-1.040028 3.525062
-1.040254 3.524544
-1.040469 3.525016
-1.040469 3.525016
-1.041384 3.526869
-1.040909 3.524970
-1.040909 3.524970
-1.041197 3.524435
-1.041350 3.524924
-1.041350 3.524924
-1.041791 3.524878
-1.041791 3.524878
-1.042356 3.526756
-1.042232 3.524832
-1.042232 3.524832
-1.042139 3.524326
-1.042672 3.524786
-1.042672 3.524786
-1.043328 3.526643
-1.043113 3.524740
-1.043113 3.524740
-1.043082 3.524217
-1.043554 3.524694
-1.043554 3.524694
-1.044300 3.526530
-1.043995 3.524647
-1.043995 3.524647
-1.044025 3.524108
-1.044435 3.524601
-1.044435 3.524601
-1.045272 3.526417
-1.044876 3.524555
-1.044876 3.524555
-1.044967 3.523999
-1.045317 3.524509
-1.045317 3.524509
-1.046244 3.526304
-1.045758 3.524463
-1.045758 3.524463
-1.045910 3.523890
-1.046199 3.524417
-1.046199 3.524417
-1.046639 3.524371
-1.046639 3.524371
-1.047217 3.526191
-1.046852 3.523781
-1.047080 3.524325
-1.047080 3.524325
-1.047521 3.524279
-1.047521 3.524279
-1.048189 3.526078
-1.047962 3.524233
-1.047962 3.524233
-1.047795 3.523672
-1.048402 3.524187
-1.048402 3.524187
-1.049161 3.525965
-1.048843 3.524141
-1.048843 3.524141
-1.048738 3.523563
-1.049284 3.524095
-1.049284 3.524095
-1.050133 3.525852
-1.049725 3.524049
-1.049725 3.524049
-1.049680 3.523454
-1.050165 3.524003
-1.050165 3.524003
-1.051105 3.525739
-1.050606 3.523957
-1.050606 3.523957
-1.050623 3.523344
-1.051047 3.523911
-1.051047 3.523911
-1.051488 3.523865
-1.051488 3.523865
-1.052077 3.525626
-1.051566 3.523235
-1.051929 3.523818
-1.051929 3.523818
-1.052369 3.523772
-1.052369 3.523772
-1.053049 3.525513
-1.052508 3.523126
-1.052810 3.523726
-1.052810 3.523726
-1.053251 3.523680
-1.053251 3.523680
-1.054021 3.525400
-1.053451 3.523017
-1.053692 3.523634
-1.053692 3.523634
-1.054132 3.523588
-1.054132 3.523588
-1.054993 3.525287
-1.054573 3.523542
-1.054573 3.523542
-1.054393 3.522908
-1.055014 3.523496
-1.055014 3.523496
-1.055965 3.525174
-1.055455 3.523450
-1.055455 3.523450
-1.055336 3.522799
-1.055895 3.523404
-1.055895 3.523404
-1.056336 3.523358
-1.056336 3.523358
-1.056937 3.525061
-1.056279 3.522690
-1.056777 3.523312
-1.056777 3.523312
-1.057218 3.523266
-1.057218 3.523266
-1.057909 3.524948
-1.057221 3.522581
-1.057658 3.523220
-1.057658 3.523220
-1.058099 3.523174
-1.058099 3.523174
-1.058164 3.522472
-1.058882 3.524835
-1.058540 3.523128
-1.058540 3.523128
-1.058981 3.523082
-1.058981 3.523082
-1.059107 3.522363
-1.059854 3.524722
-1.059422 3.523036
-1.059422 3.523036
-1.059862 3.522989
-1.059862 3.522989
-1.060049 3.522254
-1.060303 3.522943
-1.060303 3.522943
-1.060826 3.524609
-1.060744 3.522897
-1.060744 3.522897
-1.061185 3.522851
-1.061185 3.522851
-1.060992 3.522145
-1.061798 3.524496
-1.061625 3.522805
-1.061625 3.522805
-1.062066 3.522759
-1.062066 3.522759
-1.061934 3.522036
-1.062770 3.524383
-1.062507 3.522713
-1.062507 3.522713
-1.062948 3.522667
-1.062948 3.522667
-1.062877 3.521927
-1.063742 3.524270
-1.063388 3.522621
-1.063388 3.522621
-1.063829 3.522575
-1.063829 3.522575
-1.063820 3.521818
-1.064714 3.524157
-1.064270 3.522529
-1.064270 3.522529
-1.064711 3.522483
-1.064711 3.522483
-1.064762 3.521709
-1.065152 3.522437
-1.065152 3.522437
-1.065686 3.524043
-1.065592 3.522391
-1.065592 3.522391
-1.065705 3.521600
-1.066033 3.522345
-1.066033 3.522345
-1.066658 3.523930
-1.066474 3.522299
-1.066474 3.522299
-1.066648 3.521491
-1.066915 3.522253
-1.066915 3.522253
-1.067630 3.523817
-1.067355 3.522207
-1.067355 3.522207
-1.067796 3.522160
-1.067796 3.522160
-1.067590 3.521382
-1.068602 3.523704
-1.068237 3.522114
-1.068237 3.522114
-1.068678 3.522068
-1.068678 3.522068
-1.068533 3.521273
-1.069574 3.523591
-1.069118 3.522022
-1.069118 3.522022
-1.069559 3.521976
-1.069559 3.521976
-1.069475 3.521164
-1.070000 3.521930
-1.070000 3.521930
-1.070547 3.523478
-1.070441 3.521884
-1.070441 3.521884
-1.070418 3.521055
-1.070882 3.521838
-1.070882 3.521838
-1.071519 3.523365
-1.071322 3.521792
-1.071322 3.521792
-1.071361 3.520946
-1.071763 3.521746
-1.071763 3.521746
-1.072491 3.523252
-1.072204 3.521700
-1.072204 3.521700
-1.072303 3.520837
-1.072645 3.521654
-1.072645 3.521654
-1.073463 3.523139
-1.073085 3.521608
-1.073085 3.521608
-1.073246 3.520728
-1.073526 3.521562
-1.073526 3.521562
-1.073967 3.521516
-1.073967 3.521516
-1.074435 3.523026
-1.074408 3.521470
-1.074408 3.521470
-1.074188 3.520619
-1.074848 3.521424
-1.074848 3.521424
-1.075407 3.522913
-1.075289 3.521378
-1.075289 3.521378
-1.075131 3.520510
-1.075730 3.521331
-1.075730 3.521331
-1.076379 3.522800
-1.076171 3.521285
-1.076171 3.521285
-1.076074 3.520401
-1.076612 3.521239
-1.076612 3.521239
-1.077351 3.522687
-1.077052 3.521193
-1.077052 3.521193
-1.077016 3.520292
-1.077493 3.521147
-1.077493 3.521147
-1.078323 3.522574
-1.077934 3.521101
-1.077934 3.521101
-1.077959 3.520183
-1.078375 3.521055
-1.078375 3.521055
-1.078815 3.521009
-1.078815 3.521009
-1.079295 3.522461
-1.078902 3.520074
-1.079256 3.520963
-1.079256 3.520963
-1.079697 3.520917
-1.079697 3.520917
-1.080267 3.522348
-1.079844 3.519965
-1.080138 3.520871
-1.080138 3.520871
-1.080578 3.520825
-1.080578 3.520825
-1.081239 3.522235
-1.081019 3.520779
-1.081019 3.520779
-1.080787 3.519856
-1.081460 3.520733
-1.081460 3.520733
-1.082212 3.522122
-1.081901 3.520687
-1.081901 3.520687
-1.081729 3.519747
-1.082342 3.520641
-1.082342 3.520641
-1.083184 3.522009
-1.082782 3.520595
-1.082782 3.520595
-1.082672 3.519638
-1.083223 3.520549
-1.083223 3.520549
-1.083664 3.520502
-1.083664 3.520502
-1.084156 3.521896
-1.083615 3.519529
-1.084105 3.520456
-1.084105 3.520456
-1.084545 3.520410
-1.084545 3.520410
-1.085128 3.521783
-1.084557 3.519420
-1.084986 3.520364
-1.084986 3.520364
-1.085427 3.520318
-1.085427 3.520318
-1.086100 3.521670
-1.085500 3.519311
-1.085868 3.520272
-1.085868 3.520272
-1.086308 3.520226
-1.086308 3.520226
-1.087072 3.521557
-1.086443 3.519202
-1.086749 3.520180
-1.086749 3.520180
-1.087190 3.520134
-1.087190 3.520134
-1.088044 3.521444
-1.087631 3.520088
-1.087631 3.520088
-1.087385 3.519093
-1.088072 3.520042
-1.088072 3.520042
-1.088512 3.519996
-1.088512 3.519996
-1.089016 3.521331
-1.088328 3.518984
-1.088953 3.519950
-1.088953 3.519950
-1.089394 3.519904
-1.089394 3.519904
-1.089988 3.521218
-1.089270 3.518875
-1.089835 3.519858
-1.089835 3.519858
-1.090275 3.519812
-1.090275 3.519812
-1.090213 3.518766
-1.090960 3.521105
-1.090716 3.519766
-1.090716 3.519766
-1.091157 3.519720
-1.091157 3.519720
-1.091156 3.518657
-1.091932 3.520991
-1.091598 3.519673
-1.091598 3.519673
-1.092038 3.519627
-1.092038 3.519627
-1.092098 3.518548
-1.092479 3.519581
-1.092479 3.519581
-1.092904 3.520878
-1.092920 3.519535
-1.092920 3.519535
-1.093361 3.519489
-1.093361 3.519489
-1.093041 3.518439
-1.093877 3.520765
-1.093801 3.519443
-1.093801 3.519443
-1.094242 3.519397
-1.094242 3.519397
-1.093984 3.518330
-1.094849 3.520652
-1.094683 3.519351
-1.094683 3.519351
-1.095124 3.519305
-1.095124 3.519305
-1.094926 3.518221
-1.095821 3.520539
-1.095565 3.519259
-1.095565 3.519259
-1.096005 3.519213
-1.096005 3.519213
-1.095869 3.518112
-1.096793 3.520426
-1.096446 3.519167
-1.096446 3.519167
-1.096887 3.519121
-1.096887 3.519121
-1.096811 3.518003
-1.097328 3.519075
-1.097328 3.519075
-1.097765 3.520313
-1.097768 3.519029
-1.097768 3.519029
-1.097754 3.517894
-1.098209 3.518983
-1.098209 3.518983
-1.098737 3.520200
-1.098650 3.518937
-1.098650 3.518937
-1.098697 3.517785
-1.099091 3.518891
-1.099091 3.518891
-1.099709 3.520087
-1.099531 3.518845
-1.099531 3.518845
-1.099972 3.518798
-1.099972 3.518798
-1.099639 3.517676
-1.100681 3.519974
-1.100413 3.518752
-1.100413 3.518752
-1.100854 3.518706
-1.100854 3.518706
-1.100582 3.517567
-1.101653 3.519861
-1.101295 3.518660
-1.101295 3.518660
-1.101735 3.518614
-1.101735 3.518614
-1.101525 3.517458
-1.102176 3.518568
-1.102176 3.518568
-1.102625 3.519748
-1.102617 3.518522
-1.102617 3.518522
-1.102467 3.517349
-1.103058 3.518476
-1.103058 3.518476
-1.103597 3.519635
-1.103498 3.518430
-1.103498 3.518430
-1.103410 3.517240
-1.103939 3.518384
-1.103939 3.518384
-1.104569 3.519522
-1.104380 3.518338
-1.104380 3.518338
-1.104352 3.517131
-1.104821 3.518292
-1.104821 3.518292
-1.105542 3.519409
-1.105261 3.518246
-1.105261 3.518246
-1.105295 3.517021
-1.105702 3.518200
-1.105702 3.518200
-1.106143 3.518154
-1.106143 3.518154
-1.106514 3.519296
-1.106584 3.518108
-1.106584 3.518108
-1.106238 3.516912
-1.107025 3.518062
-1.107025 3.518062
-1.107486 3.519183
-1.107465 3.518016
-1.107465 3.518016
-1.107180 3.516803
-1.107906 3.517969
-1.107906 3.517969
-1.108458 3.519070
-1.108347 3.517923
-1.108347 3.517923
-1.108123 3.516694
-1.108788 3.517877
-1.108788 3.517877
-1.109430 3.518957
-1.109228 3.517831
-1.109228 3.517831
-1.109065 3.516585
-1.109669 3.517785
-1.109669 3.517785
-1.110402 3.518844
-1.110110 3.517739
-1.110110 3.517739
-1.110008 3.516476
-1.110551 3.517693
-1.110551 3.517693
-1.110991 3.517647
-1.110991 3.517647
-1.111374 3.518731
-1.110951 3.516367
-1.111432 3.517601
-1.111432 3.517601
-1.111873 3.517555
-1.111873 3.517555
-1.112346 3.518618
-1.111893 3.516258
-1.112314 3.517509
-1.112314 3.517509
-1.112755 3.517463
-1.112755 3.517463
-1.113318 3.518505
-1.113195 3.517417
-1.113195 3.517417
-1.112836 3.516149
-1.113636 3.517371
-1.113636 3.517371
-1.114290 3.518392
-1.114077 3.517325
-1.114077 3.517325
-1.113779 3.516040
-1.114518 3.517279
-1.114518 3.517279
-1.115262 3.518279
-1.114958 3.517233
-1.114958 3.517233
-1.114721 3.515931
-1.115399 3.517187
-1.115399 3.517187
-1.115840 3.517140
-1.115840 3.517140
-1.116234 3.518166
-1.115664 3.515822
-1.116281 3.517094
-1.116281 3.517094
-1.116721 3.517048
-1.116721 3.517048
-1.117207 3.518053
-1.116606 3.515713
-1.117162 3.517002
-1.117162 3.517002
-1.117603 3.516956
-1.117603 3.516956
-1.118179 3.517939
-1.117549 3.515604
-1.118044 3.516910
-1.118044 3.516910
-1.118485 3.516864
-1.118485 3.516864
-1.119151 3.517826
-1.118492 3.515495
-1.118925 3.516818
-1.118925 3.516818
-1.119366 3.516772
-1.119366 3.516772
-1.119807 3.516726
-1.119807 3.516726
-1.120123 3.517713
-1.119434 3.515386
-1.120248 3.516680
-1.120248 3.516680
-1.120688 3.516634
-1.120688 3.516634
-1.121095 3.517600
-1.120377 3.515277
-1.121129 3.516588
-1.121129 3.516588
-1.121570 3.516542
-1.121570 3.516542
-1.121320 3.515168
-1.122067 3.517487
-1.122011 3.516496
-1.122011 3.516496
-1.122451 3.516450
-1.122451 3.516450
-1.122262 3.515059
-1.123039 3.517374
-1.122892 3.516404
-1.122892 3.516404
-1.123333 3.516358
-1.123333 3.516358
-1.123205 3.514950
-1.124011 3.517261
-1.123774 3.516311
-1.123774 3.516311
-1.124215 3.516265
-1.124215 3.516265
-1.124147 3.514841
-1.124655 3.516219
-1.124655 3.516219
-1.124983 3.517148
-1.125096 3.516173
-1.125096 3.516173
-1.125090 3.514732
-1.125537 3.516127
-1.125537 3.516127
-1.125955 3.517035
-1.125978 3.516081
-1.125978 3.516081
-1.126418 3.516035
-1.126418 3.516035
-1.126033 3.514623
-1.126927 3.516922
-1.126859 3.515989
-1.126859 3.515989
-1.127300 3.515943
-1.127300 3.515943
-1.126975 3.514514
-1.127899 3.516809
-1.127741 3.515897
-1.127741 3.515897
-1.128181 3.515851
-1.128181 3.515851
-1.127918 3.514405
-1.128872 3.516696
-1.128622 3.515805
-1.128622 3.515805
-1.129063 3.515759
-1.129063 3.515759
-1.128861 3.514296
-1.129504 3.515713
-1.129504 3.515713
-1.129844 3.516583
-1.129944 3.515667
-1.129944 3.515667
-1.129803 3.514187
-1.130385 3.515621
-1.130385 3.515621
-1.130816 3.516470
-1.130826 3.515575
-1.130826 3.515575
-1.130746 3.514078
-1.131267 3.515529
-1.131267 3.515529
-1.131788 3.516357
-1.131708 3.515482
-1.131708 3.515482
-1.132148 3.515436
-1.132148 3.515436
-1.131688 3.513969
-1.132760 3.516244
-1.132589 3.515390
-1.132589 3.515390
-1.133030 3.515344
-1.133030 3.515344
-1.132631 3.513860
-1.133732 3.516131
-1.133471 3.515298
-1.133471 3.515298
-1.133911 3.515252
-1.133911 3.515252
-1.133574 3.513751
-1.134352 3.515206
-1.134352 3.515206
-1.134704 3.516018
-1.134793 3.515160
-1.134793 3.515160
-1.134516 3.513642
-1.135234 3.515114
-1.135234 3.515114
-1.135676 3.515905
-1.135674 3.515068
-1.135674 3.515068
-1.135459 3.513533
-1.136115 3.515022
-1.136115 3.515022
-1.136648 3.515792
-1.136556 3.514976
-1.136556 3.514976
-1.136402 3.513424
-1.136997 3.514930
-1.136997 3.514930
-1.137620 3.515679
-1.137438 3.514884
-1.137438 3.514884
-1.137344 3.513315
-1.137878 3.514838
-1.137878 3.514838
-1.138319 3.514792
-1.138319 3.514792
-1.138592 3.515566
-1.138760 3.514746
-1.138760 3.514746
-1.138287 3.513206
-1.139201 3.514700
-1.139201 3.514700
-1.139564 3.515453
-1.139641 3.514653
-1.139641 3.514653
-1.139229 3.513097
-1.140082 3.514607
-1.140082 3.514607
-1.140537 3.515340
-1.140523 3.514561
-1.140523 3.514561
-1.140172 3.512988
-1.140964 3.514515
-1.140964 3.514515
-1.141509 3.515227
-1.141404 3.514469
-1.141404 3.514469
-1.141115 3.512879
-1.141845 3.514423
-1.141845 3.514423
-1.142481 3.515114
-1.142286 3.514377
-1.142286 3.514377
-1.142057 3.512770
-1.142727 3.514331
-1.142727 3.514331
-1.143168 3.514285
-1.143168 3.514285
-1.143453 3.515001
-1.143000 3.512661
-1.143608 3.514239
-1.143608 3.514239
-1.144049 3.514193
-1.144049 3.514193
-1.144425 3.514887
-1.143942 3.512552
-1.144490 3.514147
-1.144490 3.514147
-1.144931 3.514101
-1.144931 3.514101
-1.145397 3.514774
-1.145371 3.514055
-1.145371 3.514055
-1.144885 3.512443
-1.145812 3.514009
-1.145812 3.514009
-1.146369 3.514661
-1.146253 3.513963
-1.146253 3.513963
-1.145828 3.512334
-1.146694 3.513917
-1.146694 3.513917
-1.147341 3.514548
-1.147134 3.513871
-1.147134 3.513871
-1.146770 3.512225
-1.147575 3.513824
-1.147575 3.513824
-1.148016 3.513778
-1.148016 3.513778
-1.148313 3.514435
-1.147713 3.512116
-1.148457 3.513732
-1.148457 3.513732
-1.148898 3.513686
-1.148898 3.513686
-1.149285 3.514322
-1.148656 3.512007
-1.149338 3.513640
-1.149338 3.513640
-1.149779 3.513594
-1.149779 3.513594
-1.150257 3.514209
-1.149598 3.511898
-1.150220 3.513548
-1.150220 3.513548
-1.150661 3.513502
-1.150661 3.513502
-1.151229 3.514096
-1.150541 3.511789
-1.151101 3.513456
-1.151101 3.513456
-1.151542 3.513410
-1.151542 3.513410
-1.151983 3.513364
-1.151983 3.513364
-1.152202 3.513983
-1.151483 3.511680
-1.152424 3.513318
-1.152424 3.513318
-1.152864 3.513272
-1.152864 3.513272
-1.153174 3.513870
-1.152426 3.511571
-1.153305 3.513226
-1.153305 3.513226
-1.153746 3.513180
-1.153746 3.513180
-1.153369 3.511462
-1.154146 3.513757
-1.154187 3.513134
-1.154187 3.513134
-1.154628 3.513088
-1.154628 3.513088
-1.154311 3.511353
-1.155118 3.513644
-1.155068 3.513042
-1.155068 3.513042
-1.155509 3.512995
-1.155509 3.512995
-1.155254 3.511244
-1.156090 3.513531
-1.155950 3.512949
-1.155950 3.512949
-1.156391 3.512903
-1.156391 3.512903
-1.156197 3.511135
-1.156831 3.512857
-1.156831 3.512857
-1.157062 3.513418
-1.157272 3.512811
-1.157272 3.512811
-1.157139 3.511026
-1.157713 3.512765
-1.157713 3.512765
-1.158034 3.513305
-1.158154 3.512719
-1.158154 3.512719
-1.158594 3.512673
-1.158594 3.512673
-1.158082 3.510917
-1.159006 3.513192
-1.159035 3.512627
-1.159035 3.512627
-1.159476 3.512581
-1.159476 3.512581
-1.159024 3.510808
-1.159978 3.513079
-1.159917 3.512535
-1.159917 3.512535
-1.160358 3.512489
-1.160358 3.512489
-1.159967 3.510698
-1.160950 3.512966
-1.160798 3.512443
-1.160798 3.512443
-1.161239 3.512397
-1.161239 3.512397
-1.160910 3.510589
-1.161680 3.512351
-1.161680 3.512351
-1.161922 3.512853
-1.162121 3.512305
-1.162121 3.512305
-1.161852 3.510480
-1.162561 3.512259
-1.162561 3.512259
-1.162894 3.512740
-1.163002 3.512213
-1.163002 3.512213
-1.162795 3.510371
-1.163443 3.512166
-1.163443 3.512166
-1.163867 3.512627
-1.163884 3.512120
-1.163884 3.512120
-1.164324 3.512074
-1.164324 3.512074
-1.163738 3.510262
-1.164839 3.512514
-1.164765 3.512028
-1.164765 3.512028
-1.165206 3.511982
-1.165206 3.511982
-1.164680 3.510153
-1.165647 3.511936
-1.165647 3.511936
-1.165811 3.512401
-1.166088 3.511890
-1.166088 3.511890
-1.165623 3.510044
-1.166528 3.511844
-1.166528 3.511844
-1.166783 3.512288
-1.166969 3.511798
-1.166969 3.511798
-1.166565 3.509935
-1.167410 3.511752
-1.167410 3.511752
-1.167755 3.512175
-1.167851 3.511706
-1.167851 3.511706
-1.167508 3.509826
-1.168291 3.511660
-1.168291 3.511660
-1.168727 3.512062
-1.168732 3.511614
-1.168732 3.511614
-1.168451 3.509717
-1.169173 3.511568
-1.169173 3.511568
-1.169699 3.511949
-1.169614 3.511522
-1.169614 3.511522
-1.169393 3.509608
-1.170054 3.511476
-1.170054 3.511476
-1.170495 3.511430
-1.170495 3.511430
-1.170671 3.511835
-1.170936 3.511384
-1.170936 3.511384
-1.170336 3.509499
-1.171377 3.511337
-1.171377 3.511337
-1.171643 3.511722
-1.171817 3.511291
-1.171817 3.511291
-1.171279 3.509390
-1.172258 3.511245
-1.172258 3.511245
-1.172615 3.511609
-1.172699 3.511199
-1.172699 3.511199
-1.172221 3.509281
-1.173140 3.511153
-1.173140 3.511153
-1.173587 3.511496
-1.173581 3.511107
-1.173581 3.511107
-1.173164 3.509172
-1.174021 3.511061
-1.174021 3.511061
-1.174559 3.511383
-1.174462 3.511015
-1.174462 3.511015
-1.174106 3.509063
-1.174903 3.510969
-1.174903 3.510969
-1.175344 3.510923
-1.175344 3.510923
-1.175532 3.511270
-1.175049 3.508954
-1.175784 3.510877
-1.175784 3.510877
-1.176225 3.510831
-1.176225 3.510831
-1.176504 3.511157
-1.175992 3.508845
-1.176666 3.510785
-1.176666 3.510785
-1.177107 3.510739
-1.177107 3.510739
-1.177476 3.511044
-1.177547 3.510693
-1.177547 3.510693
-1.176934 3.508736
-1.177988 3.510647
-1.177988 3.510647
-1.178448 3.510931
-1.178429 3.510601
-1.178429 3.510601
-1.177877 3.508627
-1.178870 3.510555
-1.178870 3.510555
-1.179311 3.510509
-1.179311 3.510509
-1.179420 3.510818
-1.178819 3.508518
-1.179751 3.510462
-1.179751 3.510462
-1.180192 3.510416
-1.180192 3.510416
-1.180392 3.510705
-1.179762 3.508409
-1.180633 3.510370
-1.180633 3.510370
-1.181074 3.510324
-1.181074 3.510324
-1.181364 3.510592
-1.180705 3.508300
-1.181514 3.510278
-1.181514 3.510278
-1.181955 3.510232
-1.181955 3.510232
-1.182336 3.510479
-1.181647 3.508191
-1.182396 3.510186
-1.182396 3.510186
-1.182837 3.510140
-1.182837 3.510140
-1.183308 3.510366
-1.182590 3.508082
-1.183277 3.510094
-1.183277 3.510094
-1.183718 3.510048
-1.183718 3.510048
-1.184159 3.510002
-1.184159 3.510002
-1.184280 3.510253
-1.183533 3.507973
-1.184600 3.509956
-1.184600 3.509956
-1.185041 3.509910
-1.185041 3.509910
-1.184475 3.507864
-1.185252 3.510140
-1.185481 3.509864
-1.185481 3.509864
-1.185922 3.509818
-1.185922 3.509818
-1.185418 3.507755
-1.186224 3.510027
-1.186363 3.509772
-1.186363 3.509772
-1.186804 3.509726
-1.186804 3.509726
-1.186360 3.507646
-1.187197 3.509914
-1.187244 3.509680
-1.187244 3.509680
-1.187685 3.509633
-1.187685 3.509633
-1.187303 3.507537
-1.188169 3.509801
-1.188126 3.509587
-1.188126 3.509587
-1.188567 3.509541
-1.188567 3.509541
-1.188246 3.507428
-1.189007 3.509495
-1.189007 3.509495
-1.189141 3.509688
-1.189448 3.509449
-1.189448 3.509449
-1.189889 3.509403
-1.189889 3.509403
-1.189188 3.507319
-1.190113 3.509575
-1.190330 3.509357
-1.190330 3.509357
-1.190771 3.509311
-1.190771 3.509311
-1.190131 3.507210
-1.191085 3.509462
-1.191211 3.509265
-1.191211 3.509265
-1.191652 3.509219
-1.191652 3.509219
-1.191074 3.507101
-1.192057 3.509349
-1.192093 3.509173
-1.192093 3.509173
-1.192534 3.509127
-1.192534 3.509127
-1.192016 3.506992
-1.192974 3.509081
-1.192974 3.509081
-1.193029 3.509236
-1.193415 3.509035
-1.193415 3.509035
-1.192959 3.506883
-1.193856 3.508989
-1.193856 3.508989
-1.194001 3.509123
-1.194297 3.508943
-1.194297 3.508943
-1.193901 3.506774
-1.194737 3.508897
-1.194737 3.508897
-1.194973 3.509010
-1.195178 3.508851
-1.195178 3.508851
-1.194844 3.506665
-1.195619 3.508804
-1.195619 3.508804
-1.195945 3.508896
-1.196060 3.508758
-1.196060 3.508758
-1.196501 3.508712
-1.196501 3.508712
-1.195787 3.506556
-1.196917 3.508783
-1.196941 3.508666
-1.196941 3.508666
-1.197382 3.508620
-1.197382 3.508620
-1.196729 3.506447
-1.197823 3.508574
-1.197823 3.508574
-1.197889 3.508670
-1.198264 3.508528
-1.198264 3.508528
-1.197672 3.506338
-1.198704 3.508482
-1.198704 3.508482
-1.198862 3.508557
-1.199145 3.508436
-1.199145 3.508436
-1.198615 3.506229
-1.199586 3.508390
-1.199586 3.508390
-1.199834 3.508444
-1.200027 3.508344
-1.200027 3.508344
-1.199557 3.506120
-1.200467 3.508298
-1.200467 3.508298
-1.200806 3.508331
-1.200908 3.508252
-1.200908 3.508252
-1.200500 3.506011
-1.201349 3.508206
-1.201349 3.508206
-1.201778 3.508218
-1.201790 3.508160
-1.201790 3.508160
-1.201442 3.505902
-1.202231 3.508114
-1.202231 3.508114
-1.202671 3.508068
-1.202671 3.508068
-1.202750 3.508105
-1.203112 3.508022
-1.203112 3.508022
-1.202385 3.505793
-1.203553 3.507975
-1.203553 3.507975
-1.203722 3.507992
-1.203994 3.507929
-1.203994 3.507929
-1.203328 3.505684
-1.204434 3.507883
-1.204434 3.507883
-1.204694 3.507879
-1.204875 3.507837
-1.204875 3.507837
-1.204270 3.505575
-1.205316 3.507791
-1.205316 3.507791
-1.205666 3.507766
-1.205757 3.507745
-1.205757 3.507745
-1.205213 3.505466