-1.460043 3.449278
-1.460122 3.449266
-1.460373 3.449180
-1.460624 3.449094
-1.460875 3.449008
-1.460969 3.448945
-1.461127 3.448922
-1.461378 3.448836
-1.461629 3.448750
-1.461881 3.448664
-1.461896 3.448613
-1.462132 3.448578
-1.462383 3.448492
-1.462635 3.448406
-1.462822 3.448280
-1.462886 3.448320
-1.463137 3.448234
-1.463388 3.448148
-1.463640 3.448062
-1.463748 3.447947
-1.463891 3.447976
-1.464142 3.447890
-1.464394 3.447804
-1.464645 3.447718
-1.464675 3.447614
-1.464896 3.447632
-1.465148 3.447546
-1.465399 3.447460
-1.465601 3.447282
-1.465650 3.447374
-1.465901 3.447288
-1.466153 3.447202
-1.466404 3.447116
-1.466528 3.446949
-1.466655 3.447030
-1.466907 3.446944
-1.467158 3.446858
-1.467409 3.446772
-1.467454 3.446616
-1.467661 3.446686
-1.467912 3.446600
-1.468163 3.446514
-1.468415 3.446428
-1.468380 3.446284
-1.468666 3.446342
-1.468917 3.446255
-1.469168 3.446169
-1.469307 3.445951
-1.469420 3.446083
-1.469671 3.445997
-1.469922 3.445911
-1.470174 3.445825
-1.470233 3.445618
-1.470425 3.445739
-1.470676 3.445653
-1.470928 3.445567
-1.471179 3.445481
-1.471160 3.445286
-1.471430 3.445395
-1.471681 3.445309
-1.471933 3.445223
-1.472086 3.444953
-1.472184 3.445137
-1.472435 3.445051
-1.472687 3.444965
-1.472938 3.444879
-1.473013 3.444620
-1.473189 3.444793
-1.473441 3.444707
-1.473692 3.444621
-1.473943 3.444535
-1.473939 3.444288
-1.474194 3.444449
-1.474446 3.444363
-1.474697 3.444277
-1.474948 3.444191
-1.474865 3.443955
-1.475200 3.444105
-1.475451 3.444019
-1.475702 3.443933
-1.475792 3.443622
-1.475954 3.443847
-1.476205 3.443761
-1.476456 3.443675
-1.476707 3.443589
-1.476718 3.443290
-1.476959 3.443503
-1.477210 3.443417
-1.477461 3.443331
-1.477713 3.443245
-1.477645 3.442957
-1.477964 3.443158
-1.478215 3.443072
-1.478467 3.442986
-1.478571 3.442624
-1.478718 3.442900
-1.478969 3.442814
-1.479221 3.442728
-1.479472 3.442642
-1.479497 3.442291
-1.479723 3.442556
-1.479974 3.442470
-1.480226 3.442384
-1.480477 3.442298
-1.480424 3.441959
-1.480728 3.442212
-1.480980 3.442126
-1.481231 3.442040
-1.481482 3.441954
-1.481350 3.441626
-1.481734 3.441868
-1.481985 3.441782
-1.482236 3.441696
-1.482277 3.441293
-1.482487 3.441610
-1.482739 3.441524
-1.482990 3.441438
-1.483241 3.441352
-1.483203 3.440961
-1.483493 3.441266
-1.483744 3.441180
-1.483995 3.441094
-1.484247 3.441008
-1.484130 3.440628
-1.484498 3.440922
-1.484749 3.440836
-1.485000 3.440750
-1.485056 3.440295
-1.485252 3.440664
-1.485503 3.440578
-1.485754 3.440492
-1.486006 3.440406
-1.485982 3.439963
-1.486257 3.440320
-1.486508 3.440234
-1.486760 3.440148
-1.487011 3.440061
-1.486909 3.439630
-1.487262 3.439975
-1.487514 3.439889
-1.487765 3.439803
-1.488016 3.439717
-1.487835 3.439297
-1.488267 3.439631
-1.488519 3.439545
-1.488770 3.439459
-1.488762 3.438965
-1.489021 3.439373
-1.489273 3.439287
-1.489524 3.439201
-1.489775 3.439115
-1.489688 3.438632
-1.490027 3.439029
-1.490278 3.438943
-1.490529 3.438857
-1.490780 3.438771
-1.490615 3.438299
-1.491032 3.438685
-1.491283 3.438599
-1.491534 3.438513
-1.491541 3.437967
-1.491786 3.438427
-1.492037 3.438341
-1.492288 3.438255
-1.492540 3.438169
-1.492467 3.437634
-1.492791 3.438083
-1.493042 3.437997
-1.493293 3.437911
-1.493545 3.437825
-1.493394 3.437301
-1.493796 3.437739
-1.494047 3.437653
-1.494299 3.437567
-1.494320 3.436968
-1.494550 3.437481
-1.494801 3.437395
-1.495053 3.437309
-1.495304 3.437223
-1.495247 3.436636
-1.495555 3.437137
-1.495807 3.437050
-1.496058 3.436964
-1.496309 3.436878
-1.496173 3.436303
-1.496560 3.436792
-1.496812 3.436706
-1.497063 3.436620
-1.497314 3.436534
-1.497099 3.435970
-1.497566 3.436448
-1.497817 3.436362
-1.498068 3.436276
-1.498026 3.435638
-1.498320 3.436190
-1.498571 3.436104
-1.498822 3.436018
-1.499073 3.435932
-1.498952 3.435305
-1.499325 3.435846
-1.499576 3.435760
-1.499827 3.435674
-1.500079 3.435588
-1.499879 3.434972
-1.500330 3.435502
-1.500581 3.435416
-1.500833 3.435330
-1.500805 3.434640
-1.501084 3.435244
-1.501335 3.435158
-1.501586 3.435072
-1.501838 3.434986
-1.501732 3.434307
-1.502089 3.434900
-1.502340 3.434814
-1.502592 3.434728
-1.502843 3.434642
-1.502658 3.433974
-1.503094 3.434556
-1.503346 3.434470
-1.503597 3.434384
-1.503848 3.434298
-1.503584 3.433642
-1.504100 3.434212
-1.504351 3.434126
-1.504602 3.434040
-1.504511 3.433309
-1.504853 3.433953
-1.505105 3.433867
-1.505356 3.433781
-1.505607 3.433695
-1.505437 3.432976
-1.505859 3.433609
-1.506110 3.433523
-1.506361 3.433437
-1.506613 3.433351
-1.506364 3.432644
-1.506864 3.433265
-1.507115 3.433179
-1.507366 3.433093
-1.507290 3.432311
-1.507618 3.433007
-1.507869 3.432921
-1.508120 3.432835
-1.508372 3.432749
-1.508216 3.431978
-1.508623 3.432663
-1.508874 3.432577
-1.509126 3.432491
-1.509377 3.432405
-1.509143 3.431645
-1.509628 3.432319
-1.509879 3.432233
-1.510131 3.432147
-1.510382 3.432061
-1.510069 3.431313
-1.510633 3.431975
-1.510885 3.431889
-1.511136 3.431803
-1.510996 3.430980
-1.511387 3.431717
-1.511639 3.431631
-1.511890 3.431545
-1.512141 3.431459
-1.511922 3.430647
-1.512392 3.431373
-1.512644 3.431287
-1.512895 3.431201
-1.513146 3.431115
-1.512849 3.430315
-1.513398 3.431029
-1.513649 3.430943
-1.513900 3.430856
-1.513775 3.429982
-1.514152 3.430770
-1.514403 3.430684
-1.514654 3.430598
-1.514906 3.430512
-1.514701 3.429649
-1.515157 3.430426
-1.515408 3.430340
-1.515659 3.430254
-1.515911 3.430168
-1.515628 3.429317
-1.516162 3.430082
-1.516413 3.429996
-1.516665 3.429910
-1.516916 3.429824
-1.516554 3.428984
-1.517167 3.429738
-1.517419 3.429652
-1.517670 3.429566
-1.517481 3.428651
-1.517921 3.429480
-1.518172 3.429394
-1.518424 3.429308
-1.518675 3.429222
-1.518407 3.428319
-1.518926 3.429136
-1.519178 3.429050
-1.519429 3.428964
-1.519680 3.428878
-1.519333 3.427986
-1.519932 3.428792
-1.520183 3.428706
-1.520434 3.428620
-1.520260 3.427653
-1.520685 3.428534
-1.520937 3.428448
-1.521188 3.428362
-1.521439 3.428276
-1.521186 3.427321
-1.521691 3.428190
-1.521942 3.428104
-1.522193 3.428018
-1.522445 3.427932
-1.522113 3.426988
-1.522696 3.427845
-1.522947 3.427759
-1.523199 3.427673
-1.523450 3.427587
-1.523039 3.426655
-1.523701 3.427501
-1.523952 3.427415
-1.524204 3.427329
-1.523966 3.426323
-1.524455 3.427243
-1.524706 3.427157
-1.524958 3.427071
-1.525209 3.426985
-1.524892 3.425990
-1.525460 3.426899
-1.525712 3.426813
-1.525963 3.426727
-1.526214 3.426641
-1.525818 3.425657
-1.526465 3.426555
-1.526717 3.426469
-1.526968 3.426383
-1.526745 3.425324
-1.527219 3.426297
-1.527471 3.426211
-1.527722 3.426125
-1.527973 3.426039
-1.527671 3.424992
-1.528225 3.425953
-1.528476 3.425867
-1.528727 3.425781
-1.528978 3.425695
-1.528598 3.424659
-1.529230 3.425609
-1.529481 3.425523
-1.529732 3.425437
-1.529524 3.424326
-1.529984 3.425351
-1.530235 3.425265
-1.530486 3.425179
-1.530738 3.425093
-1.530450 3.423994
-1.530989 3.425007
-1.531240 3.424921
-1.531492 3.424835
-1.531743 3.424748
-1.531377 3.423661
-1.531994 3.424662
-1.532245 3.424576
-1.532497 3.424490
-1.532748 3.424404
-1.532303 3.423328
-1.532999 3.424318
-1.533251 3.424232
-1.533502 3.424146
-1.533230 3.422996
-1.533753 3.424060
-1.534005 3.423974
-1.534256 3.423888
-1.534507 3.423802
-1.534156 3.422663
-1.534758 3.423716
-1.535010 3.423630
-1.535261 3.423544
-1.535512 3.423458
-1.535083 3.422330
-1.535764 3.423372
-1.536015 3.423286
-1.536266 3.423200
-1.536009 3.421998
-1.536518 3.423114
-1.536769 3.423028
-1.537020 3.422942
-1.537271 3.422856
-1.536935 3.421665
-1.537523 3.422770
-1.537774 3.422684
-1.538025 3.422598
-1.538277 3.422512
-1.537862 3.421332
-1.538528 3.422426
-1.538779 3.422340
-1.539031 3.422254
-1.539282 3.422168
-1.538788 3.421000
-1.539533 3.422082
-1.539785 3.421996
-1.540036 3.421910
-1.539715 3.420667
-1.540287 3.421824
-1.540538 3.421737
-1.540790 3.421651
-1.541041 3.421565
-1.540641 3.420334
-1.541292 3.421479
-1.541544 3.421393
-1.541795 3.421307
-1.542046 3.421221
-1.541567 3.420001
-1.542298 3.421135
-1.542549 3.421049
-1.542800 3.420963
-1.542494 3.419669
-1.543051 3.420877
-1.543303 3.420791
-1.543554 3.420705
-1.543805 3.420619
-1.543420 3.419336
-1.544057 3.420533
-1.544308 3.420447
-1.544559 3.420361
-1.544811 3.420275
-1.544347 3.419003
-1.545062 3.420189
-1.545313 3.420103
-1.545564 3.420017
-1.545816 3.419931
-1.545273 3.418671
-1.546067 3.419845
-1.546318 3.419759
-1.546570 3.419673
-1.546200 3.418338
-1.546821 3.419587
-1.547072 3.419501
-1.547324 3.419415
-1.547575 3.419329
-1.547126 3.418005
-1.547826 3.419243
-1.548077 3.419157
-1.548329 3.419071
-1.548580 3.418985
-1.548052 3.417673
-1.548831 3.418899
-1.549083 3.418813
-1.549334 3.418727
-1.548979 3.417340
-1.549585 3.418640
-1.549837 3.418554
-1.550088 3.418468
-1.550339 3.418382
-1.549905 3.417007
-1.550591 3.418296
-1.550842 3.418210
-1.551093 3.418124
-1.551344 3.418038
-1.550832 3.416675
-1.551596 3.417952
-1.551847 3.417866
-1.552098 3.417780
-1.552350 3.417694
-1.551758 3.416342
-1.552601 3.417608
-1.552852 3.417522
-1.553104 3.417436
-1.552684 3.416009
-1.553355 3.417350
-1.553606 3.417264
-1.553857 3.417178
-1.554109 3.417092
-1.553611 3.415677
-1.554360 3.417006
-1.554611 3.416920
-1.554863 3.416834
-1.555114 3.416748
-1.554537 3.415344
-1.555365 3.416662
-1.555617 3.416576
-1.555868 3.416490
-1.555464 3.415011
-1.556119 3.416404
-1.556370 3.416318
-1.556622 3.416232
-1.556873 3.416146
-1.556390 3.414678
-1.557124 3.416060
-1.557376 3.415974
-1.557627 3.415888
-1.557878 3.415802
-1.557317 3.414346
-1.558130 3.415716
-1.558381 3.415630
-1.558632 3.415543
-1.558884 3.415457
-1.558243 3.414013
-1.559135 3.415371
-1.559386 3.415285
-1.559637 3.415199
-1.559169 3.413680
-1.559889 3.415113
-1.560140 3.415027
-1.560391 3.414941
-1.560643 3.414855
-1.560096 3.413348
-1.560894 3.414769
-1.561145 3.414683
-1.561397 3.414597
-1.561648 3.414511
-1.561022 3.413015
-1.561899 3.414425
-1.562150 3.414339
-1.562402 3.414253
-1.561949 3.412682
-1.562653 3.414167
-1.562904 3.414081
-1.563156 3.413995
-1.563407 3.413909
-1.562875 3.412350
-1.563658 3.413823
-1.563910 3.413737
-1.564161 3.413651
-1.564412 3.413565
-1.563802 3.412017
-1.564663 3.413479
-1.564915 3.413393
-1.565166 3.413307
-1.565417 3.413221
-1.564728 3.411684
-1.565669 3.413135
-1.565920 3.413049
-1.566171 3.412963
-1.565654 3.411352
-1.566423 3.412877
-1.566674 3.412791
-1.566925 3.412705
-1.567177 3.412619
-1.566581 3.411019
-1.567428 3.412532
-1.567679 3.412446
-1.567930 3.412360
-1.568182 3.412274
-1.567507 3.410686
-1.568433 3.412188
-1.568684 3.412102
-1.568936 3.412016
-1.568434 3.410354
-1.569187 3.411930
-1.569438 3.411844
-1.569690 3.411758
-1.569941 3.411672
-1.569360 3.410021
-1.570192 3.411586
-1.570443 3.411500
-1.570695 3.411414
-1.570946 3.411328
-1.570286 3.409688
-1.571197 3.411242
-1.571449 3.411156
-1.571700 3.411070
-1.571951 3.410984
-1.571213 3.409355
-1.572203 3.410898
-1.572454 3.410812
-1.572705 3.410726
-1.572139 3.409023
-1.572956 3.410640
-1.573208 3.410554
-1.573459 3.410468
-1.573710 3.410382
-1.573066 3.408690
-1.573962 3.410296
-1.574213 3.410210
-1.574464 3.410124
-1.574716 3.410038
-1.573992 3.408357
-1.574967 3.409952
-1.575218 3.409866
-1.575470 3.409780
-1.574919 3.408025
-1.575721 3.409694
-1.575972 3.409608
-1.576223 3.409522
-1.576475 3.409435
-1.575845 3.407692
-1.576726 3.409349
-1.576977 3.409263
-1.577229 3.409177
-1.577480 3.409091
-1.576771 3.407359
-1.577731 3.409005
-1.577983 3.408919
-1.578234 3.408833
-1.578485 3.408747
-1.577698 3.407027
-1.578736 3.408661
-1.578988 3.408575
-1.579239 3.408489
-1.578624 3.406694
-1.579490 3.408403
-1.579742 3.408317
-1.579993 3.408231
-1.580244 3.408145
-1.579551 3.406361
-1.580496 3.408059
-1.580747 3.407973
-1.580998 3.407887
-1.581249 3.407801
-1.580477 3.406029
-1.581501 3.407715
-1.581752 3.407629
-1.582003 3.407543
-1.581403 3.405696
-1.582255 3.407457
-1.582506 3.407371
-1.582757 3.407285
-1.583009 3.407199
-1.582330 3.405363
-1.583260 3.407113
-1.583511 3.407027
-1.583763 3.406941
-1.584014 3.406855
-1.583256 3.405031
-1.584265 3.406769
-1.584516 3.406683
-1.584768 3.406597
-1.585019 3.406511
-1.584183 3.404698
-1.585270 3.406424
-1.585522 3.406338
-1.585773 3.406252
-1.585109 3.404365
-1.586024 3.406166
-1.586276 3.406080
-1.586527 3.405994
-1.586778 3.405908
-1.586036 3.404032
-1.587029 3.405822
-1.587281 3.405736
-1.587532 3.405650
-1.587783 3.405564
-1.586962 3.403700
-1.588035 3.405478
-1.588286 3.405392
-1.588537 3.405306
-1.587888 3.403367
-1.588789 3.405220
-1.589040 3.405134
-1.589291 3.405048
-1.589542 3.404962
-1.588815 3.403034
-1.589794 3.404876
-1.590045 3.404790
-1.590296 3.404704
-1.590548 3.404618
-1.589741 3.402702
-1.590799 3.404532
-1.591050 3.404446
-1.591302 3.404360
-1.591553 3.404274
-1.590668 3.402369
-1.591804 3.404188
-1.592055 3.404102
-1.592307 3.404016
-1.591594 3.402036
-1.592558 3.403930
-1.592809 3.403844
-1.593061 3.403758
-1.593312 3.403672
-1.592520 3.401704
-1.593563 3.403586
-1.593815 3.403500
-1.594066 3.403414
-1.594317 3.403327
-1.593447 3.401371
-1.594569 3.403241
-1.594820 3.403155
-1.595071 3.403069
-1.594373 3.401038
-1.595322 3.402983
-1.595574 3.402897
-1.595825 3.402811
-1.596076 3.402725
-1.595300 3.400706
-1.596328 3.402639
-1.596579 3.402553
-1.596830 3.402467
-1.597082 3.402381
-1.596226 3.400373
-1.597333 3.402295
-1.597584 3.402209
-1.597835 3.402123
-1.598087 3.402037
-1.597153 3.400040
-1.598338 3.401951
-1.598589 3.401865
-1.598841 3.401779
-1.598079 3.399708
-1.599092 3.401693
-1.599343 3.401607
-1.599595 3.401521
-1.599846 3.401435
-1.599005 3.399375
-1.600097 3.401349
-1.600348 3.401263
-1.600600 3.401177
-1.600851 3.401091
-1.599932 3.399042
-1.601102 3.401005
-1.601354 3.400919
-1.601605 3.400833
-1.600858 3.398709
-1.601856 3.400747
-1.602108 3.400661
-1.602359 3.400575
-1.602610 3.400489
-1.601785 3.398377
-1.602862 3.400403
-1.603113 3.400317
-1.603364 3.400230
-1.603615 3.400144
-1.602711 3.398044
-1.603867 3.400058
-1.604118 3.399972
-1.604369 3.399886
-1.604621 3.399800
-1.603637 3.397711
-1.604872 3.399714
-1.605123 3.399628
-1.605375 3.399542
-1.604564 3.397379
-1.605626 3.399456
-1.605877 3.399370
-1.606128 3.399284
-1.606380 3.399198
-1.605490 3.397046
-1.606631 3.399112
-1.606882 3.399026
-1.607134 3.398940
-1.607385 3.398854
-1.606417 3.396713
-1.607636 3.398768
-1.607888 3.398682
-1.608139 3.398596
-1.607343 3.396381
-1.608390 3.398510
-1.608641 3.398424
-1.608893 3.398338
-1.609144 3.398252
-1.608270 3.396048
-1.609395 3.398166
-1.609647 3.398080
-1.609898 3.397994
-1.610149 3.397908
-1.609196 3.395715
-1.610401 3.397822
-1.610652 3.397736
-1.610903 3.397650
-1.611155 3.397564
-1.610122 3.395383
-1.611406 3.397478
-1.611657 3.397392
-1.611908 3.397306
-1.611049 3.395050
-1.612160 3.397219
-1.612411 3.397133
-1.612662 3.397047
-1.612914 3.396961
-1.611975 3.394717
-1.613165 3.396875
-1.613416 3.396789
-1.613668 3.396703
-1.613919 3.396617
-1.612902 3.394385
-1.614170 3.396531
-1.614421 3.396445
-1.614673 3.396359
-1.613828 3.394052
-1.614924 3.396273
-1.615175 3.396187
-1.615427 3.396101
-1.615678 3.396015
-1.614754 3.393719
-1.615929 3.395929
-1.616181 3.395843
-1.616432 3.395757
-1.616683 3.395671
-1.615681 3.393386
-1.616934 3.395585
-1.617186 3.395499
-1.617437 3.395413
-1.617688 3.395327
-1.616607 3.393054
-1.617940 3.395241
-1.618191 3.395155
-1.618442 3.395069
-1.617534 3.392721
-1.618694 3.394983
-1.618945 3.394897
-1.619196 3.394811
-1.619448 3.394725
-1.618460 3.392388
-1.619699 3.394639
-1.619950 3.394553
-1.620201 3.394467
-1.620453 3.394381
-1.619387 3.392056
-1.620704 3.394295
-1.620955 3.394209
-1.621207 3.394122
-1.620313 3.391723
-1.621458 3.394036
-1.621709 3.393950
-1.621961 3.393864
-1.622212 3.393778
-1.621239 3.391390
-1.622463 3.393692
-1.622714 3.393606
-1.622966 3.393520
-1.623217 3.393434
-1.622166 3.391058
-1.623468 3.393348
-1.623720 3.393262
-1.623971 3.393176
-1.624222 3.393090
-1.623092 3.390725
-1.624474 3.393004
-1.624725 3.392918
-1.624976 3.392832
-1.624019 3.390392
-1.625227 3.392746
-1.625479 3.392660
-1.625730 3.392574
-1.625981 3.392488
-1.624945 3.390060
-1.626233 3.392402
-1.626484 3.392316
-1.626735 3.392230
-1.626987 3.392144
-1.625871 3.389727
-1.627238 3.392058
-1.627489 3.391972
-1.627740 3.391886
-1.626798 3.389394
-1.627992 3.391800
-1.628243 3.391714
-1.628494 3.391628
-1.628746 3.391542
-1.627724 3.389062
-1.628997 3.391456
-1.629248 3.391370
-1.629500 3.391284
-1.629751 3.391198
-1.628651 3.388729
-1.630002 3.391111
-1.630254 3.391025
-1.630505 3.390939
-1.630756 3.390853
-1.629577 3.388396
-1.631007 3.390767
-1.631259 3.390681
-1.631510 3.390595
-1.630504 3.388063
-1.631761 3.390509
-1.632013 3.390423
-1.632264 3.390337
-1.632515 3.390251
-1.631430 3.387731
-1.632767 3.390165
-1.633018 3.390079
-1.633269 3.389993
-1.633520 3.389907
-1.632356 3.387398
-1.633772 3.389821
-1.634023 3.389735
-1.634274 3.389649
-1.633283 3.387065
-1.634526 3.389563
-1.634777 3.389477
-1.635028 3.389391
-1.635280 3.389305
-1.634209 3.386733
-1.635531 3.389219
-1.635782 3.389133
-1.636033 3.389047
-1.636285 3.388961
-1.635136 3.386400
-1.636536 3.388875
-1.636787 3.388789
-1.637039 3.388703
-1.637290 3.388617
-1.636062 3.386067
-1.637541 3.388531
-1.637793 3.388445
-1.638044 3.388359
-1.636989 3.385735
-1.638295 3.388273
-1.638547 3.388187
-1.638798 3.388101
-1.639049 3.388014
-1.637915 3.385402
-1.639300 3.387928
-1.639552 3.387842
-1.639803 3.387756
-1.640054 3.387670
-1.638841 3.385069
-1.640306 3.387584
-1.640557 3.387498
-1.640808 3.387412
-1.639768 3.384737
-1.641060 3.387326
-1.641311 3.387240
-1.641562 3.387154
-1.641813 3.387068
-1.640694 3.384404
-1.642065 3.386982
-1.642316 3.386896
-1.642567 3.386810
-1.642819 3.386724
-1.641621 3.384071
-1.643070 3.386638
-1.643321 3.386552
-1.643573 3.386466
-1.643824 3.386380
-1.642547 3.383739
-1.644075 3.386294
-1.644326 3.386208
-1.644578 3.386122
-1.643473 3.383406
-1.644829 3.386036
-1.645080 3.385950
-1.645332 3.385864
-1.645583 3.385778
-1.644400 3.383073
-1.645834 3.385692
-1.646086 3.385606
-1.646337 3.385520
-1.646588 3.385434
-1.645326 3.382740
-1.646840 3.385348
-1.647091 3.385262
-1.647342 3.385176
-1.646253 3.382408
-1.647593 3.385090
-1.647845 3.385004
-1.648096 3.384917
-1.648347 3.384831
-1.647179 3.382075
-1.648599 3.384745
-1.648850 3.384659
-1.649101 3.384573
-1.649353 3.384487
-1.648106 3.381742
-1.649604 3.384401
-1.649855 3.384315
-1.650106 3.384229
-1.650358 3.384143
-1.649032 3.381410
-1.650609 3.384057
-1.650860 3.383971
-1.651112 3.383885
-1.649958 3.381077
-1.651363 3.383799
-1.651614 3.383713
-1.651866 3.383627
-1.652117 3.383541
-1.650885 3.380744
-1.652368 3.383455
-1.652368 3.383455
-1.652406 3.383437
-1.652406 3.383437
-1.652443 3.383419
-1.652443 3.383419
-1.652481 3.383401
-1.652481 3.383401
-1.652519 3.383382
-1.652519 3.383382
-1.652556 3.383364
-1.652556 3.383364
-1.652594 3.383346
-1.652594 3.383346
-1.652631 3.383328
-1.652631 3.383328
-1.652669 3.383310
-1.652669 3.383310
-1.652706 3.383292