2.325341 0.719346
2.131946 1.157875
2.131730 1.158385
1.897061 1.581436
1.846852 1.690331
1.502366 2.238398
1.502242 2.238623
1.245791 2.573996
1.245358 2.574413
0.937209 2.864400
0.294367 3.280173
-0.133975 3.447656
-0.134116 3.447719
-0.490315 3.516518
-0.491023 3.517173
-0.943449 3.538142
-0.944176 3.538173
-1.206197 3.507699
-1.206197 3.507699
-1.459870 3.449353
-1.460043 3.449278
-1.652706 3.383292
-1.652725 3.383299
-1.896923 3.276405
-1.897280 3.276249
-2.582511 2.713023
-2.578108 2.708202
-2.890540 -0.079554
-2.682314 -0.475280
2.848285 -4.194821
2.925007 -4.104324
2.997183 -3.487198
3.018217 -3.147274
3.024222 -2.758162
3.019073 -2.423542
2.980885 -1.854082
2.980787 -1.853312
2.903585 -1.269010
2.740652 -0.516593
2.584080 0.004337