-1.652725 3.383299
-1.652744 3.383274
-1.652744 3.383274
-1.652782 3.383256
-1.652782 3.383256
-1.652819 3.383237
-1.652819 3.383237
-1.652857 3.383219
-1.652857 3.383219
-1.652894 3.383201
-1.652894 3.383201
-1.652932 3.383183
-1.652932 3.383183
-1.652970 3.383165
-1.652970 3.383165
-1.653007 3.383147
-1.653007 3.383147
-1.653045 3.383129
-1.653045 3.383129
-1.653081 3.383143
-1.653082 3.383111
-1.653082 3.383111
-1.653120 3.383092
-1.653120 3.383092
-1.651811 3.380412
-1.653157 3.383074
-1.653157 3.383074
-1.653195 3.383056
-1.653195 3.383056
-1.653233 3.383038
-1.653233 3.383038
-1.653270 3.383020
-1.653270 3.383020
-1.653308 3.383002
-1.653308 3.383002
-1.653345 3.382984
-1.653345 3.382984
-1.653383 3.382965
-1.653383 3.382965
-1.653438 3.382987
-1.653421 3.382947
-1.653421 3.382947
-1.653458 3.382929
-1.653458 3.382929
-1.653496 3.382911
-1.653496 3.382911
-1.653533 3.382893
-1.653533 3.382893
-1.653571 3.382875
-1.653571 3.382875
-1.653608 3.382857
-1.653608 3.382857
-1.653646 3.382839
-1.653646 3.382839
-1.653684 3.382820
-1.653684 3.382820
-1.653721 3.382802
-1.653721 3.382802
-1.653759 3.382784
-1.653759 3.382784
-1.653794 3.382831
-1.653796 3.382766
-1.653796 3.382766
-1.653834 3.382748
-1.653834 3.382748
-1.653872 3.382730
-1.653872 3.382730
-1.653909 3.382712
-1.653909 3.382712
-1.653947 3.382694
-1.653947 3.382694
-1.653984 3.382675
-1.653984 3.382675
-1.652738 3.380079
-1.654022 3.382657
-1.654022 3.382657
-1.654059 3.382639
-1.654059 3.382639
-1.654097 3.382621
-1.654097 3.382621
-1.654151 3.382675
-1.654135 3.382603
-1.654135 3.382603
-1.654172 3.382585
-1.654172 3.382585
-1.654210 3.382567
-1.654210 3.382567
-1.654247 3.382548
-1.654247 3.382548
-1.654285 3.382530
-1.654285 3.382530
-1.654323 3.382512
-1.654323 3.382512
-1.654360 3.382494
-1.654360 3.382494
-1.654398 3.382476
-1.654398 3.382476
-1.654435 3.382458
-1.654435 3.382458
-1.654507 3.382519
-1.654473 3.382440
-1.654473 3.382440
-1.654510 3.382422
-1.654510 3.382422
-1.654548 3.382403
-1.654548 3.382403
-1.654586 3.382385
-1.654586 3.382385
-1.654623 3.382367
-1.654623 3.382367
-1.654661 3.382349
-1.654661 3.382349
-1.654698 3.382331
-1.654698 3.382331
-1.654736 3.382313
-1.654736 3.382313
-1.654774 3.382295
-1.654774 3.382295
-1.654811 3.382277
-1.654811 3.382277
-1.654864 3.382363
-1.654849 3.382258
-1.654849 3.382258
-1.653664 3.379746
-1.654886 3.382240
-1.654886 3.382240
-1.654924 3.382222
-1.654924 3.382222
-1.654962 3.382204
-1.654962 3.382204
-1.654999 3.382186
-1.654999 3.382186
-1.655037 3.382168
-1.655037 3.382168
-1.655074 3.382150
-1.655074 3.382150
-1.655112 3.382131
-1.655112 3.382131
-1.655149 3.382113
-1.655149 3.382113
-1.655220 3.382207
-1.655187 3.382095
-1.655187 3.382095
-1.655225 3.382077
-1.655225 3.382077
-1.655262 3.382059
-1.655262 3.382059
-1.655300 3.382041
-1.655300 3.382041
-1.655337 3.382023
-1.655337 3.382023
-1.655375 3.382005
-1.655375 3.382005
-1.655413 3.381986
-1.655413 3.381986
-1.655450 3.381968
-1.655450 3.381968
-1.655488 3.381950
-1.655488 3.381950
-1.655577 3.382051
-1.655525 3.381932
-1.655525 3.381932
-1.655563 3.381914
-1.655563 3.381914
-1.655600 3.381896
-1.655600 3.381896
-1.655638 3.381878
-1.655638 3.381878
-1.655676 3.381860
-1.655676 3.381860
-1.655713 3.381841
-1.655713 3.381841
-1.655751 3.381823
-1.655751 3.381823
-1.654590 3.379414
-1.655788 3.381805
-1.655788 3.381805
-1.655826 3.381787
-1.655826 3.381787
-1.655864 3.381769
-1.655864 3.381769
-1.655933 3.381894
-1.655901 3.381751
-1.655901 3.381751
-1.655939 3.381733
-1.655939 3.381733
-1.655976 3.381714
-1.655976 3.381714
-1.656014 3.381696
-1.656014 3.381696
-1.656051 3.381678
-1.656051 3.381678
-1.656089 3.381660
-1.656089 3.381660
-1.656127 3.381642
-1.656127 3.381642
-1.656164 3.381624
-1.656164 3.381624
-1.656202 3.381606
-1.656202 3.381606
-1.656290 3.381738
-1.656239 3.381588
-1.656239 3.381588
-1.656277 3.381569
-1.656277 3.381569
-1.656315 3.381551
-1.656315 3.381551
-1.656352 3.381533
-1.656352 3.381533
-1.656390 3.381515
-1.656390 3.381515
-1.656427 3.381497
-1.656427 3.381497
-1.656465 3.381479
-1.656465 3.381479
-1.656502 3.381461
-1.656502 3.381461
-1.656540 3.381443
-1.656540 3.381443
-1.656646 3.381582
-1.656578 3.381424
-1.656578 3.381424
-1.656615 3.381406
-1.656615 3.381406
-1.655517 3.379081
-1.656653 3.381388
-1.656653 3.381388
-1.656690 3.381370
-1.656690 3.381370
-1.656728 3.381352
-1.656728 3.381352
-1.656766 3.381334
-1.656766 3.381334
-1.656803 3.381316
-1.656803 3.381316
-1.656841 3.381297
-1.656841 3.381297
-1.656878 3.381279
-1.656878 3.381279
-1.656916 3.381261
-1.656916 3.381261
-1.657003 3.381426
-1.656953 3.381243
-1.656953 3.381243
-1.656991 3.381225
-1.656991 3.381225
-1.657029 3.381207
-1.657029 3.381207
-1.657066 3.381189
-1.657066 3.381189
-1.657104 3.381171
-1.657104 3.381171
-1.657141 3.381152
-1.657141 3.381152
-1.657179 3.381134
-1.657179 3.381134
-1.657217 3.381116
-1.657217 3.381116
-1.657254 3.381098
-1.657254 3.381098
-1.657359 3.381270
-1.657292 3.381080
-1.657292 3.381080
-1.657329 3.381062
-1.657329 3.381062
-1.657367 3.381044
-1.657367 3.381044
-1.657404 3.381026
-1.657404 3.381026
-1.657442 3.381007
-1.657442 3.381007
-1.657480 3.380989
-1.657480 3.380989
-1.657517 3.380971
-1.657517 3.380971
-1.656443 3.378748
-1.657555 3.380953
-1.657555 3.380953
-1.657592 3.380935
-1.657592 3.380935
-1.657716 3.381114
-1.657630 3.380917
-1.657630 3.380917
-1.657668 3.380899
-1.657668 3.380899
-1.657705 3.380880
-1.657705 3.380880
-1.657743 3.380862
-1.657743 3.380862
-1.657780 3.380844
-1.657780 3.380844
-1.657818 3.380826
-1.657818 3.380826
-1.657856 3.380808
-1.657856 3.380808
-1.657893 3.380790
-1.657893 3.380790
-1.657931 3.380772
-1.657931 3.380772
-1.657968 3.380754
-1.657968 3.380754
-1.658072 3.380958
-1.658006 3.380735
-1.658006 3.380735
-1.658043 3.380717
-1.658043 3.380717
-1.658081 3.380699
-1.658081 3.380699
-1.658119 3.380681
-1.658119 3.380681
-1.658156 3.380663
-1.658156 3.380663
-1.658194 3.380645
-1.658194 3.380645
-1.658231 3.380627
-1.658231 3.380627
-1.658269 3.380609
-1.658269 3.380609
-1.658307 3.380590
-1.658307 3.380590
-1.658429 3.380802
-1.658344 3.380572
-1.658344 3.380572
-1.658382 3.380554
-1.658382 3.380554
-1.657370 3.378416
-1.658419 3.380536
-1.658419 3.380536
-1.658457 3.380518
-1.658457 3.380518
-1.658494 3.380500
-1.658494 3.380500
-1.658532 3.380482
-1.658532 3.380482
-1.658570 3.380463
-1.658570 3.380463
-1.658607 3.380445
-1.658607 3.380445
-1.658645 3.380427
-1.658645 3.380427
-1.658785 3.380646
-1.658682 3.380409
-1.658682 3.380409
-1.658720 3.380391
-1.658720 3.380391
-1.658758 3.380373
-1.658758 3.380373
-1.658795 3.380355
-1.658795 3.380355
-1.658833 3.380337
-1.658833 3.380337
-1.658870 3.380318
-1.658870 3.380318
-1.658908 3.380300
-1.658908 3.380300
-1.658945 3.380282
-1.658945 3.380282
-1.658983 3.380264
-1.658983 3.380264
-1.659021 3.380246
-1.659021 3.380246
-1.659142 3.380490
-1.659058 3.380228
-1.659058 3.380228
-1.659096 3.380210
-1.659096 3.380210
-1.659133 3.380192
-1.659133 3.380192
-1.659171 3.380173
-1.659171 3.380173
-1.659209 3.380155
-1.659209 3.380155
-1.659246 3.380137
-1.659246 3.380137
-1.659284 3.380119
-1.659284 3.380119
-1.658296 3.378083
-1.659321 3.380101
-1.659321 3.380101
-1.659359 3.380083
-1.659359 3.380083
-1.659498 3.380334
-1.659396 3.380065
-1.659396 3.380065
-1.659434 3.380046
-1.659434 3.380046
-1.659472 3.380028
-1.659472 3.380028
-1.659509 3.380010
-1.659509 3.380010
-1.659547 3.379992
-1.659547 3.379992
-1.659584 3.379974
-1.659584 3.379974
-1.659622 3.379956
-1.659622 3.379956
-1.659660 3.379938
-1.659660 3.379938
-1.659697 3.379920
-1.659697 3.379920
-1.659855 3.380178
-1.659735 3.379901
-1.659735 3.379901
-1.659772 3.379883
-1.659772 3.379883
-1.659810 3.379865
-1.659810 3.379865
-1.659847 3.379847
-1.659847 3.379847
-1.659885 3.379829
-1.659885 3.379829
-1.659923 3.379811
-1.659923 3.379811
-1.659960 3.379793
-1.659960 3.379793
-1.659998 3.379775
-1.659998 3.379775
-1.660035 3.379756
-1.660035 3.379756
-1.660211 3.380022
-1.660073 3.379738
-1.660073 3.379738
-1.660111 3.379720
-1.660111 3.379720
-1.660148 3.379702
-1.660148 3.379702
-1.659223 3.377750
-1.660186 3.379684
-1.660186 3.379684
-1.660223 3.379666
-1.660223 3.379666
-1.660261 3.379648
-1.660261 3.379648
-1.660298 3.379629
-1.660298 3.379629
-1.660336 3.379611
-1.660336 3.379611
-1.660374 3.379593
-1.660374 3.379593
-1.660411 3.379575
-1.660411 3.379575
-1.660568 3.379866
-1.660449 3.379557
-1.660449 3.379557
-1.660486 3.379539
-1.660486 3.379539
-1.660524 3.379521
-1.660524 3.379521
-1.660562 3.379503
-1.660562 3.379503
-1.660599 3.379484
-1.660599 3.379484
-1.660637 3.379466
-1.660637 3.379466
-1.660674 3.379448
-1.660674 3.379448
-1.660712 3.379430
-1.660712 3.379430
-1.660750 3.379412
-1.660750 3.379412
-1.660924 3.379710
-1.660787 3.379394
-1.660787 3.379394
-1.660825 3.379376
-1.660825 3.379376
-1.660862 3.379358
-1.660862 3.379358
-1.660900 3.379339
-1.660900 3.379339
-1.660937 3.379321
-1.660937 3.379321
-1.660975 3.379303
-1.660975 3.379303
-1.661013 3.379285
-1.661013 3.379285
-1.661050 3.379267
-1.661050 3.379267
-1.660149 3.377418
-1.661088 3.379249
-1.661088 3.379249
-1.661281 3.379554
-1.661125 3.379231
-1.661125 3.379231
-1.661163 3.379213
-1.661163 3.379213
-1.661201 3.379194
-1.661201 3.379194
-1.661238 3.379176
-1.661238 3.379176
-1.661276 3.379158
-1.661276 3.379158
-1.661313 3.379140
-1.661313 3.379140
-1.661351 3.379122
-1.661351 3.379122
-1.661388 3.379104
-1.661388 3.379104
-1.661426 3.379086
-1.661426 3.379086
-1.661464 3.379067
-1.661464 3.379067
-1.661637 3.379398
-1.661501 3.379049
-1.661501 3.379049
-1.661539 3.379031
-1.661539 3.379031
-1.661576 3.379013
-1.661576 3.379013
-1.661614 3.378995
-1.661614 3.378995
-1.661652 3.378977
-1.661652 3.378977
-1.661689 3.378959
-1.661689 3.378959
-1.661727 3.378941
-1.661727 3.378941
-1.661764 3.378922
-1.661764 3.378922
-1.661802 3.378904
-1.661802 3.378904
-1.661994 3.379242
-1.661839 3.378886
-1.661839 3.378886
-1.661877 3.378868
-1.661877 3.378868
-1.661915 3.378850
-1.661915 3.378850
-1.661075 3.377085
-1.661952 3.378832
-1.661952 3.378832
-1.661990 3.378814
-1.661990 3.378814
-1.662027 3.378796
-1.662027 3.378796
-1.662065 3.378777
-1.662065 3.378777
-1.662103 3.378759
-1.662103 3.378759
-1.662140 3.378741
-1.662140 3.378741
-1.662350 3.379086
-1.662178 3.378723
-1.662178 3.378723
-1.662215 3.378705
-1.662215 3.378705
-1.662253 3.378687
-1.662253 3.378687
-1.662290 3.378669
-1.662290 3.378669
-1.662328 3.378650
-1.662328 3.378650
-1.662366 3.378632
-1.662366 3.378632
-1.662403 3.378614
-1.662403 3.378614
-1.662441 3.378596
-1.662441 3.378596
-1.662478 3.378578
-1.662478 3.378578
-1.662516 3.378560
-1.662516 3.378560
-1.662707 3.378930
-1.662554 3.378542
-1.662554 3.378542
-1.662591 3.378524
-1.662591 3.378524
-1.662629 3.378505
-1.662629 3.378505
-1.662666 3.378487
-1.662666 3.378487
-1.662704 3.378469
-1.662704 3.378469
-1.662741 3.378451
-1.662741 3.378451
-1.662779 3.378433
-1.662779 3.378433
-1.662817 3.378415
-1.662817 3.378415
-1.662002 3.376752
-1.662854 3.378397
-1.662854 3.378397
-1.663063 3.378773
-1.662892 3.378379
-1.662892 3.378379
-1.662929 3.378360
-1.662929 3.378360
-1.662967 3.378342
-1.662967 3.378342
-1.663005 3.378324
-1.663005 3.378324
-1.663042 3.378306
-1.663042 3.378306
-1.663080 3.378288
-1.663080 3.378288
-1.663117 3.378270
-1.663117 3.378270
-1.663155 3.378252
-1.663155 3.378252
-1.663193 3.378233
-1.663193 3.378233
-1.663420 3.378617
-1.663230 3.378215
-1.663230 3.378215
-1.663268 3.378197
-1.663268 3.378197
-1.663305 3.378179
-1.663305 3.378179
-1.663343 3.378161
-1.663343 3.378161
-1.663380 3.378143
-1.663380 3.378143
-1.663418 3.378125
-1.663418 3.378125
-1.663456 3.378107
-1.663456 3.378107
-1.663493 3.378088
-1.663493 3.378088
-1.663531 3.378070
-1.663531 3.378070
-1.663568 3.378052
-1.663568 3.378052
-1.663776 3.378461
-1.663606 3.378034
-1.663606 3.378034
-1.663644 3.378016
-1.663644 3.378016
-1.663681 3.377998
-1.663681 3.377998
-1.662928 3.376419
-1.663719 3.377980
-1.663719 3.377980
-1.663756 3.377962
-1.663756 3.377962
-1.663794 3.377943
-1.663794 3.377943
-1.663831 3.377925
-1.663831 3.377925
-1.663869 3.377907
-1.663869 3.377907
-1.663907 3.377889
-1.663907 3.377889
-1.664132 3.378305
-1.663944 3.377871
-1.663944 3.377871
-1.663982 3.377853
-1.663982 3.377853
-1.664019 3.377835
-1.664019 3.377835
-1.664057 3.377816
-1.664057 3.377816
-1.664095 3.377798
-1.664095 3.377798
-1.664132 3.377780
-1.664132 3.377780
-1.664170 3.377762
-1.664170 3.377762
-1.664207 3.377744
-1.664207 3.377744
-1.664245 3.377726
-1.664245 3.377726
-1.664489 3.378149
-1.664282 3.377708
-1.664282 3.377708
-1.664320 3.377690
-1.664320 3.377690
-1.664358 3.377671
-1.664358 3.377671
-1.664395 3.377653
-1.664395 3.377653
-1.664433 3.377635
-1.664433 3.377635
-1.664470 3.377617
-1.664470 3.377617
-1.664508 3.377599
-1.664508 3.377599
-1.664546 3.377581
-1.664546 3.377581
-1.663855 3.376087
-1.664583 3.377563
-1.664583 3.377563
-1.664621 3.377545
-1.664621 3.377545
-1.664845 3.377993
-1.664658 3.377526
-1.664658 3.377526
-1.664696 3.377508
-1.664696 3.377508
-1.664733 3.377490
-1.664733 3.377490
-1.664771 3.377472
-1.664771 3.377472
-1.664809 3.377454
-1.664809 3.377454
-1.664846 3.377436
-1.664846 3.377436
-1.664884 3.377418
-1.664884 3.377418
-1.664921 3.377399
-1.664921 3.377399
-1.664959 3.377381
-1.664959 3.377381
-1.665202 3.377837
-1.664997 3.377363
-1.664997 3.377363
-1.665034 3.377345
-1.665034 3.377345
-1.665072 3.377327
-1.665072 3.377327
-1.665109 3.377309
-1.665109 3.377309
-1.665147 3.377291
-1.665147 3.377291
-1.665184 3.377273
-1.665184 3.377273
-1.665222 3.377254
-1.665222 3.377254
-1.665260 3.377236
-1.665260 3.377236
-1.665297 3.377218
-1.665297 3.377218
-1.665558 3.377681
-1.665335 3.377200
-1.665335 3.377200
-1.665372 3.377182
-1.665372 3.377182
-1.665410 3.377164
-1.665410 3.377164
-1.665448 3.377146
-1.665448 3.377146
-1.664781 3.375754
-1.665485 3.377128
-1.665485 3.377128
-1.665523 3.377109
-1.665523 3.377109
-1.665560 3.377091
-1.665560 3.377091
-1.665598 3.377073
-1.665598 3.377073
-1.665635 3.377055
-1.665635 3.377055
-1.665673 3.377037
-1.665673 3.377037
-1.665915 3.377525
-1.665711 3.377019
-1.665711 3.377019
-1.665748 3.377001
-1.665748 3.377001
-1.665786 3.376982
-1.665786 3.376982
-1.665823 3.376964
-1.665823 3.376964
-1.665861 3.376946
-1.665861 3.376946
-1.665899 3.376928
-1.665899 3.376928
-1.665936 3.376910
-1.665936 3.376910
-1.665974 3.376892
-1.665974 3.376892
-1.666011 3.376874
-1.666011 3.376874
-1.666271 3.377369
-1.666049 3.376856
-1.666049 3.376856
-1.666087 3.376837
-1.666087 3.376837
-1.666124 3.376819
-1.666124 3.376819
-1.666162 3.376801
-1.666162 3.376801
-1.666199 3.376783
-1.666199 3.376783
-1.666237 3.376765
-1.666237 3.376765
-1.666274 3.376747
-1.666274 3.376747
-1.666312 3.376729
-1.666312 3.376729
-1.665707 3.375421
-1.666350 3.376711
-1.666350 3.376711
-1.666628 3.377213
-1.666387 3.376692
-1.666387 3.376692
-1.666425 3.376674
-1.666425 3.376674
-1.666462 3.376656
-1.666462 3.376656
-1.666500 3.376638
-1.666500 3.376638
-1.666538 3.376620
-1.666538 3.376620
-1.666575 3.376602
-1.666575 3.376602
-1.666613 3.376584
-1.666613 3.376584
-1.666650 3.376565
-1.666650 3.376565
-1.666688 3.376547
-1.666688 3.376547
-1.666984 3.377057
-1.666725 3.376529
-1.666725 3.376529
-1.666763 3.376511
-1.666763 3.376511
-1.666801 3.376493
-1.666801 3.376493
-1.666838 3.376475
-1.666838 3.376475
-1.666876 3.376457
-1.666876 3.376457
-1.666913 3.376439
-1.666913 3.376439
-1.666951 3.376420
-1.666951 3.376420
-1.666989 3.376402
-1.666989 3.376402
-1.667026 3.376384
-1.667026 3.376384
-1.667064 3.376366
-1.667064 3.376366
-1.667341 3.376901
-1.667101 3.376348
-1.667101 3.376348
-1.667139 3.376330
-1.667139 3.376330
-1.667176 3.376312
-1.667176 3.376312
-1.667214 3.376294
-1.667214 3.376294
-1.666634 3.375089
-1.667252 3.376275
-1.667252 3.376275
-1.667289 3.376257
-1.667289 3.376257
-1.667327 3.376239
-1.667327 3.376239
-1.667364 3.376221
-1.667364 3.376221
-1.667402 3.376203
-1.667402 3.376203
-1.667697 3.376745
-1.667440 3.376185
-1.667440 3.376185
-1.667477 3.376167
-1.667477 3.376167
-1.667515 3.376148
-1.667515 3.376148
-1.667552 3.376130
-1.667552 3.376130
-1.667590 3.376112
-1.667590 3.376112
-1.667627 3.376094
-1.667627 3.376094
-1.667665 3.376076
-1.667665 3.376076
-1.667703 3.376058
-1.667703 3.376058
-1.667740 3.376040
-1.667740 3.376040
-1.668054 3.376589
-1.667778 3.376022
-1.667778 3.376022
-1.667815 3.376003
-1.667815 3.376003
-1.667853 3.375985
-1.667853 3.375985
-1.667891 3.375967
-1.667891 3.375967
-1.667928 3.375949
-1.667928 3.375949
-1.667966 3.375931
-1.667966 3.375931
-1.668003 3.375913
-1.668003 3.375913
-1.668041 3.375895
-1.668041 3.375895
-1.668078 3.375877
-1.668078 3.375877
-1.667560 3.374756
-1.668116 3.375858
-1.668116 3.375858
-1.668410 3.376433
-1.668154 3.375840
-1.668154 3.375840
-1.668191 3.375822
-1.668191 3.375822
-1.668229 3.375804
-1.668229 3.375804
-1.668266 3.375786
-1.668266 3.375786
-1.668304 3.375768
-1.668304 3.375768
-1.668342 3.375750
-1.668342 3.375750
-1.668379 3.375731
-1.668379 3.375731
-1.668417 3.375713
-1.668417 3.375713
-1.668454 3.375695
-1.668454 3.375695
-1.668767 3.376277
-1.668492 3.375677
-1.668492 3.375677
-1.668529 3.375659
-1.668529 3.375659
-1.668567 3.375641
-1.668567 3.375641
-1.668605 3.375623
-1.668605 3.375623
-1.668642 3.375605
-1.668642 3.375605
-1.668680 3.375586
-1.668680 3.375586
-1.668717 3.375568
-1.668717 3.375568
-1.668755 3.375550
-1.668755 3.375550
-1.668793 3.375532
-1.668793 3.375532
-1.669123 3.376121
-1.668830 3.375514
-1.668830 3.375514
-1.668868 3.375496
-1.668868 3.375496
-1.668905 3.375478
-1.668905 3.375478
-1.668943 3.375460
-1.668943 3.375460
-1.668981 3.375441
-1.668981 3.375441
-1.668487 3.374423
-1.669018 3.375423
-1.669018 3.375423
-1.669056 3.375405
-1.669056 3.375405
-1.669093 3.375387
-1.669093 3.375387
-1.669131 3.375369
-1.669131 3.375369
-1.669168 3.375351
-1.669168 3.375351
-1.669480 3.375965
-1.669206 3.375333
-1.669206 3.375333
-1.669244 3.375314
-1.669244 3.375314
-1.669281 3.375296
-1.669281 3.375296
-1.669319 3.375278
-1.669319 3.375278
-1.669356 3.375260
-1.669356 3.375260
-1.669394 3.375242
-1.669394 3.375242
-1.669432 3.375224
-1.669432 3.375224
-1.669469 3.375206
-1.669469 3.375206
-1.669507 3.375188
-1.669507 3.375188
-1.669836 3.375809
-1.669544 3.375169
-1.669544 3.375169
-1.669582 3.375151
-1.669582 3.375151
-1.669619 3.375133
-1.669619 3.375133
-1.669657 3.375115
-1.669657 3.375115
-1.669695 3.375097
-1.669695 3.375097
-1.669732 3.375079
-1.669732 3.375079
-1.669770 3.375061
-1.669770 3.375061
-1.669807 3.375043
-1.669807 3.375043
-1.669845 3.375024
-1.669845 3.375024
-1.669413 3.374091
-1.670193 3.375652
-1.669883 3.375006
-1.669883 3.375006
-1.669920 3.374988
-1.669920 3.374988
-1.669958 3.374970
-1.669958 3.374970
-1.669995 3.374952
-1.669995 3.374952
-1.670033 3.374934
-1.670033 3.374934
-1.670070 3.374916
-1.670070 3.374916
-1.670108 3.374897
-1.670108 3.374897
-1.670146 3.374879
-1.670146 3.374879
-1.670183 3.374861
-1.670183 3.374861
-1.670221 3.374843
-1.670221 3.374843
-1.670549 3.375496
-1.670258 3.374825
-1.670258 3.374825
-1.670296 3.374807
-1.670296 3.374807
-1.670334 3.374789
-1.670334 3.374789
-1.670371 3.374771
-1.670371 3.374771
-1.670409 3.374752
-1.670409 3.374752
-1.670446 3.374734
-1.670446 3.374734
-1.670484 3.374716
-1.670484 3.374716
-1.670521 3.374698
-1.670521 3.374698
-1.670559 3.374680
-1.670559 3.374680
-1.670906 3.375340
-1.670597 3.374662
-1.670597 3.374662
-1.670634 3.374644
-1.670634 3.374644
-1.670672 3.374626
-1.670672 3.374626
-1.670709 3.374607
-1.670709 3.374607
-1.670747 3.374589
-1.670747 3.374589
-1.670340 3.373758
-1.670785 3.374571
-1.670785 3.374571
-1.670822 3.374553
-1.670822 3.374553
-1.670860 3.374535
-1.670860 3.374535
-1.670897 3.374517
-1.670897 3.374517
-1.671262 3.375184
-1.670935 3.374499
-1.670935 3.374499
-1.670972 3.374480
-1.670972 3.374480
-1.671010 3.374462
-1.671010 3.374462
-1.671048 3.374444
-1.671048 3.374444
-1.671085 3.374426
-1.671085 3.374426
-1.671123 3.374408
-1.671123 3.374408
-1.671160 3.374390
-1.671160 3.374390
-1.671198 3.374372
-1.671198 3.374372
-1.671236 3.374354
-1.671236 3.374354
-1.671273 3.374335
-1.671273 3.374335
-1.671619 3.375028
-1.671311 3.374317
-1.671311 3.374317
-1.671348 3.374299
-1.671348 3.374299
-1.671386 3.374281
-1.671386 3.374281
-1.671424 3.374263
-1.671424 3.374263
-1.671461 3.374245
-1.671461 3.374245
-1.671499 3.374227
-1.671499 3.374227
-1.671536 3.374209
-1.671536 3.374209
-1.671574 3.374190
-1.671574 3.374190
-1.671611 3.374172
-1.671611 3.374172
-1.671975 3.374872
-1.671266 3.373425
-1.671649 3.374154
-1.671649 3.374154
-1.671687 3.374136
-1.671687 3.374136
-1.671724 3.374118
-1.671724 3.374118
-1.671762 3.374100
-1.671762 3.374100
-1.671799 3.374082
-1.671799 3.374082
-1.671837 3.374063
-1.671837 3.374063
-1.671875 3.374045
-1.671875 3.374045
-1.671912 3.374027
-1.671912 3.374027
-1.671950 3.374009
-1.671950 3.374009
-1.672332 3.374716
-1.671987 3.373991
-1.671987 3.373991
-1.672025 3.373973
-1.672025 3.373973
-1.672062 3.373955
-1.672062 3.373955
-1.672100 3.373937
-1.672100 3.373937
-1.672138 3.373918
-1.672138 3.373918
-1.672175 3.373900
-1.672175 3.373900
-1.672213 3.373882
-1.672213 3.373882
-1.672250 3.373864
-1.672250 3.373864
-1.672288 3.373846
-1.672288 3.373846
-1.672688 3.374560
-1.672326 3.373828
-1.672326 3.373828
-1.672363 3.373810
-1.672363 3.373810
-1.672401 3.373792
-1.672401 3.373792
-1.672438 3.373773
-1.672438 3.373773
-1.672476 3.373755
-1.672476 3.373755
-1.672192 3.373093
-1.672513 3.373737
-1.672513 3.373737
-1.672551 3.373719
-1.672551 3.373719
-1.672589 3.373701
-1.672589 3.373701
-1.672626 3.373683
-1.672626 3.373683
-1.672664 3.373665
-1.672664 3.373665
-1.673045 3.374404
-1.672701 3.373646
-1.672701 3.373646
-1.672739 3.373628
-1.672739 3.373628
-1.672777 3.373610
-1.672777 3.373610
-1.672814 3.373592
-1.672814 3.373592
-1.672852 3.373574
-1.672852 3.373574
-1.672889 3.373556
-1.672889 3.373556
-1.672927 3.373538
-1.672927 3.373538
-1.672964 3.373520
-1.672964 3.373520
-1.673002 3.373501
-1.673002 3.373501
-1.673401 3.374248
-1.673040 3.373483
-1.673040 3.373483
-1.673077 3.373465
-1.673077 3.373465
-1.673115 3.373447
-1.673115 3.373447
-1.673152 3.373429
-1.673152 3.373429
-1.673190 3.373411
-1.673190 3.373411
-1.673228 3.373393
-1.673228 3.373393
-1.673265 3.373375
-1.673265 3.373375
-1.673303 3.373356
-1.673303 3.373356
-1.673340 3.373338
-1.673340 3.373338
-1.673758 3.374092
-1.673378 3.373320
-1.673378 3.373320
-1.673119 3.372760
-1.673415 3.373302
-1.673415 3.373302
-1.673453 3.373284
-1.673453 3.373284
-1.673491 3.373266
-1.673491 3.373266
-1.673528 3.373248
-1.673528 3.373248
-1.673566 3.373229
-1.673566 3.373229
-1.673603 3.373211
-1.673603 3.373211
-1.673641 3.373193
-1.673641 3.373193
-1.673679 3.373175
-1.673679 3.373175
-1.673716 3.373157
-1.673716 3.373157
-1.674114 3.373936
-1.673754 3.373139
-1.673754 3.373139
-1.673791 3.373121
-1.673791 3.373121
-1.673829 3.373103
-1.673829 3.373103
-1.673866 3.373084
-1.673866 3.373084
-1.673904 3.373066
-1.673904 3.373066
-1.673942 3.373048
-1.673942 3.373048
-1.673979 3.373030
-1.673979 3.373030
-1.674017 3.373012
-1.674017 3.373012
-1.674054 3.372994
-1.674054 3.372994
-1.674471 3.373780
-1.674092 3.372976
-1.674092 3.372976
-1.674130 3.372958
-1.674130 3.372958
-1.674167 3.372939
-1.674167 3.372939
-1.674205 3.372921
-1.674205 3.372921
-1.674242 3.372903
-1.674242 3.372903
-1.674045 3.372427
-1.674280 3.372885
-1.674280 3.372885
-1.674318 3.372867
-1.674318 3.372867
-1.674355 3.372849
-1.674355 3.372849
-1.674393 3.372831
-1.674393 3.372831
-1.674827 3.373624
-1.674430 3.372812
-1.674430 3.372812
-1.674468 3.372794
-1.674468 3.372794
-1.674505 3.372776
-1.674505 3.372776
-1.674543 3.372758
-1.674543 3.372758
-1.674581 3.372740
-1.674581 3.372740
-1.674618 3.372722
-1.674618 3.372722
-1.674656 3.372704
-1.674656 3.372704
-1.674693 3.372686
-1.674693 3.372686
-1.674731 3.372667
-1.674731 3.372667
-1.674769 3.372649
-1.674769 3.372649
-1.675184 3.373468
-1.674806 3.372631
-1.674806 3.372631
-1.674844 3.372613
-1.674844 3.372613
-1.674881 3.372595
-1.674881 3.372595
-1.674919 3.372577
-1.674919 3.372577
-1.674956 3.372559
-1.674956 3.372559
-1.674994 3.372541
-1.674994 3.372541
-1.675032 3.372522
-1.675032 3.372522
-1.675069 3.372504
-1.675069 3.372504
-1.675107 3.372486
-1.675107 3.372486
-1.675540 3.373312
-1.675144 3.372468
-1.675144 3.372468
-1.674972 3.372095
-1.675182 3.372450
-1.675182 3.372450
-1.675220 3.372432
-1.675220 3.372432
-1.675257 3.372414
-1.675257 3.372414
-1.675295 3.372395
-1.675295 3.372395
-1.675332 3.372377
-1.675332 3.372377
-1.675370 3.372359
-1.675370 3.372359
-1.675407 3.372341
-1.675407 3.372341
-1.675445 3.372323
-1.675445 3.372323
-1.675897 3.373156
-1.675483 3.372305
-1.675483 3.372305
-1.675520 3.372287
-1.675520 3.372287
-1.675558 3.372269
-1.675558 3.372269
-1.675595 3.372250
-1.675595 3.372250
-1.675633 3.372232
-1.675633 3.372232
-1.675671 3.372214
-1.675671 3.372214
-1.675708 3.372196
-1.675708 3.372196
-1.675746 3.372178
-1.675746 3.372178
-1.675783 3.372160
-1.675783 3.372160
-1.675821 3.372142
-1.675821 3.372142
-1.676253 3.373000
-1.675858 3.372124
-1.675858 3.372124
-1.675896 3.372105
-1.675896 3.372105
-1.675934 3.372087
-1.675934 3.372087
-1.675971 3.372069
-1.675971 3.372069
-1.676009 3.372051
-1.676009 3.372051
-1.675898 3.371762
-1.676046 3.372033
-1.676046 3.372033
-1.676084 3.372015
-1.676084 3.372015
-1.676122 3.371997
-1.676122 3.371997
-1.676159 3.371978
-1.676159 3.371978
-1.676610 3.372844
-1.676197 3.371960
-1.676197 3.371960
-1.676234 3.371942
-1.676234 3.371942
-1.676272 3.371924
-1.676272 3.371924
-1.676309 3.371906
-1.676309 3.371906
-1.676347 3.371888
-1.676347 3.371888
-1.676385 3.371870
-1.676385 3.371870
-1.676422 3.371852
-1.676422 3.371852
-1.676460 3.371833
-1.676460 3.371833
-1.676497 3.371815
-1.676497 3.371815
-1.676966 3.372688
-1.676535 3.371797
-1.676535 3.371797
-1.676573 3.371779
-1.676573 3.371779
-1.676610 3.371761
-1.676610 3.371761
-1.676648 3.371743
-1.676648 3.371743
-1.676685 3.371725
-1.676685 3.371725
-1.676723 3.371707
-1.676723 3.371707
-1.676760 3.371688
-1.676760 3.371688
-1.676798 3.371670
-1.676798 3.371670
-1.676836 3.371652
-1.676836 3.371652
-1.676873 3.371634
-1.676873 3.371634
-1.677323 3.372531
-1.676911 3.371616
-1.676911 3.371616
-1.676824 3.371429
-1.676948 3.371598
-1.676948 3.371598
-1.676986 3.371580
-1.676986 3.371580
-1.677024 3.371561
-1.677024 3.371561
-1.677061 3.371543
-1.677061 3.371543
-1.677099 3.371525
-1.677099 3.371525
-1.677136 3.371507
-1.677136 3.371507
-1.677174 3.371489
-1.677174 3.371489
-1.677212 3.371471
-1.677212 3.371471
-1.677679 3.372375
-1.677249 3.371453
-1.677249 3.371453
-1.677287 3.371435
-1.677287 3.371435
-1.677324 3.371416
-1.677324 3.371416
-1.677362 3.371398
-1.677362 3.371398
-1.677399 3.371380
-1.677399 3.371380
-1.677437 3.371362
-1.677437 3.371362
-1.677475 3.371344
-1.677475 3.371344
-1.677512 3.371326
-1.677512 3.371326
-1.677550 3.371308
-1.677550 3.371308
-1.678036 3.372219
-1.677587 3.371290
-1.677587 3.371290
-1.677625 3.371271
-1.677625 3.371271
-1.677663 3.371253
-1.677663 3.371253
-1.677700 3.371235
-1.677700 3.371235
-1.677738 3.371217
-1.677738 3.371217
-1.677775 3.371199
-1.677775 3.371199
-1.677751 3.371096
-1.677813 3.371181
-1.677813 3.371181
-1.677850 3.371163
-1.677850 3.371163
-1.677888 3.371145
-1.677888 3.371145
-1.677926 3.371126
-1.677926 3.371126
-1.678392 3.372063
-1.677963 3.371108
-1.677963 3.371108
-1.678001 3.371090
-1.678001 3.371090
-1.678038 3.371072
-1.678038 3.371072
-1.678076 3.371054
-1.678076 3.371054
-1.678114 3.371036
-1.678114 3.371036
-1.678151 3.371018
-1.678151 3.371018
-1.678189 3.370999
-1.678189 3.370999
-1.678226 3.370981
-1.678226 3.370981
-1.678264 3.370963
-1.678264 3.370963
-1.678749 3.371907
-1.678301 3.370945
-1.678301 3.370945
-1.678339 3.370927
-1.678339 3.370927
-1.678377 3.370909
-1.678377 3.370909
-1.678414 3.370891
-1.678414 3.370891
-1.678452 3.370873
-1.678452 3.370873
-1.678489 3.370854
-1.678489 3.370854
-1.678527 3.370836
-1.678527 3.370836
-1.678565 3.370818
-1.678565 3.370818
-1.678602 3.370800
-1.678602 3.370800
-1.679105 3.371751
-1.678640 3.370782
-1.678640 3.370782
-1.678677 3.370764
-1.678677 3.370764
-1.679462 3.371595
-1.679818 3.371439
-1.679564 3.370380
-1.680175 3.371283
-1.680531 3.371127
-1.680888 3.370971
-1.680450 3.369997
-1.681244 3.370815
-1.681601 3.370659
-1.681337 3.369614
-1.681957 3.370503
-1.682314 3.370347
-1.682670 3.370191
-1.682223 3.369231
-1.683027 3.370035
-1.683383 3.369879
-1.683110 3.368847
-1.683740 3.369723
-1.684096 3.369567
-1.684453 3.369410
-1.683996 3.368464
-1.684809 3.369254
-1.685166 3.369098
-1.684883 3.368081
-1.685522 3.368942
-1.685879 3.368786
-1.686235 3.368630
-1.685769 3.367697
-1.686592 3.368474
-1.686948 3.368318
-1.686656 3.367314
-1.687305 3.368162
-1.687661 3.368006
-1.687542 3.366931
-1.688018 3.367850
-1.688374 3.367694
-1.688731 3.367538
-1.688429 3.366548
-1.689087 3.367382
-1.689444 3.367226
-1.689315 3.366164
-1.689800 3.367070
-1.690157 3.366914
-1.690513 3.366758
-1.690201 3.365781
-1.690870 3.366602
-1.691226 3.366446
-1.691088 3.365398
-1.691583 3.366289
-1.691939 3.366133
-1.692296 3.365977
-1.691974 3.365014
-1.692652 3.365821
-1.693009 3.365665
-1.692861 3.364631
-1.693365 3.365509
-1.693722 3.365353
-1.694078 3.365197
-1.693747 3.364248
-1.694435 3.365041
-1.694791 3.364885
-1.694634 3.363865
-1.695148 3.364729
-1.695504 3.364573
-1.695861 3.364417
-1.695520 3.363481
-1.696217 3.364261
-1.696573 3.364105
-1.696407 3.363098
-1.696930 3.363949
-1.697286 3.363793
-1.697643 3.363637
-1.697293 3.362715
-1.697999 3.363481
-1.698356 3.363325
-1.698180 3.362332
-1.698712 3.363168
-1.699069 3.363012
-1.699425 3.362856
-1.699066 3.361948
-1.699782 3.362700
-1.700138 3.362544
-1.699953 3.361565
-1.700495 3.362388
-1.700851 3.362232
-1.701208 3.362076
-1.700839 3.361182
-1.701564 3.361920
-1.701921 3.361764
-1.701726 3.360798
-1.702277 3.361608
-1.702634 3.361452
-1.702990 3.361296
-1.702612 3.360415
-1.703347 3.361140
-1.703703 3.360984
-1.703499 3.360032
-1.704060 3.360828
-1.704416 3.360672
-1.704773 3.360516
-1.704385 3.359649
-1.705129 3.360360
-1.705486 3.360204
-1.705272 3.359265
-1.705842 3.360047
-1.706199 3.359891
-1.706555 3.359735
-1.706158 3.358882
-1.706912 3.359579
-1.707268 3.359423
-1.707044 3.358499
-1.707625 3.359267
-1.707981 3.359111
-1.708338 3.358955
-1.707931 3.358115
-1.708694 3.358799
-1.709051 3.358643
-1.708817 3.357732
-1.709407 3.358487
-1.709764 3.358331
-1.710120 3.358175
-1.709704 3.357349
-1.710477 3.358019
-1.710833 3.357863
-1.710590 3.356966
-1.711190 3.357707
-1.711546 3.357551
-1.711477 3.356582
-1.711903 3.357395
-1.712259 3.357239
-1.712616 3.357083
-1.712363 3.356199
-1.712972 3.356926
-1.713329 3.356770
-1.713250 3.355816
-1.713685 3.356614
-1.714042 3.356458
-1.714398 3.356302
-1.714136 3.355432
-1.714755 3.356146
-1.715111 3.355990
-1.715023 3.355049
-1.715468 3.355834
-1.715824 3.355678
-1.716181 3.355522
-1.715909 3.354666
-1.716537 3.355366
-1.716894 3.355210
-1.716796 3.354283
-1.717250 3.355054
-1.717607 3.354898
-1.717963 3.354742
-1.717682 3.353899
-1.718320 3.354586
-1.718676 3.354430
-1.718569 3.353516
-1.719033 3.354274
-1.719389 3.354118
-1.719746 3.353962
-1.719455 3.353133
-1.720102 3.353805
-1.720459 3.353649
-1.720342 3.352749
-1.720815 3.353493
-1.721172 3.353337
-1.721528 3.353181
-1.721228 3.352366
-1.721885 3.353025
-1.722241 3.352869
-1.722115 3.351983
-1.722598 3.352713
-1.722954 3.352557
-1.723311 3.352401
-1.723001 3.351600
-1.723667 3.352245
-1.724024 3.352089
-1.723887 3.351216
-1.724380 3.351933
-1.724737 3.351777
-1.725093 3.351621
-1.724774 3.350833
-1.725450 3.351465
-1.725806 3.351309
-1.725660 3.350450
-1.726163 3.351153
-1.726519 3.350997
-1.726876 3.350841
-1.726547 3.350066
-1.727232 3.350684
-1.727589 3.350528
-1.727433 3.349683
-1.727945 3.350372
-1.728302 3.350216
-1.728658 3.350060
-1.728320 3.349300
-1.729014 3.349904
-1.729371 3.349748
-1.729206 3.348917
-1.729727 3.349592
-1.730084 3.349436
-1.730440 3.349280
-1.730093 3.348533
-1.730797 3.349124
-1.731153 3.348968
-1.730979 3.348150
-1.731510 3.348812
-1.731866 3.348656
-1.732223 3.348500
-1.731866 3.347767
-1.732579 3.348344
-1.732936 3.348188
-1.732752 3.347383
-1.733292 3.348032
-1.733649 3.347876
-1.734005 3.347720
-1.733639 3.347000
-1.734362 3.347563
-1.734718 3.347407
-1.734525 3.346617
-1.735075 3.347251
-1.735431 3.347095
-1.735412 3.346234
-1.735788 3.346939
-1.736144 3.346783
-1.736501 3.346627
-1.736298 3.345850
-1.736857 3.346471
-1.737214 3.346315
-1.737185 3.345467
-1.737570 3.346159
-1.737927 3.346003
-1.738283 3.345847
-1.738071 3.345084
-1.738640 3.345691
-1.738996 3.345535
-1.738958 3.344700
-1.739353 3.345379
-1.739709 3.345223
-1.740066 3.345067
-1.739844 3.344317
-1.740422 3.344911
-1.740779 3.344755
-1.740730 3.343934
-1.741135 3.344599
-1.741492 3.344442
-1.741848 3.344286
-1.741617 3.343551
-1.742205 3.344130
-1.742561 3.343974
-1.742503 3.343167
-1.742918 3.343818
-1.743274 3.343662
-1.743631 3.343506
-1.743390 3.342784
-1.743987 3.343350
-1.744344 3.343194
-1.744276 3.342401
-1.744700 3.343038
-1.745057 3.342882
-1.745413 3.342726
-1.745163 3.342017
-1.745770 3.342570
-1.746126 3.342414
-1.746049 3.341634
-1.746483 3.342258
-1.746839 3.342102
-1.747196 3.341946
-1.746936 3.341251
-1.747552 3.341790
-1.747909 3.341634
-1.747822 3.340868
-1.748265 3.341478
-1.748622 3.341321
-1.748978 3.341165
-1.748709 3.340484
-1.749335 3.341009
-1.749691 3.340853
-1.749595 3.340101
-1.750048 3.340697
-1.750404 3.340541
-1.750761 3.340385
-1.750482 3.339718
-1.751117 3.340229
-1.751474 3.340073
-1.751368 3.339334
-1.751830 3.339917
-1.752187 3.339761
-1.752543 3.339605
-1.752255 3.338951
-1.752900 3.339449
-1.753256 3.339293
-1.753141 3.338568
-1.753613 3.339137
-1.753969 3.338981
-1.754326 3.338825
-1.754028 3.338185
-1.754682 3.338669
-1.755039 3.338513
-1.754914 3.337801
-1.755395 3.338357
-1.755752 3.338200
-1.756108 3.338044
-1.755801 3.337418
-1.756465 3.337888
-1.756821 3.337732
-1.756687 3.337035
-1.757178 3.337576
-1.757534 3.337420
-1.757891 3.337264
-1.757574 3.336651
-1.758247 3.337108
-1.758604 3.336952
-1.758460 3.336268
-1.758960 3.336796
-1.759317 3.336640
-1.759346 3.335885
-1.759673 3.336484
-1.760030 3.336328
-1.760386 3.336172
-1.760233 3.335502
-1.760743 3.336016
-1.761099 3.335860
-1.761119 3.335118
-1.761456 3.335704
-1.761812 3.335548
-1.762168 3.335392
-1.762006 3.334735
-1.762525 3.335236
-1.762881 3.335079
-1.762892 3.334352
-1.763238 3.334923
-1.763594 3.334767
-1.763951 3.334611
-1.763779 3.333968
-1.764307 3.334455
-1.764664 3.334299
-1.764665 3.333585
-1.765020 3.334143
-1.765377 3.333987
-1.765733 3.333831
-1.765552 3.333202
-1.766090 3.333675
-1.766446 3.333519
-1.766438 3.332819
-1.766803 3.333363
-1.767159 3.333207
-1.767516 3.333051
-1.767325 3.332435
-1.767872 3.332895
-1.768229 3.332739
-1.768211 3.332052
-1.768585 3.332583
-1.768942 3.332427
-1.769298 3.332271
-1.769098 3.331669
-1.769655 3.332115
-1.770011 3.331958
-1.769984 3.331285
-1.770368 3.331802
-1.770724 3.331646
-1.771081 3.331490
-1.770871 3.330902
-1.771437 3.331334
-1.771794 3.331178
-1.771757 3.330519
-1.772150 3.331022
-1.772507 3.330866
-1.772863 3.330710
-1.772644 3.330136
-1.773220 3.330554
-1.773576 3.330398
-1.773530 3.329752
-1.773933 3.330242
-1.774289 3.330086
-1.774646 3.329930
-1.774417 3.329369
-1.775002 3.329774
-1.775359 3.329618
-1.775303 3.328986
-1.775715 3.329462
-1.776072 3.329306
-1.776428 3.329150
-1.776189 3.328602
-1.776785 3.328994
-1.777141 3.328837
-1.777076 3.328219
-1.777498 3.328681
-1.777854 3.328525
-1.778211 3.328369
-1.777962 3.327836
-1.778567 3.328213
-1.778924 3.328057
-1.778849 3.327453
-1.779280 3.327901
-1.779637 3.327745
-1.779993 3.327589
-1.779735 3.327069
-1.780350 3.327433
-1.780706 3.327277
-1.780622 3.326686
-1.781063 3.327121
-1.781419 3.326965
-1.781776 3.326809
-1.781508 3.326303
-1.782132 3.326653
-1.782489 3.326497
-1.782395 3.325919
-1.782845 3.326341
-1.783202 3.326185
-1.783281 3.325536
-1.783558 3.326029
-1.783915 3.325873
-1.784271 3.325716
-1.784168 3.325153
-1.784628 3.325560
-1.784984 3.325404
-1.785054 3.324770
-1.785341 3.325248
-1.785697 3.325092
-1.786054 3.324936
-1.785941 3.324386
-1.786410 3.324780
-1.786767 3.324624
-1.786827 3.324003
-1.787123 3.324468
-1.787480 3.324312
-1.787836 3.324156
-1.787714 3.323620
-1.788193 3.324000
-1.788549 3.323844
-1.788600 3.323237
-1.788906 3.323688
-1.789262 3.323532
-1.789619 3.323376
-1.789487 3.322853
-1.789975 3.323220
-1.790332 3.323064
-1.790373 3.322470
-1.790688 3.322908
-1.791045 3.322752
-1.791401 3.322595
-1.791260 3.322087
-1.791758 3.322439
-1.792114 3.322283
-1.792146 3.321703
-1.792471 3.322127
-1.792827 3.321971
-1.793184 3.321815
-1.793032 3.321320
-1.793540 3.321659
-1.793897 3.321503
-1.793919 3.320937
-1.794253 3.321347
-1.794609 3.321191
-1.794966 3.321035
-1.794805 3.320554
-1.795322 3.320879
-1.795679 3.320723
-1.795692 3.320170
-1.796035 3.320567
-1.796392 3.320411
-1.796748 3.320255
-1.796578 3.319787
-1.797105 3.320099
-1.797461 3.319943
-1.797465 3.319404
-1.797818 3.319787
-1.798174 3.319631
-1.798531 3.319474
-1.798351 3.319020
-1.798887 3.319318
-1.799244 3.319162
-1.799238 3.318637
-1.799600 3.319006
-1.799957 3.318850
-1.800313 3.318694
-1.800124 3.318254
-1.800670 3.318538
-1.801026 3.318382
-1.801011 3.317871
-1.801383 3.318226
-1.801739 3.318070
-1.802096 3.317914
-1.801897 3.317487
-1.802452 3.317758
-1.802809 3.317602
-1.802784 3.317104
-1.803165 3.317446
-1.803522 3.317290
-1.803878 3.317134
-1.803670 3.316721
-1.804235 3.316978
-1.804591 3.316822
-1.804557 3.316337
-1.804948 3.316666
-1.805304 3.316510
-1.805443 3.315954
-1.805661 3.316353
-1.806017 3.316197
-1.806374 3.316041
-1.806330 3.315571
-1.806730 3.315885
-1.807087 3.315729
-1.807216 3.315188
-1.807443 3.315573
-1.807800 3.315417
-1.808156 3.315261
-1.808103 3.314804
-1.808513 3.315105
-1.808869 3.314949
-1.808989 3.314421
-1.809226 3.314793
-1.809582 3.314637
-1.809939 3.314481
-1.809875 3.314038
-1.810295 3.314325
-1.810652 3.314169
-1.810762 3.313654
-1.811008 3.314013
-1.811365 3.313857
-1.811721 3.313701
-1.811648 3.313271
-1.812078 3.313545
-1.812434 3.313389
-1.812535 3.312888
-1.812791 3.313232
-1.813147 3.313076
-1.813504 3.312920
-1.813421 3.312505
-1.813860 3.312764
-1.814217 3.312608
-1.814308 3.312121
-1.814573 3.312452
-1.814930 3.312296
-1.815286 3.312140
-1.815194 3.311738
-1.815643 3.311984
-1.815999 3.311828
-1.816081 3.311355
-1.816356 3.311672
-1.816712 3.311516
-1.817069 3.311360
-1.816967 3.310971
-1.817425 3.311204
-1.817782 3.311048
-1.817854 3.310588
-1.818138 3.310892
-1.818495 3.310736
-1.818851 3.310580
-1.818740 3.310205
-1.819208 3.310424
-1.819564 3.310268
-1.819627 3.309822
-1.819921 3.310111
-1.820277 3.309955
-1.820634 3.309799
-1.820513 3.309438
-1.820990 3.309643
-1.821347 3.309487
-1.821400 3.309055
-1.821703 3.309331
-1.822060 3.309175
-1.822416 3.309019
-1.822286 3.308672
-1.822773 3.308863
-1.823129 3.308707
-1.823173 3.308288
-1.823486 3.308551
-1.823842 3.308395
-1.824199 3.308239
-1.824059 3.307905
-1.824555 3.308083
-1.824912 3.307927
-1.824946 3.307522
-1.825268 3.307771
-1.825625 3.307615
-1.825981 3.307459
-1.825832 3.307139
-1.826338 3.307303
-1.826694 3.307147
-1.826718 3.306755
-1.827050 3.306990
-1.827407 3.306834
-1.827763 3.306678
-1.827605 3.306372
-1.828120 3.306522
-1.828476 3.306366
-1.828491 3.305989
-1.828833 3.306210
-1.829189 3.306054
-1.829378 3.305605
-1.829546 3.305898
-1.829902 3.305742
-1.830259 3.305586
-1.830264 3.305222
-1.830615 3.305430
-1.830972 3.305274
-1.831151 3.304839
-1.831328 3.305118
-1.831685 3.304962
-1.832041 3.304806
-1.832037 3.304456
-1.832398 3.304650
-1.832754 3.304494
-1.832924 3.304072
-1.833111 3.304338
-1.833467 3.304182
-1.833824 3.304026
-1.833810 3.303689
-1.834180 3.303869
-1.834537 3.303713
-1.834697 3.303306
-1.834893 3.303557
-1.835250 3.303401
-1.835606 3.303245
-1.835583 3.302922
-1.835963 3.303089
-1.836319 3.302933
-1.836470 3.302539
-1.836676 3.302777
-1.837032 3.302621
-1.837389 3.302465
-1.837356 3.302156
-1.837745 3.302309
-1.838102 3.302153
-1.838243 3.301773
-1.838458 3.301997
-1.838815 3.301841
-1.839171 3.301685
-1.839129 3.301389
-1.839528 3.301529
-1.839884 3.301373
-1.840016 3.301006
-1.840241 3.301217
-1.840597 3.301061
-1.840954 3.300905
-1.840902 3.300623
-1.841310 3.300748
-1.841667 3.300592
-1.841789 3.300239
-1.842023 3.300436
-1.842380 3.300280
-1.842736 3.300124
-1.842675 3.299856
-1.843093 3.299968
-1.843449 3.299812
-1.843561 3.299473
-1.843806 3.299656
-1.844162 3.299500
-1.844519 3.299344
-1.844448 3.299090
-1.844875 3.299188
-1.845232 3.299032
-1.845334 3.298706
-1.845588 3.298876
-1.845945 3.298720
-1.846301 3.298564
-1.846221 3.298323
-1.846658 3.298408
-1.847014 3.298252
-1.847107 3.297940
-1.847371 3.298096
-1.847727 3.297940
-1.848084 3.297784
-1.847994 3.297556
-1.848440 3.297627
-1.848797 3.297471
-1.848880 3.297173
-1.849153 3.297315
-1.849510 3.297159
-1.849866 3.297003
-1.849767 3.296790
-1.850223 3.296847
-1.850579 3.296691
-1.850653 3.296407
-1.850936 3.296535
-1.851292 3.296379
-1.851649 3.296223
-1.851540 3.296023
-1.852005 3.296067
-1.852362 3.295911
-1.852426 3.295640
-1.852718 3.295755
-1.853075 3.295599
-1.853313 3.295257
-1.853431 3.295443
-1.853788 3.295287
-1.854144 3.295131
-1.854199 3.294873
-1.854501 3.294975
-1.854857 3.294819
-1.855086 3.294490
-1.855214 3.294663
-1.855570 3.294506
-1.855927 3.294350
-1.855972 3.294107
-1.856283 3.294194
-1.856640 3.294038
-1.856859 3.293724
-1.856996 3.293882
-1.857353 3.293726
-1.857709 3.293570
-1.857745 3.293340
-1.858066 3.293414
-1.858422 3.293258
-1.858632 3.292957
-1.858779 3.293102
-1.859135 3.292946
-1.859492 3.292790
-1.859518 3.292574
-1.859848 3.292634
-1.860204 3.292478
-1.860405 3.292190
-1.860561 3.292322
-1.860917 3.292166
-1.861274 3.292010
-1.861291 3.291807
-1.861630 3.291854
-1.861987 3.291698
-1.862177 3.291424
-1.862343 3.291541
-1.862700 3.291385
-1.863056 3.291229
-1.863064 3.291041
-1.863413 3.291073
-1.863769 3.290917
-1.863950 3.290657
-1.864126 3.290761
-1.864482 3.290605
-1.864839 3.290449
-1.864837 3.290274
-1.865195 3.290293
-1.865552 3.290137
-1.865723 3.289891
-1.865908 3.289981
-1.866265 3.289825
-1.866621 3.289669
-1.866610 3.289507
-1.866978 3.289513
-1.867334 3.289357
-1.867496 3.289124
-1.867691 3.289201
-1.868047 3.289045
-1.868404 3.288889
-1.868383 3.288741
-1.868760 3.288733
-1.869117 3.288577
-1.869269 3.288358
-1.869473 3.288420
-1.869830 3.288264
-1.870186 3.288108
-1.870156 3.287974
-1.870543 3.287952
-1.870899 3.287796
-1.871042 3.287591
-1.871256 3.287640
-1.871612 3.287484
-1.871969 3.287328
-1.871929 3.287208
-1.872325 3.287172
-1.872682 3.287016
-1.872815 3.286825
-1.873038 3.286860
-1.873395 3.286704
-1.873751 3.286548
-1.873702 3.286441
-1.874108 3.286392
-1.874464 3.286236
-1.874588 3.286058
-1.874821 3.286080
-1.875177 3.285924
-1.875475 3.285675
-1.875534 3.285768
-1.875890 3.285612
-1.876247 3.285456
-1.876361 3.285291
-1.876603 3.285299
-1.876960 3.285143
-1.877248 3.284908
-1.877316 3.284987
-1.877673 3.284831
-1.878029 3.284675
-1.878134 3.284525
-1.878386 3.284519
-1.878742 3.284363
-1.879020 3.284142
-1.879099 3.284207
-1.879455 3.284051
-1.879812 3.283895
-1.879907 3.283758
-1.880168 3.283739
-1.880525 3.283583
-1.880793 3.283375
-1.880881 3.283427
-1.881238 3.283271
-1.881594 3.283115
-1.881680 3.282992
-1.881951 3.282959
-1.882307 3.282803
-1.882566 3.282608
-1.882664 3.282647
-1.883020 3.282491
-1.883377 3.282335
-1.883453 3.282225
-1.883733 3.282178
-1.884090 3.282022
-1.884339 3.281842
-1.884446 3.281866
-1.884803 3.281710
-1.885159 3.281554
-1.885226 3.281459
-1.885516 3.281398
-1.885872 3.281242
-1.886112 3.281075
-1.886229 3.281086
-1.886585 3.280930
-1.886942 3.280774
-1.886999 3.280692
-1.887298 3.280618
-1.887655 3.280462
-1.887885 3.280309
-1.888011 3.280306
-1.888368 3.280150
-1.888724 3.279994
-1.888772 3.279925
-1.889081 3.279838
-1.889437 3.279682
-1.889658 3.279542
-1.889794 3.279526
-1.890150 3.279370
-1.890507 3.279214
-1.890545 3.279159
-1.890863 3.279057
-1.891220 3.278901
-1.891431 3.278776
-1.891576 3.278745
-1.891933 3.278589
-1.892289 3.278433
-1.892318 3.278392
-1.892645 3.278277
-1.893002 3.278121
-1.893204 3.278009
-1.893358 3.277965
-1.893715 3.277809
-1.894071 3.277653
-1.894091 3.277626
-1.894428 3.277497
-1.894784 3.277341
-1.894977 3.277242
-1.895141 3.277185
-1.895497 3.277029
-1.895854 3.276873
-1.895863 3.276859
-1.896210 3.276717
-1.896567 3.276561
-1.896750 3.276476