1.245358 2.574413
1.245089 2.574656
1.244925 2.574831
1.244492 2.575248
1.244388 2.575316
1.244059 2.575666
1.243687 2.575976
1.243626 2.576083
1.243193 2.576500
1.242985 2.576636
1.242760 2.576918
1.242327 2.577335
1.242284 2.577296
1.241894 2.577753
1.241583 2.577956
1.241461 2.578170
1.241028 2.578587
1.240881 2.578616
1.240595 2.579005
1.240180 2.579276
1.240162 2.579422
1.239729 2.579839
1.239479 2.579936
1.239296 2.580257
1.238863 2.580674
1.238778 2.580596
1.238430 2.581092
1.238076 2.581256
1.237997 2.581509
1.237564 2.581926
1.237375 2.581916
1.237131 2.582344
1.236674 2.582576
1.236698 2.582761
1.236265 2.583179
1.235972 2.583236
1.235832 2.583596
1.235399 2.584013
1.235271 2.583896
1.234966 2.584431
1.234570 2.584556
1.234533 2.584848
1.234100 2.585266
1.233868 2.585216
1.233667 2.585683
1.233167 2.585876
1.233234 2.586100
1.232801 2.586518
1.232466 2.586536
1.232368 2.586935
1.231935 2.587352
1.231764 2.587196
1.231502 2.587770
1.231063 2.587856
1.231069 2.588187
1.230636 2.588605
1.230362 2.588516
1.230203 2.589022
1.229660 2.589176
1.229770 2.589439
1.229337 2.589857
1.228959 2.589836
1.228904 2.590274
1.228471 2.590692
1.228258 2.590496
1.228038 2.591109
1.227556 2.591156
1.227605 2.591526
1.227172 2.591944
1.226855 2.591816
1.226739 2.592361
1.226306 2.592779
1.226154 2.592476
1.225873 2.593196
1.225452 2.593136
1.225440 2.593613
1.225007 2.594031
1.224751 2.593796
1.224574 2.594448
1.224050 2.594456
1.224141 2.594865
1.223708 2.595283
1.223348 2.595116
1.223275 2.595700
1.222842 2.596118
1.222647 2.595776
1.222409 2.596535
1.221946 2.596436
1.221976 2.596952
1.221543 2.597370
1.221244 2.597096
1.221110 2.597787
1.220543 2.597756
1.220678 2.598205
1.220245 2.598622
1.219842 2.598416
1.219812 2.599039
1.219379 2.599457
1.219140 2.599076
1.218946 2.599874
1.218439 2.599736
1.218513 2.600292
1.218080 2.600709
1.217738 2.600396
1.217647 2.601126
1.217037 2.601056
1.217214 2.601544
1.216781 2.601961
1.216335 2.601716
1.216348 2.602378
1.215915 2.602796
1.215634 2.602376
1.215482 2.603213
1.214933 2.603036
1.215049 2.603631
1.214616 2.604048
1.214231 2.603696
1.214183 2.604465
1.213530 2.604356
1.213750 2.604883
1.213317 2.605300
1.212829 2.605016
1.212884 2.605718
1.212451 2.606135
1.212127 2.605676
1.212018 2.606552
1.211426 2.606336
1.211585 2.606970
1.211152 2.607387
1.210725 2.606996
1.210719 2.607805
1.210286 2.608222
1.210023 2.607656
1.209853 2.608639
1.209322 2.608316
1.209420 2.609057
1.208987 2.609474
1.208621 2.608977
1.208554 2.609891
1.207919 2.609637
1.208121 2.610309
1.207688 2.610726
1.207218 2.610297
1.207255 2.611144
1.206822 2.611561
1.206517 2.610957
1.206389 2.611978
1.205815 2.611617
1.205956 2.612396
1.205523 2.612813
1.205114 2.612277
1.205090 2.613231
1.204413 2.612937
1.204657 2.613648
1.204224 2.614065
1.203711 2.613597
1.203791 2.614483
1.203358 2.614900
1.203010 2.614257
1.202925 2.615318
1.202309 2.614917
1.202492 2.615735
1.202059 2.616152
1.201607 2.615577
1.201626 2.616570
1.200906 2.616237
1.201193 2.616987
1.200760 2.617404
1.200205 2.616897
1.200327 2.617822
1.199894 2.618239
1.199503 2.617557
1.199461 2.618657
1.198802 2.618217
1.199028 2.619074
1.198595 2.619491
1.198101 2.618877
1.198162 2.619909
1.197399 2.619537
1.197729 2.620326
1.197100 2.620916
1.196698 2.620197
1.196471 2.621505
1.195997 2.620857
1.195841 2.622095
1.195296 2.621517
1.195212 2.622684
1.194594 2.622177
1.194583 2.623274
1.193893 2.622837
1.193954 2.623864
1.193192 2.623497
1.193324 2.624453
1.192490 2.624157
1.192695 2.625043
1.191789 2.624817
1.192066 2.625632
1.191436 2.626222
1.191088 2.625477
1.190807 2.626811
1.190386 2.626137
1.190178 2.627401
1.189685 2.626797
1.189549 2.627990
1.188984 2.627457
1.188919 2.628580
1.188282 2.628117
1.188290 2.629169
1.187581 2.628777
1.187661 2.629759
1.186880 2.629437
1.187032 2.630349
1.186178 2.630097
1.186402 2.630938
1.185477 2.630757
1.185773 2.631528
1.185144 2.632117
1.184776 2.631417
1.184514 2.632707
1.184074 2.632077
1.183885 2.633296
1.183373 2.632737
1.183256 2.633886
1.182672 2.633397
1.182627 2.634475
1.181970 2.634057
1.181997 2.635065
1.181269 2.634717
1.181368 2.635655
1.180568 2.635377
1.180739 2.636244
1.179866 2.636037
1.180109 2.636834
1.179165 2.636697
1.179480 2.637423
1.178851 2.638013
1.178464 2.637357
1.178222 2.638602
1.177762 2.638017
1.177592 2.639192
1.177061 2.638677
1.176963 2.639781
1.176360 2.639337
1.176334 2.640371
1.175659 2.639997
1.175705 2.640960
1.174957 2.640657
1.175075 2.641550
1.174256 2.641317
1.174446 2.642140
1.173555 2.641977
1.173817 2.642729
1.173187 2.643319
1.172853 2.642637
1.172558 2.643908
1.172152 2.643297
1.171929 2.644498
1.171451 2.643957
1.171300 2.645087
1.170749 2.644617
1.170670 2.645677
1.170048 2.645277
1.170041 2.646266
1.169347 2.645937
1.169412 2.646856
1.168645 2.646597
1.168783 2.647446
1.167944 2.647257
1.168153 2.648035
1.167243 2.647917
1.167524 2.648625
1.166895 2.649214
1.166541 2.648577
1.166265 2.649804
1.165840 2.649237
1.165636 2.650393
1.165139 2.649897
1.165007 2.650983
1.164437 2.650557
1.164378 2.651572
1.163736 2.651217
1.163748 2.652162
1.163035 2.651877
1.163119 2.652751
1.162333 2.652537
1.162490 2.653341
1.161632 2.653197
1.161860 2.653931
1.161231 2.654520
1.160931 2.653857
1.160602 2.655110
1.160229 2.654517
1.159973 2.655699
1.159528 2.655177
1.159343 2.656289
1.158827 2.655837
1.158714 2.656878
1.158125 2.656497
1.158085 2.657468
1.157424 2.657157
1.157456 2.658057
1.156723 2.657817
1.156826 2.658647
1.156021 2.658477
1.156197 2.659237
1.155320 2.659137
1.155568 2.659826
1.154938 2.660416
1.154619 2.659797
1.154309 2.661005
1.153918 2.660457
1.153680 2.661595
1.153216 2.661117
1.153051 2.662184
1.152515 2.661777
1.152421 2.662774
1.151814 2.662437
1.151792 2.663363
1.151112 2.663097
1.151163 2.663953
1.150411 2.663757
1.150534 2.664543
1.149710 2.664417
1.149904 2.665132
1.149008 2.665077
1.149275 2.665722
1.148646 2.666311
1.148307 2.665737
1.148016 2.666901
1.147606 2.666397
1.147387 2.667490
1.146904 2.667057
1.146758 2.668080
1.146203 2.667717
1.146129 2.668669
1.145502 2.668377
1.145499 2.669259
1.144800 2.669037
1.144870 2.669848
1.144099 2.669697
1.144241 2.670438
1.143398 2.670357
1.143611 2.671028
1.142982 2.671617
1.142696 2.671017
1.142353 2.672207
1.141995 2.671677
1.141724 2.672796
1.141294 2.672337
1.141094 2.673386
1.140592 2.672997
1.140465 2.673975
1.139891 2.673657
1.139836 2.674565
1.139190 2.674317
1.139207 2.675154
1.138488 2.674977
1.138577 2.675744
1.137787 2.675637
1.137948 2.676334
1.137086 2.676297
1.137319 2.676923
1.136689 2.677513
1.136384 2.676957
1.136060 2.678102
1.135683 2.677618
1.135431 2.678692
1.134982 2.678278
1.134802 2.679281
1.134281 2.678938
1.134172 2.679871
1.133579 2.679598
1.133543 2.680460
1.132878 2.680258
1.132914 2.681050
1.132177 2.680918
1.132285 2.681639
1.131475 2.681578
1.131655 2.682229
1.131026 2.682819
1.130774 2.682238
1.130397 2.683408
1.130073 2.682898
1.129767 2.683998
1.129371 2.683558
1.129138 2.684587
1.128670 2.684218
1.128509 2.685177
1.127969 2.684878
1.127880 2.685766
1.127267 2.685538
1.127250 2.686356
1.126566 2.686198
1.126621 2.686945
1.125865 2.686858
1.125992 2.687535
1.125163 2.687518
1.125362 2.688125
1.124733 2.688714
1.124462 2.688178
1.124104 2.689304
1.123761 2.688838
1.123475 2.689893
1.123059 2.689498
1.122845 2.690483
1.122358 2.690158
1.122216 2.691072
1.121657 2.690818
1.121587 2.691662
1.120955 2.691478
1.120958 2.692251
1.120254 2.692138
1.120328 2.692841
1.119553 2.692798
1.119699 2.693430
1.118851 2.693458
1.119070 2.694020
1.118440 2.694610
1.118150 2.694118
1.117811 2.695199
1.117449 2.694778
1.117182 2.695789
1.116747 2.695438
1.116553 2.696378
1.116046 2.696098
1.115923 2.696968
1.115345 2.696758
1.115294 2.697557
1.114643 2.697418
1.114665 2.698147
1.113942 2.698078
1.114036 2.698736
1.113241 2.698738
1.113406 2.699326
1.112777 2.699916
1.112540 2.699398
1.112148 2.700505
1.111838 2.700058
1.111518 2.701095
1.111137 2.700718
1.110889 2.701684
1.110436 2.701378
1.110260 2.702274
1.109734 2.702038
1.109631 2.702863
1.109033 2.702698
1.109001 2.703453
1.108332 2.703358
1.108372 2.704042
1.107630 2.704018
1.107743 2.704632
1.106929 2.704678
1.107113 2.705222
1.106484 2.705811
1.106228 2.705338
1.105855 2.706401
1.105526 2.705998
1.105226 2.706990
1.104825 2.706658
1.104596 2.707580
1.104124 2.707318
1.103967 2.708169
1.103422 2.707978
1.103338 2.708759
1.102721 2.708638
1.102709 2.709348
1.102020 2.709298
1.102079 2.709938
1.101318 2.709958
1.101450 2.710527
1.100821 2.711117
1.100617 2.710618
1.100191 2.711707
1.099916 2.711278
1.099562 2.712296
1.099214 2.711938
1.098933 2.712886
1.098513 2.712598
1.098304 2.713475
1.097812 2.713258
1.097674 2.714065
1.097110 2.713918
1.097045 2.714654
1.096409 2.714578
1.096416 2.715244
1.095708 2.715238
1.095787 2.715833
1.095006 2.715898
1.095157 2.716423
1.094528 2.717013
1.094305 2.716558
1.093899 2.717602
1.093604 2.717218
1.093269 2.718192
1.092902 2.717878
1.092640 2.718781
1.092201 2.718538
1.092011 2.719371
1.091500 2.719198
1.091382 2.719960
1.090799 2.719858
1.090752 2.720550
1.090097 2.720518
1.090123 2.721139
1.089396 2.721178
1.089494 2.721729
1.088695 2.721838
1.088864 2.722318
1.088235 2.722908
1.087993 2.722498
1.087606 2.723498
1.087292 2.723158
1.086977 2.724087
1.086591 2.723818
1.086347 2.724677
1.085889 2.724478
1.085718 2.725266
1.085188 2.725138
1.085089 2.725856
1.084487 2.725798
1.084460 2.726445
1.083785 2.726458
1.083830 2.727035
1.083084 2.727118
1.083201 2.727624
1.082572 2.728214
1.082383 2.727778
1.081942 2.728804
1.081681 2.728438
1.081313 2.729393
1.080980 2.729098
1.080684 2.729983
1.080279 2.729758
1.080055 2.730572
1.079577 2.730418
1.079425 2.731162
1.078876 2.731078
1.078796 2.731751
1.078175 2.731738
1.078167 2.732341
1.077473 2.732398
1.077538 2.732930
1.076772 2.733058
1.076908 2.733520
1.076279 2.734109
1.076071 2.733718
1.075650 2.734699
1.075369 2.734378
1.075020 2.735289
1.074668 2.735038
1.074391 2.735878
1.073967 2.735698
1.073762 2.736468
1.073265 2.736358
1.073133 2.737057
1.072564 2.737018
1.072503 2.737647
1.071863 2.737678
1.071874 2.738236
1.071162 2.738338
1.071245 2.738826
1.070460 2.738998
1.070615 2.739415
1.069986 2.740005
1.069759 2.739658
1.069357 2.740595
1.069058 2.740318
1.068728 2.741184
1.068356 2.740978
1.068098 2.741774
1.067655 2.741638
1.067469 2.742363
1.066954 2.742298
1.066840 2.742953
1.066252 2.742958
1.066211 2.743542
1.065551 2.743618
1.065581 2.744132
1.064850 2.744278
1.064952 2.744721
1.064323 2.745311
1.064148 2.744938
1.063693 2.745901
1.063447 2.745598
1.063064 2.746490
1.062746 2.746258
1.062435 2.747080
1.062044 2.746919
1.061806 2.747669
1.061343 2.747579
1.061176 2.748259
1.060642 2.748239
1.060547 2.748848
1.059940 2.748899
1.059918 2.749438
1.059239 2.749559
1.059289 2.750027
1.058538 2.750219
1.058659 2.750617
1.058030 2.751206
1.057836 2.750879
1.057401 2.751796
1.057135 2.751539
1.056771 2.752386
1.056434 2.752199
1.056142 2.752975
1.055732 2.752859
1.055513 2.753565
1.055031 2.753519
1.054884 2.754154
1.054330 2.754179
1.054254 2.754744
1.053628 2.754839
1.053625 2.755333
1.052927 2.755499
1.052996 2.755923
1.052366 2.756512
1.052226 2.756159
1.051737 2.757102
1.051524 2.756819
1.051108 2.757692
1.050823 2.757479
1.050479 2.758281
1.050122 2.758139
1.049849 2.758871
1.049421 2.758799
1.049220 2.759460
1.048719 2.759459
1.048591 2.760050
1.048018 2.760119
1.047962 2.760639
1.047317 2.760779
1.047332 2.761229
1.046615 2.761439
1.046703 2.761818
1.046074 2.762408
1.045914 2.762099
1.045444 2.762997
1.045213 2.762759
1.044815 2.763587
1.044511 2.763419
1.044186 2.764177
1.043810 2.764079
1.043557 2.764766
1.043109 2.764739
1.042927 2.765356
1.042407 2.765399
1.042298 2.765945
1.041706 2.766059
1.041669 2.766535
1.041005 2.766719
1.041039 2.767124
1.040303 2.767379
1.040410 2.767714
1.039781 2.768303
1.039602 2.768039
1.039152 2.768893
1.038901 2.768699
1.038522 2.769483
1.038199 2.769359
1.037893 2.770072
1.037498 2.770019
1.037264 2.770662
1.036797 2.770679
1.036635 2.771251
1.036095 2.771339
1.036005 2.771841
1.035394 2.771999
1.035376 2.772430
1.034693 2.772659
1.034747 2.773020
1.034117 2.773609
1.033991 2.773319
1.033488 2.774199
1.033290 2.773979
1.032859 2.774788
1.032589 2.774639
1.032230 2.775378
1.031887 2.775299
1.031600 2.775968
1.031186 2.775959
1.030971 2.776557
1.030485 2.776619
1.030342 2.777147
1.029783 2.777279
1.029713 2.777736
1.029082 2.777939
1.029083 2.778326
1.028381 2.778599
1.028454 2.778915
1.027825 2.779505
1.027680 2.779259
1.027195 2.780094
1.026978 2.779919
1.026566 2.780684
1.026277 2.780579
1.025937 2.781274
1.025576 2.781239
1.025308 2.781863
1.024874 2.781899
1.024678 2.782453
1.024173 2.782559
1.024049 2.783042
1.023472 2.783219
1.023420 2.783632
1.022770 2.783879
1.022790 2.784221
1.022069 2.784539
1.022161 2.784811
1.021532 2.785400
1.021368 2.785199
1.020903 2.785990
1.020666 2.785859
1.020273 2.786580
1.019965 2.786519
1.019644 2.787169
1.019264 2.787179
1.019015 2.787759
1.018562 2.787839
1.018386 2.788348
1.017861 2.788499
1.017756 2.788938
1.017160 2.789159
1.017127 2.789527
1.016458 2.789819
1.016498 2.790117
1.015868 2.790706
1.015757 2.790479
1.015239 2.791296
1.015056 2.791139
1.014610 2.791885
1.014354 2.791799
1.013981 2.792475
1.013653 2.792459
1.013351 2.793065
1.012952 2.793119
1.012722 2.793654
1.012250 2.793779
1.012093 2.794244
1.011549 2.794439
1.011464 2.794833
1.010848 2.795099
1.010834 2.795423
1.010146 2.795759
1.010205 2.796012
1.009576 2.796602
1.009445 2.796419
1.008946 2.797191
1.008744 2.797079
1.008317 2.797781
1.008043 2.797739
1.007688 2.798371
1.007341 2.798399
1.007059 2.798960
1.006640 2.799059
1.006429 2.799550
1.005939 2.799719
1.005800 2.800139
1.005237 2.800379
1.005171 2.800729
1.004536 2.801039
1.004541 2.801318
1.003912 2.801908
1.003835 2.801699
1.003283 2.802497
1.003133 2.802359
1.002654 2.803087
1.002432 2.803019
1.002024 2.803676
1.001731 2.803679
1.001395 2.804266
1.001029 2.804339
1.000766 2.804856
1.000328 2.804999
1.000137 2.805445
0.999627 2.805659
0.999507 2.806035
0.998925 2.806319
0.998878 2.806624
0.998224 2.806979
0.998249 2.807214
0.997619 2.807803
0.997523 2.807639
0.996990 2.808393
0.996821 2.808299
0.996361 2.808982
0.996120 2.808959
0.995732 2.809572
0.995419 2.809619
0.995102 2.810162
0.994717 2.810279
0.994473 2.810751
0.994016 2.810939
0.993844 2.811341
0.993315 2.811599
0.993215 2.811930
0.992613 2.812259
0.992585 2.812520
0.991912 2.812919
0.991956 2.813109
0.991327 2.813699
0.991211 2.813579
0.990697 2.814288
0.990509 2.814239
0.990068 2.814878
0.989808 2.814899
0.989439 2.815467
0.989107 2.815559
0.988810 2.816057
0.988405 2.816220
0.988180 2.816647
0.987704 2.816880
0.987551 2.817236
0.987003 2.817540
0.986922 2.817826
0.986302 2.818200
0.986292 2.818415
0.985663 2.819005
0.985600 2.818860
0.985034 2.819594
0.984899 2.819520
0.984405 2.820184
0.984198 2.820180
0.983775 2.820773
0.983496 2.820840
0.983146 2.821363
0.982795 2.821500
0.982517 2.821953
0.982094 2.822160
0.981888 2.822542
0.981392 2.822820
0.981258 2.823132
0.980691 2.823480
0.980629 2.823721
0.979990 2.824140
0.980000 2.824311
0.979370 2.824900
0.979288 2.824800
0.978741 2.825490
0.978587 2.825460
0.978112 2.826079
0.977886 2.826120
0.977483 2.826669
0.977184 2.826780
0.976853 2.827259
0.976483 2.827440
0.976224 2.827848
0.975782 2.828100
0.975595 2.828438
0.975080 2.828760
0.974966 2.829027
0.974379 2.829420
0.974336 2.829617
0.973678 2.830080
0.973707 2.830206
0.973078 2.830796
0.972976 2.830740
0.972448 2.831385
0.972275 2.831400
0.971819 2.831975
0.971574 2.832060
0.971190 2.832564
0.970872 2.832720
0.970561 2.833154
0.970171 2.833380
0.969931 2.833744
0.969470 2.834040
0.969302 2.834333
0.968768 2.834700
0.968673 2.834923
0.968067 2.835360
0.968043 2.835512
0.967414 2.836102
0.967366 2.836020
0.966785 2.836691
0.966664 2.836680
0.966156 2.837281
0.965963 2.837340
0.965526 2.837870
0.965262 2.838000
0.964897 2.838460
0.964561 2.838660
0.964268 2.839050
0.963859 2.839320
0.963639 2.839639
0.963158 2.839980
0.963009 2.840229
0.962457 2.840640
0.962380 2.840818
0.961755 2.841300
0.961751 2.841408
0.961121 2.841997
0.961054 2.841960
0.960492 2.842587
0.960353 2.842620
0.959863 2.843176
0.959651 2.843280
0.959234 2.843766
0.958950 2.843940
0.958604 2.844355
0.958249 2.844600
0.957975 2.844945
0.957547 2.845260
0.957346 2.845535
0.956846 2.845920
0.956717 2.846124
0.956145 2.846580
0.956087 2.846714
0.955443 2.847240
0.955458 2.847303
0.954829 2.847893
0.954742 2.847900
0.954199 2.848482
0.954041 2.848560
0.953570 2.849072
0.953339 2.849220
0.952941 2.849661
0.952638 2.849880
0.952312 2.850251
0.951937 2.850540
0.951682 2.850841
0.951235 2.851200
0.951053 2.851430
0.950534 2.851860
0.950424 2.852020
0.949833 2.852520
0.949794 2.852609
0.949165 2.853199
0.949131 2.853180
0.948536 2.853788
0.948430 2.853840
0.947907 2.854378
0.947729 2.854500
0.947277 2.854967
0.947027 2.855160
0.946648 2.855557
0.946326 2.855820
0.946019 2.856146
0.945625 2.856480
0.945390 2.856736
0.944924 2.857140
0.944760 2.857326
0.944222 2.857800
0.944131 2.857915
0.943521 2.858460
0.943502 2.858505
0.942872 2.859094
0.942820 2.859120
0.942243 2.859684
0.942118 2.859780
0.941614 2.860273
0.941417 2.860440
0.940985 2.860863
0.940716 2.861100
0.940355 2.861452
0.940014 2.861760
0.939726 2.862042
0.939313 2.862420
0.939097 2.862632
0.938612 2.863080
0.938468 2.863221
0.937910 2.863740
0.937838 2.863811