2.980787 -1.853312
2.980754 -1.853091
2.980689 -1.852542
2.980623 -1.852099
2.980591 -1.851772
2.980492 -1.851107
2.980493 -1.851001
2.980395 -1.850231
2.980361 -1.850116
2.980297 -1.849461
2.980230 -1.849124
2.980198 -1.848691
2.980099 -1.848132
2.980100 -1.847920
2.979968 -1.847141
2.980002 -1.847150
2.979904 -1.846380
2.979837 -1.846149
2.979806 -1.845610
2.979706 -1.845157
2.979708 -1.844839
2.979575 -1.844166
2.979610 -1.844069
2.979511 -1.843299
2.979444 -1.843174
2.979413 -1.842529
2.979313 -1.842183
2.979315 -1.841758
2.979182 -1.841191
2.979217 -1.840988
2.979051 -1.840199
2.979119 -1.840218
2.979021 -1.839448
2.978920 -1.839208
2.978923 -1.838677
2.978789 -1.838216
2.978824 -1.837907
2.978658 -1.837224
2.978726 -1.837137
2.978628 -1.836367
2.978527 -1.836233
2.978530 -1.835596
2.978396 -1.835241
2.978432 -1.834826
2.978265 -1.834249
2.978334 -1.834056
2.978134 -1.833258
2.978236 -1.833286
2.978138 -1.832515
2.978003 -1.832266
2.978039 -1.831745
2.977872 -1.831274
2.977941 -1.830975
2.977741 -1.830283
2.977843 -1.830205
2.977745 -1.829434
2.977610 -1.829291
2.977647 -1.828664
2.977479 -1.828299
2.977549 -1.827894
2.977348 -1.827308
2.977451 -1.827124
2.977217 -1.826316
2.977352 -1.826353
2.977254 -1.825583
2.977086 -1.825325
2.977156 -1.824813
2.976955 -1.824333
2.977058 -1.824043
2.976824 -1.823341
2.976960 -1.823272
2.976862 -1.822502
2.976693 -1.822350
2.976764 -1.821732
2.976562 -1.821358
2.976665 -1.820962
2.976431 -1.820366
2.976567 -1.820191
2.976300 -1.819375
2.976469 -1.819421
2.976371 -1.818651
2.976169 -1.818383
2.976273 -1.817881
2.976038 -1.817391
2.976175 -1.817110
2.975907 -1.816400
2.976077 -1.816340
2.975979 -1.815570
2.975776 -1.815408
2.975880 -1.814800
2.975645 -1.814416
2.975782 -1.814029
2.975514 -1.813425
2.975684 -1.813259
2.975383 -1.812433
2.975586 -1.812489
2.975488 -1.811719
2.975252 -1.811441
2.975390 -1.810948
2.975121 -1.810450
2.975292 -1.810178
2.974990 -1.809458
2.975193 -1.809408
2.975095 -1.808638
2.974859 -1.808467
2.974997 -1.807867
2.974728 -1.807475
2.974899 -1.807097
2.974597 -1.806483
2.974801 -1.806327
2.974466 -1.805492
2.974703 -1.805557
2.974605 -1.804786
2.974335 -1.804500
2.974506 -1.804016
2.974203 -1.803508
2.974408 -1.803246
2.974072 -1.802517
2.974310 -1.802476
2.974212 -1.801705
2.973941 -1.801525
2.974114 -1.800935
2.973810 -1.800533
2.974016 -1.800165
2.973679 -1.799542
2.973918 -1.799395
2.973548 -1.798550
2.973819 -1.798624
2.973721 -1.797854
2.973417 -1.797558
2.973623 -1.797084
2.973286 -1.796567
2.973525 -1.796314
2.973155 -1.795575
2.973427 -1.795543
2.973329 -1.794773
2.973024 -1.794583
2.973231 -1.794003
2.972893 -1.793592
2.973133 -1.793233
2.972762 -1.792600
2.973034 -1.792462
2.972631 -1.791609
2.972936 -1.791692
2.972838 -1.790922
2.972500 -1.790617
2.972740 -1.790152
2.972369 -1.789625
2.972642 -1.789381
2.972238 -1.788634
2.972544 -1.788611
2.972107 -1.787642
2.972446 -1.787841
2.972347 -1.787071
2.971976 -1.786650
2.972249 -1.786300
2.971845 -1.785659
2.972151 -1.785530
2.971714 -1.784667
2.972053 -1.784760
2.971955 -1.783990
2.971583 -1.783675
2.971857 -1.783219
2.971452 -1.782684
2.971759 -1.782449
2.971321 -1.781692
2.971660 -1.781679
2.971190 -1.780700
2.971562 -1.780909
2.971464 -1.780138
2.971059 -1.779709
2.971366 -1.779368
2.970928 -1.778717
2.971268 -1.778598
2.970797 -1.777725
2.971170 -1.777828
2.971072 -1.777057
2.970666 -1.776734
2.970974 -1.776287
2.970535 -1.775742
2.970875 -1.775517
2.970404 -1.774751
2.970777 -1.774747
2.970273 -1.773759
2.970679 -1.773976
2.970581 -1.773206
2.970142 -1.772767
2.970483 -1.772436
2.970011 -1.771776
2.970385 -1.771666
2.969880 -1.770784
2.970287 -1.770895
2.970188 -1.770125
2.969749 -1.769792
2.970090 -1.769355
2.969618 -1.768801
2.969992 -1.768585
2.969487 -1.767809
2.969894 -1.767814
2.969356 -1.766817
2.969796 -1.767044
2.969698 -1.766274
2.969225 -1.765826
2.969600 -1.765504
2.969094 -1.764834
2.969501 -1.764733
2.968963 -1.763842
2.969403 -1.763963
2.969305 -1.763193
2.968832 -1.762851
2.969207 -1.762423
2.968701 -1.761859
2.969109 -1.761652
2.968570 -1.760867
2.969011 -1.760882
2.968439 -1.759876
2.968913 -1.760112
2.968815 -1.759342
2.968308 -1.758884
2.968716 -1.758571
2.968177 -1.757893
2.968618 -1.757801
2.968046 -1.756901
2.968520 -1.757031
2.968422 -1.756261
2.967915 -1.755909
2.968324 -1.755490
2.967784 -1.754918
2.968226 -1.754720
2.967653 -1.753926
2.968128 -1.753950
2.967522 -1.752934
2.968029 -1.753180
2.967931 -1.752409
2.967391 -1.751943
2.967833 -1.751639
2.967260 -1.750951
2.967735 -1.750869
2.967129 -1.749959
2.967637 -1.750099
2.967539 -1.749328
2.966998 -1.748968
2.967441 -1.748558
2.966867 -1.747976
2.967342 -1.747788
2.966736 -1.746984
2.967244 -1.747018
2.966605 -1.745993
2.967146 -1.746247
2.967048 -1.745477
2.966474 -1.745001
2.966950 -1.744707
2.966342 -1.744009
2.966852 -1.743937
2.966211 -1.743018
2.966754 -1.743166
2.966655 -1.742396
2.966080 -1.742026
2.966557 -1.741626
2.965949 -1.741035
2.966459 -1.740856
2.965818 -1.740043
2.966361 -1.740085
2.965687 -1.739051
2.966263 -1.739315
2.966165 -1.738545
2.965556 -1.738060
2.966067 -1.737775
2.965425 -1.737068
2.965969 -1.737004
2.965294 -1.736076
2.965870 -1.736234
2.965772 -1.735464
2.965163 -1.735085
2.965674 -1.734694
2.965032 -1.734093
2.965576 -1.733923
2.964901 -1.733101
2.965478 -1.733153
2.964770 -1.732110
2.965380 -1.732383
2.965282 -1.731613
2.964639 -1.731118
2.965183 -1.730842
2.964508 -1.730126
2.965085 -1.730072
2.964377 -1.729135
2.964987 -1.729302
2.964889 -1.728532
2.964246 -1.728143
2.964791 -1.727761
2.964115 -1.727151
2.964693 -1.726991
2.963984 -1.726160
2.964595 -1.726221
2.963853 -1.725168
2.964496 -1.725451
2.964398 -1.724680
2.963722 -1.724177
2.964300 -1.723910
2.963591 -1.723185
2.964202 -1.723140
2.963460 -1.722193
2.964104 -1.722370
2.964006 -1.721599
2.963329 -1.721202
2.963908 -1.720829
2.963198 -1.720210
2.963810 -1.720059
2.963067 -1.719218
2.963711 -1.719289
2.962936 -1.718227
2.963613 -1.718518
2.963515 -1.717748
2.962805 -1.717235
2.963417 -1.716978
2.962674 -1.716243
2.963319 -1.716208
2.962543 -1.715252
2.963221 -1.715437
2.962412 -1.714260
2.963123 -1.714667
2.963024 -1.713897
2.962281 -1.713268
2.962926 -1.713127
2.962150 -1.712277
2.962828 -1.712356
2.962019 -1.711285
2.962730 -1.711586
2.962632 -1.710816
2.961888 -1.710293
2.962534 -1.710046
2.961757 -1.709302
2.962436 -1.709275
2.961626 -1.708310
2.962337 -1.708505
2.961495 -1.707318
2.962239 -1.707735
2.962141 -1.706965
2.961364 -1.706327
2.962043 -1.706194
2.961233 -1.705335
2.961945 -1.705424
2.961102 -1.704344
2.961847 -1.704654
2.961749 -1.703884
2.960971 -1.703352
2.961651 -1.703113
2.960840 -1.702360
2.961552 -1.702343
2.960709 -1.701369
2.961454 -1.701573
2.960578 -1.700377
2.961356 -1.700803
2.961258 -1.700032
2.960447 -1.699385
2.961160 -1.699262
2.960316 -1.698394
2.961062 -1.698492
2.960185 -1.697402
2.960964 -1.697722
2.960865 -1.696951
2.960054 -1.696410
2.960767 -1.696181
2.959923 -1.695419
2.960669 -1.695411
2.959792 -1.694427
2.960571 -1.694641
2.959661 -1.693435
2.960473 -1.693870
2.960375 -1.693100
2.959530 -1.692444
2.960277 -1.692330
2.959399 -1.691452
2.960178 -1.691560
2.959268 -1.690460
2.960080 -1.690789
2.959982 -1.690019
2.959137 -1.689469
2.959884 -1.689249
2.959006 -1.688477
2.959786 -1.688479
2.958875 -1.687486
2.959688 -1.687708
2.958744 -1.686494
2.959590 -1.686938
2.959492 -1.686168
2.958613 -1.685502
2.959393 -1.685398
2.958481 -1.684511
2.959295 -1.684628
2.958350 -1.683519
2.959197 -1.683857
2.959099 -1.683087
2.958219 -1.682527
2.959001 -1.682317
2.958088 -1.681536
2.958903 -1.681547
2.957957 -1.680544
2.958805 -1.680776
2.957826 -1.679552
2.958706 -1.680006
2.958608 -1.679236
2.957695 -1.678561
2.958510 -1.678466
2.957564 -1.677569
2.958412 -1.677695
2.957433 -1.676577
2.958314 -1.676925
2.958216 -1.676155
2.957302 -1.675586
2.958118 -1.675385
2.957171 -1.674594
2.958019 -1.674614
2.957040 -1.673602
2.957921 -1.673844
2.956909 -1.672611
2.957823 -1.673074
2.957725 -1.672304
2.956778 -1.671619
2.957627 -1.671533
2.956647 -1.670628
2.957529 -1.670763
2.956516 -1.669636
2.957431 -1.669993
2.957332 -1.669223
2.956385 -1.668644
2.957234 -1.668452
2.956254 -1.667653
2.957136 -1.667682
2.956123 -1.666661
2.957038 -1.666912
2.955992 -1.665669
2.956940 -1.666142
2.956842 -1.665371
2.955861 -1.664678
2.956744 -1.664601
2.955730 -1.663686
2.956646 -1.663831
2.955599 -1.662694
2.956547 -1.663061
2.956449 -1.662290
2.955468 -1.661703
2.956351 -1.661520
2.955337 -1.660711
2.956253 -1.660750
2.955206 -1.659719
2.956155 -1.659980
2.955075 -1.658728
2.956057 -1.659209
2.955959 -1.658439
2.954944 -1.657736
2.955860 -1.657669
2.954813 -1.656744
2.955762 -1.656899
2.954682 -1.655753
2.955664 -1.656128
2.955566 -1.655358
2.954551 -1.654761
2.955468 -1.654588
2.954420 -1.653770
2.955370 -1.653818
2.954289 -1.652778
2.955272 -1.653047
2.954158 -1.651786
2.955173 -1.652277
2.955075 -1.651507
2.954027 -1.650795
2.954977 -1.650737
2.953896 -1.649803
2.954879 -1.649966
2.953765 -1.648811
2.954781 -1.649196
2.954683 -1.648426
2.953634 -1.647820
2.954585 -1.647656
2.953503 -1.646828
2.954487 -1.646885
2.953372 -1.645836
2.954388 -1.646115
2.953241 -1.644845
2.954290 -1.645345
2.954192 -1.644575
2.953110 -1.643853
2.954094 -1.643804
2.952979 -1.642861
2.953996 -1.643034
2.952848 -1.641870
2.953898 -1.642264
2.953800 -1.641494
2.952717 -1.640878
2.953701 -1.640723
2.952586 -1.639886
2.953603 -1.639953
2.952455 -1.638895
2.953505 -1.639183
2.952324 -1.637903
2.953407 -1.638413
2.953309 -1.637642
2.952193 -1.636912
2.953211 -1.636872
2.952062 -1.635920
2.953113 -1.636102
2.951931 -1.634928
2.953014 -1.635332
2.952916 -1.634561
2.951800 -1.633937
2.952818 -1.633791
2.951669 -1.632945
2.952720 -1.633021
2.951538 -1.631953
2.952622 -1.632251
2.951407 -1.630962
2.952524 -1.631480
2.952426 -1.630710
2.951276 -1.629970
2.952328 -1.629940
2.951145 -1.628978
2.952229 -1.629170
2.951014 -1.627987
2.952131 -1.628399
2.950883 -1.626995
2.952033 -1.627629
2.951935 -1.626859
2.950751 -1.626003
2.951837 -1.626089
2.950620 -1.625012
2.951739 -1.625318
2.950489 -1.624020
2.951641 -1.624548
2.951542 -1.623778
2.950358 -1.623028
2.951444 -1.623008
2.950227 -1.622037
2.951346 -1.622237
2.950096 -1.621045
2.951248 -1.621467
2.949965 -1.620054
2.951150 -1.620697
2.951052 -1.619927
2.949834 -1.619062
2.950954 -1.619156
2.949703 -1.618070
2.950855 -1.618386
2.949572 -1.617079
2.950757 -1.617616
2.950659 -1.616846
2.949441 -1.616087
2.950561 -1.616075
2.949310 -1.615095
2.950463 -1.615305
2.949179 -1.614104
2.950365 -1.614535
2.949048 -1.613112
2.950267 -1.613765
2.950168 -1.612994
2.948917 -1.612120
2.950070 -1.612224
2.948786 -1.611129
2.949972 -1.611454
2.948655 -1.610137
2.949874 -1.610684
2.949776 -1.609913
2.948524 -1.609145
2.949678 -1.609143
2.948393 -1.608154
2.949580 -1.608373
2.948262 -1.607162
2.949482 -1.607603
2.948131 -1.606170
2.949383 -1.606832
2.949285 -1.606062
2.948000 -1.605179
2.949187 -1.605292
2.947869 -1.604187
2.949089 -1.604522
2.947738 -1.603196
2.948991 -1.603751
2.948893 -1.602981
2.947607 -1.602204
2.948795 -1.602211
2.947476 -1.601212
2.948696 -1.601441
2.947345 -1.600221
2.948598 -1.600670
2.947214 -1.599229
2.948500 -1.599900
2.948386 -1.599060
2.947083 -1.598237
2.948272 -1.598220
2.946952 -1.597246
2.948158 -1.597381
2.946821 -1.596254
2.948044 -1.596541
2.946690 -1.595262
2.947930 -1.595701
2.946559 -1.594271
2.947816 -1.594861
2.947702 -1.594021
2.946428 -1.593279
2.947588 -1.593182
2.946297 -1.592287
2.947474 -1.592342
2.946166 -1.591296
2.947360 -1.591502
2.946035 -1.590304
2.947246 -1.590662
2.945904 -1.589312
2.947132 -1.589822
2.945773 -1.588321
2.947018 -1.588982
2.946904 -1.588143
2.945642 -1.587329
2.946790 -1.587303
2.945511 -1.586338
2.946676 -1.586463
2.945380 -1.585346
2.946562 -1.585623
2.945249 -1.584354
2.946448 -1.584783
2.945118 -1.583363
2.946334 -1.583943
2.946220 -1.583104
2.944987 -1.582371
2.946106 -1.582264
2.944856 -1.581379
2.945992 -1.581424
2.944725 -1.580388
2.945878 -1.580584
2.944594 -1.579396
2.945764 -1.579744
2.944463 -1.578404
2.945650 -1.578905
2.945536 -1.578065
2.944332 -1.577413
2.945422 -1.577225
2.944201 -1.576421
2.945308 -1.576385
2.944070 -1.575429
2.945194 -1.575545
2.943939 -1.574438
2.945080 -1.574705
2.943808 -1.573446
2.944966 -1.573866
2.943677 -1.572454
2.944852 -1.573026
2.944738 -1.572186
2.943546 -1.571463
2.944624 -1.571346
2.943415 -1.570471
2.944510 -1.570506
2.943284 -1.569480
2.944396 -1.569667
2.943153 -1.568488
2.944282 -1.568827
2.943022 -1.567496
2.944168 -1.567987
2.944054 -1.567147
2.942890 -1.566505
2.943940 -1.566307
2.942759 -1.565513
2.943826 -1.565467
2.942628 -1.564521
2.943712 -1.564628
2.942497 -1.563530
2.943598 -1.563788
2.942366 -1.562538
2.943484 -1.562948
2.942235 -1.561546
2.943370 -1.562108
2.943256 -1.561268
2.942104 -1.560555
2.943142 -1.560428
2.941973 -1.559563
2.943028 -1.559589
2.941842 -1.558571
2.942914 -1.558749
2.941711 -1.557580
2.942800 -1.557909
2.941580 -1.556588
2.942686 -1.557069
2.942572 -1.556229
2.941449 -1.555596
2.942458 -1.555390
2.941318 -1.554605
2.942344 -1.554550
2.941187 -1.553613
2.942230 -1.553710
2.941056 -1.552621
2.942116 -1.552870
2.940925 -1.551630
2.942002 -1.552030
2.940794 -1.550638
2.941888 -1.551190
2.941774 -1.550351
2.940663 -1.549647
2.941660 -1.549511
2.940532 -1.548655
2.941546 -1.548671
2.940401 -1.547663
2.941432 -1.547831
2.940270 -1.546672
2.941318 -1.546991
2.940139 -1.545680
2.941204 -1.546151
2.941090 -1.545312
2.940008 -1.544688
2.940976 -1.544472
2.939877 -1.543697
2.940862 -1.543632
2.939746 -1.542705
2.940748 -1.542792
2.939615 -1.541713
2.940634 -1.541952
2.939484 -1.540722
2.940520 -1.541113
2.939353 -1.539730
2.940406 -1.540273
2.940292 -1.539433
2.939222 -1.538738
2.940178 -1.538593
2.939091 -1.537747
2.940064 -1.537753
2.938960 -1.536755
2.939950 -1.536913
2.938829 -1.535763
2.939836 -1.536074
2.938698 -1.534772
2.939722 -1.535234
2.939608 -1.534394
2.938567 -1.533780
2.939494 -1.533554
2.938436 -1.532789
2.939380 -1.532714
2.938305 -1.531797
2.939266 -1.531875
2.938174 -1.530805
2.939152 -1.531035
2.938043 -1.529814
2.939038 -1.530195
2.938924 -1.529355
2.937912 -1.528822
2.938810 -1.528515
2.937781 -1.527830
2.938696 -1.527675
2.937650 -1.526839
2.938582 -1.526836
2.937519 -1.525847
2.938468 -1.525996
2.937388 -1.524855
2.938354 -1.525156
2.937257 -1.523864
2.938240 -1.524316
2.938126 -1.523476
2.937126 -1.522872
2.938012 -1.522636
2.936995 -1.521880
2.937898 -1.521797
2.936864 -1.520889
2.937784 -1.520957
2.936733 -1.519897
2.937670 -1.520117
2.936602 -1.518905
2.937556 -1.519277
2.937442 -1.518437
2.936471 -1.517914
2.937328 -1.517598
2.936340 -1.516922
2.937214 -1.516758
2.936209 -1.515931
2.937100 -1.515918
2.936078 -1.514939
2.936986 -1.515078
2.935947 -1.513947
2.936872 -1.514238
2.935816 -1.512956
2.936758 -1.513398
2.936645 -1.512559
2.935685 -1.511964
2.936531 -1.511719
2.935554 -1.510972
2.936417 -1.510879
2.935423 -1.509981
2.936303 -1.510039
2.935292 -1.508989
2.936189 -1.509199
2.935160 -1.507997
2.936075 -1.508360
2.935961 -1.507520
2.935029 -1.507006
2.935847 -1.506680
2.934898 -1.506014
2.935733 -1.505840
2.934767 -1.505022
2.935619 -1.505000
2.934636 -1.504031
2.935505 -1.504160
2.934505 -1.503039
2.935391 -1.503321
2.934374 -1.502047
2.935277 -1.502481
2.935163 -1.501641
2.934243 -1.501056
2.935049 -1.500801
2.934112 -1.500064
2.934935 -1.499961
2.933981 -1.499073
2.934821 -1.499121
2.933850 -1.498081
2.934707 -1.498282
2.933719 -1.497089
2.934593 -1.497442
2.934479 -1.496602
2.933588 -1.496098
2.934365 -1.495762
2.933457 -1.495106
2.934251 -1.494922
2.933326 -1.494114
2.934137 -1.494083
2.933195 -1.493123
2.934023 -1.493243
2.933064 -1.492131
2.933909 -1.492403
2.932933 -1.491139
2.933795 -1.491563
2.933681 -1.490723
2.932802 -1.490148
2.933567 -1.489883
2.932671 -1.489156
2.933453 -1.489044
2.932540 -1.488164
2.933339 -1.488204
2.932409 -1.487173
2.933225 -1.487364
2.932278 -1.486181
2.933111 -1.486524
2.932997 -1.485684
2.932147 -1.485189
2.932883 -1.484845
2.932016 -1.484198
2.932769 -1.484005
2.931885 -1.483206
2.932655 -1.483165
2.931754 -1.482215
2.932541 -1.482325
2.931623 -1.481223
2.932427 -1.481485
2.931492 -1.480231
2.932313 -1.480645
2.932199 -1.479806
2.931361 -1.479240
2.932085 -1.478966
2.931230 -1.478248
2.931971 -1.478126
2.931099 -1.477256
2.931857 -1.477286
2.930968 -1.476265
2.931743 -1.476446
2.930837 -1.475273
2.931629 -1.475606
2.931515 -1.474767
2.930706 -1.474281
2.931401 -1.473927
2.930575 -1.473290
2.931287 -1.473087
2.930444 -1.472298
2.931173 -1.472247
2.930313 -1.471306
2.931059 -1.471407
2.930182 -1.470315
2.930945 -1.470568
2.930831 -1.469728
2.930051 -1.469323
2.930717 -1.468888
2.929920 -1.468331
2.930603 -1.468048
2.929789 -1.467340
2.930489 -1.467208
2.929658 -1.466348
2.930375 -1.466368
2.929527 -1.465357
2.930261 -1.465529
2.929396 -1.464365
2.930147 -1.464689
2.930033 -1.463849
2.929265 -1.463373
2.929919 -1.463009
2.929134 -1.462382
2.929805 -1.462169
2.929003 -1.461390
2.929691 -1.461330
2.928872 -1.460398
2.929577 -1.460490
2.928741 -1.459407
2.929463 -1.459650
2.929349 -1.458810
2.928610 -1.458415
2.929235 -1.457970
2.928479 -1.457423
2.929121 -1.457130
2.928348 -1.456432
2.929007 -1.456291
2.928217 -1.455440
2.928893 -1.455451
2.928086 -1.454448
2.928779 -1.454611
2.927955 -1.453457
2.928665 -1.453771
2.928551 -1.452931
2.927824 -1.452465
2.928437 -1.452091
2.927693 -1.451473
2.928323 -1.451252
2.927562 -1.450482
2.928209 -1.450412
2.927431 -1.449490
2.928095 -1.449572
2.927299 -1.448499
2.927981 -1.448732
2.927867 -1.447892
2.927168 -1.447507
2.927753 -1.447053
2.927037 -1.446515
2.927639 -1.446213
2.926906 -1.445524
2.927525 -1.445373
2.926775 -1.444532
2.927411 -1.444533
2.926644 -1.443540
2.927297 -1.443693
2.926513 -1.442549
2.927183 -1.442853
2.927069 -1.442014
2.926382 -1.441557
2.926955 -1.441174
2.926251 -1.440565
2.926841 -1.440334
2.926120 -1.439574
2.926727 -1.439494
2.925989 -1.438582
2.926613 -1.438654
2.925858 -1.437590
2.926499 -1.437814
2.926385 -1.436975
2.925727 -1.436599
2.926271 -1.436135
2.925596 -1.435607
2.926157 -1.435295
2.925465 -1.434615
2.926043 -1.434455
2.925334 -1.433624
2.925929 -1.433615
2.925203 -1.432632
2.925815 -1.432776
2.925072 -1.431641
2.925701 -1.431936
2.925587 -1.431096
2.924941 -1.430649
2.925473 -1.430256
2.924810 -1.429657
2.925359 -1.429416
2.924679 -1.428666
2.925245 -1.428576
2.924548 -1.427674
2.925131 -1.427737
2.924417 -1.426682
2.925017 -1.426897
2.924903 -1.426057
2.924286 -1.425691
2.924789 -1.425217
2.924155 -1.424699
2.924675 -1.424377
2.924024 -1.423707
2.924561 -1.423538
2.923893 -1.422716
2.924447 -1.422698
2.923762 -1.421724
2.924333 -1.421858
2.924219 -1.421018
2.923631 -1.420732
2.924105 -1.420178
2.923500 -1.419741
2.923991 -1.419338
2.923369 -1.418749
2.923877 -1.418499
2.923238 -1.417757
2.923763 -1.417659
2.923107 -1.416766
2.923649 -1.416819
2.922976 -1.415774
2.923535 -1.415979
2.923421 -1.415139
2.922845 -1.414782
2.923307 -1.414299
2.922714 -1.413791
2.923193 -1.413460
2.922583 -1.412799
2.923079 -1.412620
2.922452 -1.411808
2.922965 -1.411780
2.922321 -1.410816
2.922851 -1.410940
2.922737 -1.410100
2.922190 -1.409824
2.922623 -1.409261
2.922059 -1.408833
2.922509 -1.408421
2.921928 -1.407841
2.922395 -1.407581
2.921797 -1.406849
2.922281 -1.406741
2.921666 -1.405858
2.922167 -1.405901
2.921535 -1.404866
2.922053 -1.405061
2.921939 -1.404222
2.921404 -1.403874
2.921825 -1.403382
2.921273 -1.402883
2.921711 -1.402542
2.921142 -1.401891
2.921597 -1.401702
2.921011 -1.400899
2.921483 -1.400862
2.920880 -1.399908
2.921369 -1.400023
2.921255 -1.399183
2.920749 -1.398916
2.921141 -1.398343
2.920618 -1.397924
2.921027 -1.397503
2.920487 -1.396933
2.920913 -1.396663
2.920356 -1.395941
2.920799 -1.395823
2.920225 -1.394950
2.920685 -1.394984
2.920094 -1.393958
2.920571 -1.394144
2.920457 -1.393304
2.919963 -1.392966
2.920343 -1.392464
2.919832 -1.391975
2.920229 -1.391624
2.919701 -1.390983
2.920115 -1.390784
2.919570 -1.389991
2.920001 -1.389945
2.919438 -1.389000
2.919887 -1.389105
2.919773 -1.388265
2.919307 -1.388008
2.919659 -1.387425
2.919176 -1.387016
2.919545 -1.386585
2.919045 -1.386025
2.919431 -1.385746
2.918914 -1.385033
2.919317 -1.384906
2.918783 -1.384041
2.919203 -1.384066
2.918652 -1.383050
2.919089 -1.383226
2.918975 -1.382386
2.918521 -1.382058
2.918861 -1.381546
2.918390 -1.381066
2.918747 -1.380707
2.918259 -1.380075
2.918633 -1.379867
2.918128 -1.379083
2.918519 -1.379027
2.917997 -1.378092
2.918405 -1.378187
2.918291 -1.377347
2.917866 -1.377100
2.918177 -1.376508
2.917735 -1.376108
2.918063 -1.375668
2.917604 -1.375117
2.917949 -1.374828
2.917473 -1.374125
2.917835 -1.373988
2.917342 -1.373133
2.917721 -1.373148
2.917211 -1.372142
2.917607 -1.372308
2.917493 -1.371469
2.917080 -1.371150
2.917379 -1.370629
2.916949 -1.370158
2.917265 -1.369789
2.916818 -1.369167
2.917151 -1.368949
2.916687 -1.368175
2.917037 -1.368109
2.916556 -1.367183
2.916923 -1.367269
2.916809 -1.366430
2.916425 -1.366192
2.916695 -1.365590
2.916294 -1.365200
2.916581 -1.364750
2.916163 -1.364208
2.916467 -1.363910
2.916032 -1.363217
2.916353 -1.363070
2.915901 -1.362225
2.916239 -1.362231
2.915770 -1.361234
2.916125 -1.361391
2.916011 -1.360551
2.915639 -1.360242
2.915897 -1.359711
2.915508 -1.359250
2.915783 -1.358871
2.915377 -1.358259
2.915669 -1.358031
2.915246 -1.357267
2.915555 -1.357192
2.915115 -1.356275
2.915441 -1.356352
2.915327 -1.355512
2.914984 -1.355284
2.915213 -1.354672
2.914853 -1.354292
2.915099 -1.353832
2.914722 -1.353300
2.914985 -1.352992
2.914591 -1.352309
2.914871 -1.352153
2.914460 -1.351317
2.914757 -1.351313
2.914643 -1.350473
2.914329 -1.350325
2.914529 -1.349633
2.914198 -1.349334
2.914415 -1.348793
2.914067 -1.348342
2.914301 -1.347954
2.913936 -1.347350
2.914187 -1.347114
2.913805 -1.346359
2.914073 -1.346274
2.913674 -1.345367
2.913959 -1.345434
2.913845 -1.344594
2.913543 -1.344376
2.913731 -1.343754
2.913412 -1.343384
2.913617 -1.342915
2.913281 -1.342392
2.913503 -1.342075
2.913150 -1.341401
2.913389 -1.341235
2.913019 -1.340409
2.913275 -1.340395
2.913161 -1.339555
2.912888 -1.339417
2.913047 -1.338716
2.912757 -1.338426
2.912933 -1.337876
2.912626 -1.337434
2.912819 -1.337036
2.912495 -1.336442
2.912705 -1.336196
2.912364 -1.335451
2.912591 -1.335356
2.912233 -1.334459
2.912477 -1.334516
2.912363 -1.333677
2.912102 -1.333467
2.912249 -1.332837
2.911971 -1.332476
2.912135 -1.331997
2.911840 -1.331484
2.912021 -1.331157
2.911708 -1.330492
2.911907 -1.330317
2.911577 -1.329501
2.911793 -1.329477
2.911679 -1.328638
2.911446 -1.328509
2.911565 -1.327798
2.911315 -1.327518
2.911451 -1.326958
2.911184 -1.326526
2.911337 -1.326118
2.911053 -1.325534
2.911223 -1.325278
2.910922 -1.324543
2.911109 -1.324439
2.910791 -1.323551
2.910995 -1.323599
2.910881 -1.322759
2.910660 -1.322559
2.910767 -1.321919
2.910529 -1.321568
2.910653 -1.321079
2.910398 -1.320576
2.910539 -1.320239
2.910267 -1.319584
2.910425 -1.319400
2.910136 -1.318593
2.910311 -1.318560
2.910197 -1.317720
2.910005 -1.317601
2.910083 -1.316880
2.909874 -1.316609
2.909969 -1.316040
2.909743 -1.315618
2.909855 -1.315201
2.909612 -1.314626
2.909741 -1.314361
2.909481 -1.313634
2.909627 -1.313521
2.909350 -1.312643
2.909513 -1.312681
2.909399 -1.311841
2.909219 -1.311651
2.909285 -1.311001
2.909088 -1.310660
2.909171 -1.310162
2.908957 -1.309668
2.909057 -1.309322
2.908826 -1.308676
2.908943 -1.308482
2.908695 -1.307685
2.908829 -1.307642
2.908715 -1.306802
2.908564 -1.306693
2.908601 -1.305962
2.908433 -1.305701
2.908487 -1.305123
2.908302 -1.304710
2.908373 -1.304283
2.908171 -1.303718
2.908259 -1.303443
2.908040 -1.302726
2.908145 -1.302603
2.907909 -1.301735
2.908031 -1.301763
2.907917 -1.300924
2.907778 -1.300743
2.907803 -1.300084
2.907647 -1.299751
2.907689 -1.299244
2.907516 -1.298760
2.907575 -1.298404
2.907385 -1.297768
2.907461 -1.297564
2.907254 -1.296776
2.907347 -1.296724
2.907233 -1.295885
2.907123 -1.295785
2.907119 -1.295045
2.906992 -1.294793
2.907005 -1.294205
2.906861 -1.293802
2.906891 -1.293365
2.906730 -1.292810
2.906777 -1.292525
2.906599 -1.291818
2.906663 -1.291686
2.906468 -1.290827
2.906549 -1.290846
2.906435 -1.290006
2.906337 -1.289835
2.906321 -1.289166
2.906206 -1.288843
2.906207 -1.288326
2.906075 -1.287852
2.906093 -1.287486
2.905944 -1.286860
2.905979 -1.286647
2.905813 -1.285868
2.905865 -1.285807
2.905751 -1.284967
2.905682 -1.284877
2.905637 -1.284127
2.905551 -1.283885
2.905523 -1.283287
2.905420 -1.282893
2.905409 -1.282447
2.905289 -1.281902
2.905295 -1.281608
2.905158 -1.280910
2.905181 -1.280768
2.905027 -1.279918
2.905067 -1.279928
2.904953 -1.279088
2.904896 -1.278927
2.904839 -1.278248
2.904765 -1.277935
2.904725 -1.277409
2.904634 -1.276944
2.904611 -1.276569
2.904503 -1.275952
2.904497 -1.275729
2.904372 -1.274960
2.904383 -1.274889
2.904269 -1.274049
2.904241 -1.273969
2.904155 -1.273209
2.904110 -1.272977
2.904041 -1.272370
2.903979 -1.271985
2.903927 -1.271530
2.903847 -1.270994
2.903813 -1.270690
2.903716 -1.270002
2.903699 -1.269850