2.325341 0.719346
2.325148 0.719794
2.324954 0.720242
2.324939 0.720258
2.324760 0.720690
2.324566 0.721138
2.324537 0.721169
2.324372 0.721586
2.324178 0.722034
2.324135 0.722081
2.323984 0.722482
2.323790 0.722930
2.323733 0.722993
2.323596 0.723378
2.323402 0.723826
2.323331 0.723904
2.323208 0.724274
2.323014 0.724722
2.322929 0.724816
2.322820 0.725170
2.322626 0.725618
2.322527 0.725728
2.322432 0.726066
2.322238 0.726514
2.322125 0.726639
2.322044 0.726962
2.321850 0.727410
2.321723 0.727551
2.321656 0.727858
2.321463 0.728306
2.321321 0.728463
2.321269 0.728754
2.321075 0.729202
2.320919 0.729375
2.320881 0.729650
2.320687 0.730098
2.320517 0.730286
2.320493 0.730547
2.320299 0.730995
2.320115 0.731198
2.320105 0.731443
2.319911 0.731891
2.319712 0.732110
2.319717 0.732339
2.319523 0.732787
2.319310 0.733021
2.319329 0.733235
2.319135 0.733683
2.318908 0.733933
2.318941 0.734131
2.318747 0.734579
2.318506 0.734845
2.318553 0.735027
2.318359 0.735475
2.318104 0.735756
2.318165 0.735923
2.317971 0.736371
2.317702 0.736668
2.317778 0.736819
2.317584 0.737267
2.317300 0.737580
2.317390 0.737715
2.317196 0.738163
2.316898 0.738492
2.317002 0.738611
2.316808 0.739059
2.316496 0.739403
2.316614 0.739507
2.316420 0.739955
2.316094 0.740315
2.316226 0.740403
2.316032 0.740851
2.315692 0.741227
2.315838 0.741299
2.315644 0.741747
2.315290 0.742138
2.315450 0.742195
2.315256 0.742643
2.315062 0.743091
2.314888 0.743050
2.314868 0.743539
2.314674 0.743987
2.314486 0.743962
2.314480 0.744435
2.314287 0.744883
2.314083 0.744874
2.314093 0.745331
2.313899 0.745779
2.313681 0.745785
2.313705 0.746227
2.313511 0.746676
2.313279 0.746697
2.313317 0.747124
2.313123 0.747572
2.312877 0.747609
2.312929 0.748020
2.312735 0.748468
2.312475 0.748520
2.312541 0.748916
2.312347 0.749364
2.312073 0.749432
2.312153 0.749812
2.311959 0.750260
2.311671 0.750344
2.311765 0.750708
2.311571 0.751156
2.311269 0.751255
2.311377 0.751604
2.311183 0.752052
2.310867 0.752167
2.310989 0.752500
2.310795 0.752948
2.310465 0.753079
2.310602 0.753396
2.310408 0.753844
2.310063 0.753991
2.310214 0.754292
2.310020 0.754740
2.309661 0.754902
2.309826 0.755188
2.309632 0.755636
2.309259 0.755814
2.309438 0.756084
2.309244 0.756532
2.308857 0.756726
2.309050 0.756980
2.308856 0.757428
2.308455 0.757637
2.308662 0.757876
2.308468 0.758324
2.308052 0.758549
2.308274 0.758772
2.308080 0.759220
2.307650 0.759461
2.307886 0.759668
2.307692 0.760116
2.307248 0.760372
2.307498 0.760564
2.307304 0.761012
2.306846 0.761284
2.307110 0.761460
2.306917 0.761908
2.306444 0.762196
2.306723 0.762356
2.306529 0.762805
2.306042 0.763108
2.306335 0.763253
2.306141 0.763701
2.305640 0.764019
2.305947 0.764149
2.305753 0.764597
2.305238 0.764931
2.305559 0.765045
2.305365 0.765493
2.305171 0.765941
2.304836 0.765843
2.304977 0.766389
2.304783 0.766837
2.304434 0.766754
2.304589 0.767285
2.304395 0.767733
2.304032 0.767666
2.304201 0.768181
2.304007 0.768629
2.303630 0.768578
2.303813 0.769077
2.303619 0.769525
2.303228 0.769490
2.303426 0.769973
2.303232 0.770421
2.302826 0.770401
2.303038 0.770869
2.302844 0.771317
2.302423 0.771313
2.302650 0.771765
2.302456 0.772213
2.302021 0.772225
2.302262 0.772661
2.302068 0.773109
2.301619 0.773136
2.301874 0.773557
2.301680 0.774005
2.301217 0.774048
2.301486 0.774453
2.301292 0.774901
2.300815 0.774960
2.301098 0.775349
2.300904 0.775797
2.300413 0.775871
2.300710 0.776245
2.300516 0.776693
2.300011 0.776783
2.300322 0.777141
2.300128 0.777589
2.299609 0.777695
2.299934 0.778037
2.299741 0.778485
2.299207 0.778607
2.299547 0.778934
2.299353 0.779382
2.298805 0.779518
2.299159 0.779830
2.298965 0.780278
2.298403 0.780430
2.298771 0.780726
2.298577 0.781174
2.298001 0.781342
2.298383 0.781622
2.298189 0.782070
2.297599 0.782253
2.297995 0.782518
2.297801 0.782966
2.297197 0.783165
2.297607 0.783414
2.297413 0.783862
2.296794 0.784077
2.297219 0.784310
2.297025 0.784758
2.296392 0.784989
2.296831 0.785206
2.296637 0.785654
2.295990 0.785900
2.296443 0.786102
2.296249 0.786550
2.295588 0.786812
2.296056 0.786998
2.295862 0.787446
2.295186 0.787724
2.295668 0.787894
2.295474 0.788342
2.295280 0.788790
2.294784 0.788635
2.295086 0.789238
2.294892 0.789686
2.294382 0.789547
2.294698 0.790134
2.294504 0.790582
2.293980 0.790459
2.294310 0.791030
2.294116 0.791478
2.293578 0.791370
2.293922 0.791926
2.293728 0.792374
2.293176 0.792282
2.293534 0.792822
2.293340 0.793270
2.292774 0.793194
2.293146 0.793718
2.292952 0.794166
2.292372 0.794106
2.292758 0.794614
2.292564 0.795063
2.291970 0.795017
2.292371 0.795511
2.292177 0.795959
2.291568 0.795929
2.291983 0.796407
2.291789 0.796855
2.291166 0.796841
2.291595 0.797303
2.291401 0.797751
2.290763 0.797752
2.291207 0.798199
2.291013 0.798647
2.290361 0.798664
2.290819 0.799095
2.290625 0.799543
2.289959 0.799576
2.290431 0.799991
2.290237 0.800439
2.289557 0.800487
2.290043 0.800887
2.289849 0.801335
2.289155 0.801399
2.289655 0.801783
2.289461 0.802231
2.288753 0.802311
2.289267 0.802679
2.289073 0.803127
2.288351 0.803223
2.288880 0.803575
2.288686 0.804023
2.287949 0.804134
2.288492 0.804471
2.288298 0.804919
2.287547 0.805046
2.288104 0.805367
2.287910 0.805815
2.287145 0.805958
2.287716 0.806263
2.287522 0.806711
2.286743 0.806869
2.287328 0.807159
2.287134 0.807607
2.286341 0.807781
2.286940 0.808055
2.286746 0.808503
2.285939 0.808693
2.286552 0.808951
2.286358 0.809399
2.285537 0.809605
2.286164 0.809847
2.285970 0.810295
2.285776 0.810743
2.285134 0.810516
2.285582 0.811192
2.285388 0.811640
2.284732 0.811428
2.285195 0.812088
2.285001 0.812536
2.284330 0.812340
2.284807 0.812984
2.284613 0.813432
2.283928 0.813251
2.284419 0.813880
2.284225 0.814328
2.283526 0.814163
2.284031 0.814776
2.283837 0.815224
2.283124 0.815075
2.283643 0.815672
2.283449 0.816120
2.282722 0.815986
2.283255 0.816568
2.283061 0.817016
2.282320 0.816898
2.282867 0.817464
2.282673 0.817912
2.281918 0.817810
2.282479 0.818360
2.282285 0.818808
2.281516 0.818722
2.282091 0.819256
2.281897 0.819704
2.281114 0.819633
2.281703 0.820152
2.281510 0.820600
2.280712 0.820545
2.281316 0.821048
2.281122 0.821496
2.280310 0.821457
2.280928 0.821944
2.280734 0.822392
2.279908 0.822368
2.280540 0.822840
2.280346 0.823288
2.279505 0.823280
2.280152 0.823736
2.279958 0.824184
2.279103 0.824192
2.279764 0.824632
2.279570 0.825080
2.278701 0.825103
2.279376 0.825528
2.279182 0.825976
2.278299 0.826015
2.278988 0.826424
2.278794 0.826872
2.277897 0.826927
2.278600 0.827321
2.278406 0.827769
2.277495 0.827839
2.278212 0.828217
2.278019 0.828665
2.277093 0.828750
2.277825 0.829113
2.277631 0.829561
2.276691 0.829662
2.277437 0.830009
2.277243 0.830457
2.276289 0.830574
2.277049 0.830905
2.276855 0.831353
2.275887 0.831485
2.276661 0.831801
2.276467 0.832249
2.275485 0.832397
2.276273 0.832697
2.276079 0.833145
2.275885 0.833593
2.275083 0.833309
2.275691 0.834041
2.275497 0.834489
2.274681 0.834221
2.275303 0.834937
2.275109 0.835385
2.274279 0.835132
2.274915 0.835833
2.274721 0.836281
2.273877 0.836044
2.274527 0.836729
2.274334 0.837177
2.273474 0.836956
2.274140 0.837625
2.273946 0.838073
2.273072 0.837867
2.273752 0.838521
2.273558 0.838969
2.272670 0.838779
2.273364 0.839417
2.273170 0.839865
2.272268 0.839691
2.272976 0.840313
2.272782 0.840761
2.271866 0.840602
2.272588 0.841209
2.272394 0.841657
2.271464 0.841514
2.272200 0.842105
2.272006 0.842553
2.271062 0.842426
2.271812 0.843001
2.271618 0.843450
2.270660 0.843338
2.271424 0.843898
2.271230 0.844346
2.270258 0.844249
2.271036 0.844794
2.270842 0.845242
2.269856 0.845161
2.270649 0.845690
2.270455 0.846138
2.269454 0.846073
2.270261 0.846586
2.270067 0.847034
2.269052 0.846984
2.269873 0.847482
2.269679 0.847930
2.268650 0.847896
2.269485 0.848378
2.269291 0.848826
2.268248 0.848808
2.269097 0.849274
2.268903 0.849722
2.267845 0.849719
2.268709 0.850170
2.268515 0.850618
2.267443 0.850631
2.268321 0.851066
2.268127 0.851514
2.267041 0.851543
2.267933 0.851962
2.267739 0.852410
2.266639 0.852455
2.267545 0.852858
2.267351 0.853306
2.266237 0.853366
2.267158 0.853754
2.266964 0.854202
2.265835 0.854278
2.266770 0.854650
2.266576 0.855098
2.266382 0.855546
2.265433 0.855190
2.266188 0.855994
2.265994 0.856442
2.265031 0.856101
2.265800 0.856890
2.265606 0.857338
2.264629 0.857013
2.265412 0.857786
2.265218 0.858234
2.264227 0.857925
2.265024 0.858682
2.264830 0.859130
2.263825 0.858837
2.264636 0.859579
2.264442 0.860027
2.263423 0.859748
2.264248 0.860475
2.264054 0.860923
2.263021 0.860660
2.263860 0.861371
2.263666 0.861819
2.262619 0.861572
2.263473 0.862267
2.263279 0.862715
2.262216 0.862483
2.263085 0.863163
2.262891 0.863611
2.261814 0.863395
2.262697 0.864059
2.262503 0.864507
2.261412 0.864307
2.262309 0.864955
2.262115 0.865403
2.261010 0.865218
2.261785 0.866145
2.260608 0.866130
2.261455 0.866886
2.260206 0.867042
2.261125 0.867628
2.259804 0.867954
2.260795 0.868370
2.260464 0.869112
2.259402 0.868865
2.260134 0.869853
2.259000 0.869777
2.259804 0.870595
2.258598 0.870689
2.259474 0.871337
2.258196 0.871600
2.259144 0.872078
2.258814 0.872820
2.257794 0.872512
2.258484 0.873562
2.257392 0.873424
2.258154 0.874304
2.256990 0.874335
2.257824 0.875045
2.256587 0.875247
2.257494 0.875787
2.257164 0.876529
2.256185 0.876159
2.256833 0.877271
2.255783 0.877071
2.256503 0.878012
2.255381 0.877982
2.256173 0.878754
2.254979 0.878894
2.255843 0.879496
2.254577 0.879806
2.255513 0.880237
2.255183 0.880979
2.254175 0.880717
2.254853 0.881721
2.253773 0.881629
2.254523 0.882463
2.253371 0.882541
2.254193 0.883204
2.252969 0.883453
2.253863 0.883946
2.253533 0.884688
2.252567 0.884364
2.253202 0.885430
2.252165 0.885276
2.252872 0.886171
2.251763 0.886188
2.252542 0.886913
2.251361 0.887099
2.252212 0.887655
2.250959 0.888011
2.251882 0.888396
2.251552 0.889138
2.250556 0.888923
2.251222 0.889880
2.250154 0.889834
2.250892 0.890622
2.249752 0.890746
2.250562 0.891363
2.249350 0.891658
2.250232 0.892105
2.249902 0.892847
2.248948 0.892570
2.249572 0.893589
2.248546 0.893481
2.249241 0.894330
2.248144 0.894393
2.248911 0.895072
2.247742 0.895305
2.248581 0.895814
2.248251 0.896555
2.247340 0.896216
2.247921 0.897297
2.246938 0.897128
2.247591 0.898039
2.246536 0.898040
2.247261 0.898781
2.246134 0.898952
2.246931 0.899522
2.245732 0.899863
2.246601 0.900264
2.246271 0.901006
2.245330 0.900775
2.245941 0.901748
2.244927 0.901687
2.245610 0.902489
2.244525 0.902598
2.245280 0.903231
2.244123 0.903510
2.244950 0.903973
2.244620 0.904714
2.243721 0.904422
2.244290 0.905456
2.243319 0.905333
2.243960 0.906198
2.242917 0.906245
2.243630 0.906940
2.242515 0.907157
2.243300 0.907681
2.242113 0.908069
2.242970 0.908423
2.242640 0.909165
2.241711 0.908980
2.242310 0.909907
2.241309 0.909892
2.241979 0.910648
2.240907 0.910804
2.241649 0.911390
2.240505 0.911715
2.241319 0.912132
2.240989 0.912873
2.240103 0.912627
2.240659 0.913615
2.239701 0.913539
2.240329 0.914357
2.239298 0.914450
2.239999 0.915099
2.238896 0.915362
2.239669 0.915840
2.239339 0.916582
2.238494 0.916274
2.239009 0.917324
2.238092 0.917186
2.238679 0.918066
2.237690 0.918097
2.238349 0.918807
2.237288 0.919009
2.238018 0.919549
2.236886 0.919921
2.237688 0.920291
2.237358 0.921032
2.236484 0.920832
2.237028 0.921774
2.236082 0.921744
2.236698 0.922516
2.235680 0.922656
2.236368 0.923258
2.235278 0.923568
2.236038 0.923999
2.235708 0.924741
2.234876 0.924479
2.235378 0.925483
2.234474 0.925391
2.235048 0.926225
2.234072 0.926303
2.234718 0.926966
2.233670 0.927214
2.234387 0.927708
2.234057 0.928450
2.233267 0.928126
2.233727 0.929191
2.232865 0.929038
2.233397 0.929933
2.232463 0.929949
2.233067 0.930675
2.232061 0.930861
2.232737 0.931417
2.231659 0.931773
2.232407 0.932158
2.232077 0.932900
2.231257 0.932685
2.231747 0.933642
2.230855 0.933596
2.231417 0.934384
2.230453 0.934508
2.231087 0.935125
2.230051 0.935420
2.230756 0.935867
2.230426 0.936609
2.229649 0.936331
2.230096 0.937350
2.229247 0.937243
2.229766 0.938092
2.228845 0.938155
2.229436 0.938834
2.228443 0.939066
2.229106 0.939576
2.228041 0.939978
2.228776 0.940317
2.228446 0.941059
2.227638 0.940890
2.228116 0.941801
2.227236 0.941802
2.227786 0.942543
2.226834 0.942713
2.227456 0.943284
2.226432 0.943625
2.227125 0.944026
2.226795 0.944768
2.226030 0.944537
2.226465 0.945509
2.225628 0.945448
2.226135 0.946251
2.225226 0.946360
2.225805 0.946993
2.224824 0.947272
2.225475 0.947735
2.225145 0.948476
2.224422 0.948184
2.224815 0.949218
2.224020 0.949095
2.224485 0.949960
2.223618 0.950007
2.224155 0.950702
2.223216 0.950919
2.223825 0.951443
2.222814 0.951830
2.223495 0.952185
2.223164 0.952927
2.222412 0.952742
2.222834 0.953668
2.222009 0.953654
2.222504 0.954410
2.221607 0.954565
2.222174 0.955152
2.221205 0.955477
2.221844 0.955894
2.221514 0.956635
2.220803 0.956389
2.221184 0.957377
2.220401 0.957301
2.220854 0.958119
2.219999 0.958212
2.220524 0.958861
2.219597 0.959124
2.220194 0.959602
2.219195 0.960036
2.219864 0.960344
2.219533 0.961086
2.218793 0.960947
2.219203 0.961828
2.218391 0.961859
2.218873 0.962569
2.217989 0.962771
2.218543 0.963311
2.217587 0.963682
2.218213 0.964053
2.217883 0.964794
2.217185 0.964594
2.217553 0.965536
2.216783 0.965506
2.217223 0.966278
2.216381 0.966418
2.216893 0.967020
2.215978 0.967329
2.216563 0.967761
2.216233 0.968503
2.215576 0.968241
2.215902 0.969245
2.215174 0.969153
2.215572 0.969987
2.214772 0.970064
2.215242 0.970728
2.214370 0.970976
2.214912 0.971470
2.213968 0.971888
2.214582 0.972212
2.214252 0.972953
2.213566 0.972800
2.213922 0.973695
2.213164 0.973711
2.213592 0.974437
2.212762 0.974623
2.213262 0.975179
2.212360 0.975535
2.212932 0.975920
2.212602 0.976662
2.211958 0.976446
2.212272 0.977404
2.211556 0.977358
2.211941 0.978146
2.211154 0.978270
2.211611 0.978887
2.210752 0.979181
2.211281 0.979629
2.210349 0.980093
2.210951 0.980371
2.210621 0.981112
2.209947 0.981005
2.210291 0.981854
2.209545 0.981917
2.209961 0.982596
2.209143 0.982828
2.209631 0.983338
2.208741 0.983740
2.209301 0.984079
2.208971 0.984821
2.208339 0.984652
2.208641 0.985563
2.207937 0.985563
2.208310 0.986305
2.207535 0.986475
2.207980 0.987046
2.207133 0.987387
2.207650 0.987788
2.207320 0.988530
2.206731 0.988299
2.206990 0.989271
2.206329 0.989210
2.206660 0.990013
2.205927 0.990122
2.206330 0.990755
2.205525 0.991034
2.206000 0.991497
2.205123 0.991945
2.205670 0.992238
2.205340 0.992980
2.204720 0.992857
2.205010 0.993722
2.204318 0.993769
2.204679 0.994464
2.203916 0.994680
2.204349 0.995205
2.203514 0.995592
2.204019 0.995947
2.203689 0.996689
2.203112 0.996504
2.203359 0.997430
2.202710 0.997416
2.203029 0.998172
2.202308 0.998327
2.202699 0.998914
2.201906 0.999239
2.202369 0.999656
2.201504 1.000151
2.202039 1.000397
2.201709 1.001139
2.201102 1.001062
2.201379 1.001881
2.200700 1.001974
2.201048 1.002623
2.200298 1.002886
2.200718 1.003364
2.199896 1.003797
2.200388 1.004106
2.200058 1.004848
2.199494 1.004709
2.199728 1.005589
2.199091 1.005621
2.199398 1.006331
2.198689 1.006533
2.199068 1.007073
2.198287 1.007444
2.198738 1.007815
2.198408 1.008556
2.197885 1.008356
2.198078 1.009298
2.197483 1.009268
2.197748 1.010040
2.197081 1.010179
2.197418 1.010782
2.196679 1.011091
2.197087 1.011523
2.196277 1.012003
2.196757 1.012265
2.196427 1.013007
2.195875 1.012915
2.196097 1.013748
2.195473 1.013826
2.195767 1.014490
2.195071 1.014738
2.195437 1.015232
2.194669 1.015650
2.195107 1.015974
2.194777 1.016715
2.194267 1.016561
2.194447 1.017457
2.193865 1.017473
2.194117 1.018199
2.193463 1.018385
2.193787 1.018941
2.193060 1.019296
2.193456 1.019682
2.193126 1.020424
2.192658 1.020208
2.192796 1.021166
2.192256 1.021120
2.192466 1.021907
2.191854 1.022032
2.192136 1.022649
2.191452 1.022943
2.191806 1.023391
2.191050 1.023855
2.191476 1.024133
2.191146 1.024874
2.190648 1.024767
2.190816 1.025616
2.190246 1.025678
2.190486 1.026358
2.189844 1.026590
2.190156 1.027100
2.189442 1.027502
2.189825 1.027841
2.189495 1.028583
2.189040 1.028413
2.189165 1.029325
2.188638 1.029325
2.188835 1.030066
2.188236 1.030237
2.188505 1.030808
2.187834 1.031149
2.188175 1.031550
2.187431 1.032060
2.187845 1.032292
2.187515 1.033033
2.187029 1.032972
2.187185 1.033775
2.186627 1.033884
2.186855 1.034517
2.186225 1.034795
2.186525 1.035259
2.185823 1.035707
2.186194 1.036000
2.185864 1.036742
2.185421 1.036619
2.185534 1.037484
2.185019 1.037531
2.185204 1.038225
2.184617 1.038442
2.184874 1.038967
2.184215 1.039354
2.184544 1.039709
2.184214 1.040451
2.183813 1.040266
2.183884 1.041192
2.183411 1.041177
2.183554 1.041934
2.183009 1.042089
2.183224 1.042676
2.182607 1.043001
2.182894 1.043418
2.182205 1.043912
2.182564 1.044159
2.182233 1.044901
2.181802 1.044824
2.181903 1.045643
2.181400 1.045736
2.181573 1.046384
2.180998 1.046648
2.181243 1.047126
2.180596 1.047559
2.180913 1.047868
2.180583 1.048610
2.180194 1.048471
2.180253 1.049351
2.179792 1.049383
2.179923 1.050093
2.179390 1.050294
2.179593 1.050835
2.178988 1.051206
2.179263 1.051577
2.178586 1.052118
2.178933 1.052318
2.178602 1.053060
2.178184 1.053029
2.178272 1.053802
2.177782 1.053941
2.177942 1.054543
2.177380 1.054853
2.177612 1.055285
2.176978 1.055765
2.177282 1.056027
2.176952 1.056769
2.176576 1.056676
2.176622 1.057510
2.176174 1.057588
2.176292 1.058252
2.175771 1.058500
2.175962 1.058994
2.175369 1.059411
2.175632 1.059736
2.175302 1.060477
2.174967 1.060323
2.174971 1.061219
2.174565 1.061235
2.174641 1.061961
2.174163 1.062147
2.174311 1.062702
2.173761 1.063058
2.173981 1.063444
2.173359 1.063970
2.173651 1.064186
2.173321 1.064928
2.172957 1.064882
2.172991 1.065669
2.172555 1.065793
2.172661 1.066411
2.172153 1.066705
2.172331 1.067153
2.171751 1.067617
2.172001 1.067895
2.171671 1.068636
2.171349 1.068528
2.171341 1.069378
2.170947 1.069440
2.171010 1.070120
2.170545 1.070352
2.170680 1.070861
2.170142 1.071264
2.170350 1.071603
2.169740 1.072175
2.170020 1.072345
2.169690 1.073087
2.169338 1.073087
2.169360 1.073828
2.168936 1.073999
2.169030 1.074570
2.168534 1.074910
2.168700 1.075312
2.168132 1.075822
2.168370 1.076054
2.168040 1.076795
2.167730 1.076734
2.167710 1.077537
2.167328 1.077645
2.167379 1.078279
2.166926 1.078557
2.167049 1.079021
2.166524 1.079469
2.166719 1.079762
2.166389 1.080504
2.166122 1.080381
2.166059 1.081246
2.165720 1.081292
2.165729 1.081987
2.165318 1.082204
2.165399 1.082729
2.164916 1.083116
2.165069 1.083471
2.164513 1.084027
2.164739 1.084213
2.164409 1.084954
2.164111 1.084939
2.164079 1.085696
2.163709 1.085851
2.163748 1.086438
2.163307 1.086763
2.163418 1.087180
2.162905 1.087674
2.163088 1.087921
2.162758 1.088663
2.162503 1.088586
2.162428 1.089405
2.162101 1.089498
2.162098 1.090146
2.161699 1.090409
2.161768 1.090888
2.161297 1.091321
2.161438 1.091630
2.160895 1.092233
2.161108 1.092372
2.160778 1.093113
2.160493 1.093144
2.160448 1.093855
2.160091 1.094056
2.160117 1.094597
2.159689 1.094968
2.159787 1.095339
2.159287 1.095880
2.159457 1.096080
2.159127 1.096822
2.158884 1.096791
2.158797 1.097564
2.158482 1.097703
2.158467 1.098305
2.158080 1.098615
2.158137 1.099047
2.157678 1.099526
2.157807 1.099789
2.157477 1.100531
2.157276 1.100438
2.157147 1.101272
2.156874 1.101350
2.156817 1.102014
2.156472 1.102262
2.156487 1.102756
2.156070 1.103173
2.156156 1.103498
2.155668 1.104085
2.155826 1.104239
2.155496 1.104981
2.155266 1.104997
2.155166 1.105723
2.154864 1.105908
2.154836 1.106464
2.154462 1.106820
2.154506 1.107206
2.154060 1.107732
2.154176 1.107948
2.153846 1.108690
2.153658 1.108643
2.153516 1.109431
2.153256 1.109555
2.153186 1.110173
2.152853 1.110467
2.152856 1.110915
2.152451 1.111379
2.152525 1.111657
2.152049 1.112290
2.152195 1.112398
2.151865 1.113140
2.151647 1.113202
2.151535 1.113882
2.151245 1.114114
2.151205 1.114623
2.150843 1.115025
2.150875 1.115365
2.150441 1.115937
2.150545 1.116107
2.150215 1.116849
2.150039 1.116849
2.149885 1.117590
2.149637 1.117760
2.149555 1.118332
2.149235 1.118672
2.149225 1.119074
2.148833 1.119584
2.148894 1.119816
2.148564 1.120557
2.148431 1.120496
2.148234 1.121299
2.148029 1.121407
2.147904 1.122041
2.147627 1.122319
2.147574 1.122782
2.147224 1.123231
2.147244 1.123524
2.146822 1.124142
2.146914 1.124266
2.146584 1.125008
2.146420 1.125054
2.146254 1.125749
2.146018 1.125966
2.145924 1.126491
2.145616 1.126878
2.145594 1.127233
2.145214 1.127789
2.145264 1.127975
2.144933 1.128716
2.144812 1.128701
2.144603 1.129458
2.144410 1.129613
2.144273 1.130200
2.144008 1.130524
2.143943 1.130941
2.143606 1.131436
2.143613 1.131683
2.143204 1.132348
2.143283 1.132425
2.142953 1.133167
2.142802 1.133259
2.142623 1.133908
2.142400 1.134171
2.142293 1.134650
2.141998 1.135083
2.141963 1.135392
2.141595 1.135995
2.141633 1.136134
2.141302 1.136875
2.141193 1.136906
2.140972 1.137617
2.140791 1.137818
2.140642 1.138359
2.140389 1.138730
2.140312 1.139100
2.139987 1.139641
2.139982 1.139842
2.139652 1.140584
2.139585 1.140553
2.139322 1.141326
2.139183 1.141465
2.138992 1.142067
2.138781 1.142376
2.138662 1.142809
2.138379 1.143288
2.138332 1.143551
2.137977 1.144200
2.138002 1.144293
2.137671 1.145034
2.137575 1.145112
2.137341 1.145776
2.137173 1.146023
2.137011 1.146518
2.136771 1.146935
2.136681 1.147259
2.136369 1.147847
2.136351 1.148001
2.136021 1.148743
2.135967 1.148758
2.135691 1.149485
2.135564 1.149670
2.135361 1.150226
2.135162 1.150582
2.135031 1.150968
2.134760 1.151494
2.134701 1.151710
2.134358 1.152405
2.134371 1.152452
2.134040 1.153193
2.133956 1.153317
2.133710 1.153935
2.133554 1.154229
2.133380 1.154677
2.133152 1.155140
2.133050 1.155418
2.132750 1.156052
2.132720 1.156160
2.132390 1.156902
2.132348 1.156964
2.132060 1.157644