-0.491023 3.517173
-0.491192 3.517184
-0.491360 3.517195
-0.491529 3.517206
-0.491697 3.517217
-0.491866 3.517228
-0.492017 3.517219
-0.492034 3.517239
-0.492203 3.517251
-0.492371 3.517262
-0.492540 3.517273
-0.492709 3.517284
-0.492877 3.517295
-0.493011 3.517265
-0.493046 3.517306
-0.493214 3.517318
-0.493383 3.517329
-0.493551 3.517340
-0.493720 3.517351
-0.493888 3.517362
-0.494005 3.517311
-0.494057 3.517373
-0.494225 3.517384
-0.494394 3.517396
-0.494562 3.517407
-0.494731 3.517418
-0.494899 3.517429
-0.494998 3.517357
-0.495068 3.517440
-0.495236 3.517451
-0.495405 3.517462
-0.495573 3.517474
-0.495742 3.517485
-0.495910 3.517496
-0.495992 3.517403
-0.496079 3.517507
-0.496247 3.517518
-0.496416 3.517529
-0.496584 3.517541
-0.496753 3.517552
-0.496921 3.517563
-0.496986 3.517449
-0.497090 3.517574
-0.497258 3.517585
-0.497427 3.517596
-0.497595 3.517607
-0.497764 3.517619
-0.497932 3.517630
-0.497980 3.517495
-0.498101 3.517641
-0.498269 3.517652
-0.498438 3.517663
-0.498606 3.517674
-0.498775 3.517686
-0.498943 3.517697
-0.498973 3.517541
-0.499112 3.517708
-0.499280 3.517719
-0.499449 3.517730
-0.499618 3.517741
-0.499786 3.517752
-0.499955 3.517764
-0.499967 3.517587
-0.500123 3.517775
-0.500292 3.517786
-0.500460 3.517797
-0.500629 3.517808
-0.500797 3.517819
-0.500966 3.517830
-0.500961 3.517633
-0.501134 3.517842
-0.501303 3.517853
-0.501471 3.517864
-0.501640 3.517875
-0.501808 3.517886
-0.501977 3.517897
-0.501955 3.517679
-0.502145 3.517909
-0.502314 3.517920
-0.502482 3.517931
-0.502651 3.517942
-0.502819 3.517953
-0.502948 3.517725
-0.502988 3.517964
-0.503156 3.517975
-0.503325 3.517987
-0.503493 3.517998
-0.503662 3.518009
-0.503830 3.518020
-0.503942 3.517771
-0.503999 3.518031
-0.504167 3.518042
-0.504336 3.518053
-0.504504 3.518065
-0.504673 3.518076
-0.504841 3.518087
-0.504936 3.517817
-0.505010 3.518098
-0.505178 3.518109
-0.505347 3.518120
-0.505515 3.518132
-0.505684 3.518143
-0.505852 3.518154
-0.505930 3.517863
-0.506021 3.518165
-0.506189 3.518176
-0.506358 3.518187
-0.506526 3.518198
-0.506695 3.518210
-0.506864 3.518221
-0.506923 3.517909
-0.507032 3.518232
-0.507201 3.518243
-0.507369 3.518254
-0.507538 3.518265
-0.507706 3.518277
-0.507875 3.518288
-0.507917 3.517955
-0.508043 3.518299
-0.508212 3.518310
-0.508380 3.518321
-0.508549 3.518332
-0.508717 3.518343
-0.508886 3.518355
-0.508911 3.518002
-0.509054 3.518366
-0.509223 3.518377
-0.509391 3.518388
-0.509560 3.518399
-0.509728 3.518410
-0.509897 3.518421
-0.509905 3.518048
-0.510065 3.518433
-0.510234 3.518444
-0.510402 3.518455
-0.510571 3.518466
-0.510739 3.518477
-0.510908 3.518488
-0.510899 3.518094
-0.511076 3.518500
-0.511245 3.518511
-0.511413 3.518522
-0.511582 3.518533
-0.511750 3.518544
-0.511919 3.518555
-0.511892 3.518140
-0.512087 3.518566
-0.512256 3.518578
-0.512424 3.518589
-0.512593 3.518600
-0.512761 3.518611
-0.512930 3.518622
-0.512886 3.518186
-0.513098 3.518633
-0.513267 3.518644
-0.513435 3.518656
-0.513604 3.518667
-0.513772 3.518678
-0.513941 3.518689
-0.513880 3.518232
-0.514110 3.518700
-0.514278 3.518711
-0.514447 3.518723
-0.514615 3.518734
-0.514784 3.518745
-0.514874 3.518278
-0.514952 3.518756
-0.515121 3.518767
-0.515289 3.518778
-0.515458 3.518789
-0.515626 3.518801
-0.515795 3.518812
-0.515867 3.518324
-0.515963 3.518823
-0.516132 3.518834
-0.516300 3.518845
-0.516469 3.518856
-0.516637 3.518867
-0.516806 3.518879
-0.516861 3.518370
-0.516974 3.518890
-0.517143 3.518901
-0.517311 3.518912
-0.517480 3.518923
-0.517648 3.518934
-0.517817 3.518946
-0.517855 3.518416
-0.517985 3.518957
-0.518154 3.518968
-0.518322 3.518979
-0.518491 3.518990
-0.518659 3.519001
-0.518828 3.519012
-0.518849 3.518462
-0.518996 3.519024
-0.519165 3.519035
-0.519333 3.519046
-0.519502 3.519057
-0.519670 3.519068
-0.519839 3.519079
-0.519842 3.518508
-0.520007 3.519091
-0.520176 3.519102
-0.520344 3.519113
-0.520513 3.519124
-0.520681 3.519135
-0.520850 3.519146
-0.520836 3.518554
-0.521018 3.519157
-0.521187 3.519169
-0.521356 3.519180
-0.521524 3.519191
-0.521693 3.519202
-0.521861 3.519213
-0.521830 3.518600
-0.522030 3.519224
-0.522198 3.519235
-0.522367 3.519247
-0.522535 3.519258
-0.522704 3.519269
-0.522872 3.519280
-0.522824 3.518646
-0.523041 3.519291
-0.523209 3.519302
-0.523378 3.519314
-0.523546 3.519325
-0.523715 3.519336
-0.523883 3.519347
-0.523817 3.518692
-0.524052 3.519358
-0.524220 3.519369
-0.524389 3.519380
-0.524557 3.519392
-0.524726 3.519403
-0.524894 3.519414
-0.524811 3.518738
-0.525063 3.519425
-0.525231 3.519436
-0.525400 3.519447
-0.525568 3.519458
-0.525737 3.519470
-0.525905 3.519481
-0.525805 3.518784
-0.526074 3.519492
-0.526242 3.519503
-0.526411 3.519514
-0.526579 3.519525
-0.526748 3.519537
-0.526799 3.518831
-0.526916 3.519548
-0.527085 3.519559
-0.527253 3.519570
-0.527422 3.519581
-0.527590 3.519592
-0.527759 3.519603
-0.527792 3.518877
-0.527927 3.519615
-0.528096 3.519626
-0.528264 3.519637
-0.528433 3.519648
-0.528602 3.519659
-0.528770 3.519670
-0.528786 3.518923
-0.528939 3.519682
-0.529107 3.519693
-0.529276 3.519704
-0.529444 3.519715
-0.529613 3.519726
-0.529781 3.519737
-0.529780 3.518969
-0.529950 3.519748
-0.530118 3.519760
-0.530287 3.519771
-0.530455 3.519782
-0.530624 3.519793
-0.530792 3.519804
-0.530774 3.519015
-0.530961 3.519815
-0.531129 3.519826
-0.531298 3.519838
-0.531466 3.519849
-0.531635 3.519860
-0.531803 3.519871
-0.531767 3.519061
-0.531972 3.519882
-0.532140 3.519893
-0.532309 3.519905
-0.532477 3.519916
-0.532646 3.519927
-0.532814 3.519938
-0.532761 3.519107
-0.532983 3.519949
-0.533151 3.519960
-0.533320 3.519971
-0.533488 3.519983
-0.533657 3.519994
-0.533825 3.520005
-0.533755 3.519153
-0.533994 3.520016
-0.534162 3.520027
-0.534331 3.520038
-0.534499 3.520049
-0.534668 3.520061
-0.534836 3.520072
-0.534749 3.519199
-0.535005 3.520083
-0.535173 3.520094
-0.535342 3.520105
-0.535510 3.520116
-0.535679 3.520128
-0.535848 3.520139
-0.535742 3.519245
-0.536016 3.520150
-0.536185 3.520161
-0.536353 3.520172
-0.536522 3.520183
-0.536690 3.520194
-0.536859 3.520206
-0.536736 3.519291
-0.537027 3.520217
-0.537196 3.520228
-0.537364 3.520239
-0.537533 3.520250
-0.537701 3.520261
-0.537870 3.520272
-0.537730 3.519337
-0.538038 3.520284
-0.538207 3.520295
-0.538375 3.520306
-0.538544 3.520317
-0.538712 3.520328
-0.538724 3.519383
-0.538881 3.520339
-0.539049 3.520351
-0.539218 3.520362
-0.539386 3.520373
-0.539555 3.520384
-0.539723 3.520395
-0.539717 3.519429
-0.539892 3.520406
-0.540060 3.520417
-0.540229 3.520429
-0.540397 3.520440
-0.540566 3.520451
-0.540734 3.520462
-0.540711 3.519475
-0.540903 3.520473
-0.541071 3.520484
-0.541240 3.520496
-0.541408 3.520507
-0.541577 3.520518
-0.541745 3.520529
-0.541705 3.519521
-0.541914 3.520540
-0.542082 3.520551
-0.542251 3.520562
-0.542419 3.520574
-0.542588 3.520585
-0.542757 3.520596
-0.542699 3.519567
-0.542925 3.520607
-0.543094 3.520618
-0.543262 3.520629
-0.543431 3.520640
-0.543599 3.520652
-0.543768 3.520663
-0.543692 3.519613
-0.543936 3.520674
-0.544105 3.520685
-0.544273 3.520696
-0.544442 3.520707
-0.544610 3.520719
-0.544779 3.520730
-0.544686 3.519659
-0.544947 3.520741
-0.545116 3.520752
-0.545284 3.520763
-0.545453 3.520774
-0.545621 3.520785
-0.545790 3.520797
-0.545680 3.519706
-0.545958 3.520808
-0.546127 3.520819
-0.546674 3.519752
-0.546853 3.520851
-0.547579 3.520882
-0.547667 3.519798
-0.548306 3.520914
-0.548661 3.519844
-0.549032 3.520946
-0.549759 3.520977
-0.549655 3.519890
-0.550485 3.521009
-0.550649 3.519936
-0.551211 3.521041
-0.551642 3.519982
-0.551938 3.521072
-0.552664 3.521104
-0.552636 3.520028
-0.553390 3.521136
-0.553630 3.520074
-0.554117 3.521167
-0.554624 3.520120
-0.554843 3.521199
-0.555570 3.521231
-0.555617 3.520166
-0.556296 3.521262
-0.556611 3.520212
-0.557022 3.521294
-0.557749 3.521326
-0.557605 3.520258
-0.558475 3.521357
-0.558599 3.520304
-0.559201 3.521389
-0.559593 3.520350
-0.559928 3.521421
-0.560654 3.521452
-0.560586 3.520396
-0.561380 3.521484
-0.561580 3.520442
-0.562107 3.521516
-0.562574 3.520488
-0.562833 3.521547
-0.563560 3.521579
-0.563568 3.520535
-0.564286 3.521611
-0.564561 3.520581
-0.565012 3.521642
-0.565555 3.520627
-0.565739 3.521674
-0.566465 3.521706
-0.566549 3.520673
-0.567191 3.521737
-0.567543 3.520719
-0.567918 3.521769
-0.568644 3.521801
-0.568536 3.520765
-0.569370 3.521832
-0.569530 3.520811
-0.570097 3.521864
-0.570524 3.520857
-0.570823 3.521896
-0.571550 3.521927
-0.571518 3.520903
-0.572276 3.521959
-0.572511 3.520949
-0.573002 3.521991
-0.573505 3.520995
-0.573729 3.522022
-0.574455 3.522054
-0.574499 3.521041
-0.575181 3.522086
-0.575493 3.521087
-0.575908 3.522117
-0.576634 3.522149
-0.576486 3.521133
-0.577361 3.522181
-0.577480 3.521179
-0.578087 3.522212
-0.578474 3.521225
-0.578813 3.522244
-0.579540 3.522276
-0.579468 3.521271
-0.580266 3.522307
-0.580461 3.521317
-0.580992 3.522339
-0.581455 3.521363
-0.581719 3.522371
-0.582445 3.522402
-0.582449 3.521410
-0.583171 3.522434
-0.583443 3.521456
-0.583898 3.522466
-0.584436 3.521502
-0.584624 3.522497
-0.585351 3.522529
-0.585430 3.521548
-0.586077 3.522561
-0.586424 3.521594
-0.586803 3.522592
-0.587530 3.522624
-0.587418 3.521640
-0.588256 3.522656
-0.588411 3.521686
-0.588982 3.522687
-0.589405 3.521732
-0.589709 3.522719
-0.590435 3.522751
-0.590399 3.521778
-0.591161 3.522782
-0.591393 3.521824
-0.591888 3.522814
-0.592386 3.521870
-0.592614 3.522846
-0.593341 3.522877
-0.593380 3.521916
-0.594067 3.522909
-0.594374 3.521962
-0.594793 3.522941
-0.595520 3.522972
-0.595368 3.522008
-0.596246 3.523004
-0.596361 3.522054
-0.596972 3.523036
-0.597355 3.522100
-0.597699 3.523067
-0.598425 3.523099
-0.598349 3.522146
-0.599152 3.523131
-0.599343 3.522192
-0.599878 3.523162
-0.600336 3.522239
-0.600604 3.523194
-0.601331 3.523226
-0.601330 3.522285
-0.602057 3.523257
-0.602324 3.522331
-0.602783 3.523289
-0.603318 3.522377
-0.603510 3.523321
-0.604236 3.523352
-0.604311 3.522423
-0.604962 3.523384
-0.605305 3.522469
-0.605689 3.523416
-0.606415 3.523447
-0.606299 3.522515
-0.607142 3.523479
-0.607293 3.522561
-0.607868 3.523511
-0.608287 3.522607
-0.608594 3.523542
-0.609321 3.523574
-0.609280 3.522653
-0.610047 3.523606
-0.610274 3.522699
-0.610773 3.523637
-0.611268 3.522745
-0.611500 3.523669
-0.612226 3.523701
-0.612262 3.522791
-0.612952 3.523732
-0.613255 3.522837
-0.613679 3.523764
-0.614405 3.523796
-0.614249 3.522883
-0.615132 3.523827
-0.615243 3.522929
-0.615858 3.523859
-0.616237 3.522975
-0.616584 3.523891
-0.617311 3.523922
-0.617230 3.523021
-0.618037 3.523954
-0.618224 3.523067
-0.618763 3.523986
-0.619218 3.523114
-0.619490 3.524017
-0.620216 3.524049
-0.620212 3.523160
-0.620943 3.524081
-0.621205 3.523206
-0.621669 3.524112
-0.622199 3.523252
-0.622395 3.524144
-0.623122 3.524176
-0.623193 3.523298
-0.623848 3.524207
-0.624187 3.523344
-0.624574 3.524239
-0.625301 3.524271
-0.625180 3.523390
-0.626027 3.524302
-0.626174 3.523436
-0.626753 3.524334
-0.627168 3.523482
-0.627480 3.524366
-0.628206 3.524397
-0.628162 3.523528
-0.628933 3.524429
-0.629155 3.523574
-0.629659 3.524461
-0.630149 3.523620
-0.630385 3.524492
-0.631112 3.524524
-0.631143 3.523666
-0.631838 3.524556
-0.632137 3.523712
-0.632564 3.524587
-0.633130 3.523758
-0.633291 3.524619
-0.634017 3.524651
-0.634124 3.523804
-0.634743 3.524682
-0.635118 3.523850
-0.635470 3.524714
-0.636196 3.524746
-0.636112 3.523896
-0.636923 3.524777
-0.637105 3.523943
-0.637649 3.524809
-0.638099 3.523989
-0.638375 3.524841
-0.639102 3.524872
-0.639093 3.524035
-0.639828 3.524904
-0.640087 3.524081
-0.640554 3.524936
-0.641080 3.524127
-0.641281 3.524967
-0.642007 3.524999
-0.642074 3.524173
-0.642734 3.525031
-0.643068 3.524219
-0.643460 3.525062
-0.644186 3.525094
-0.644062 3.524265
-0.644913 3.525126
-0.645055 3.524311
-0.645639 3.525157
-0.646049 3.524357
-0.646365 3.525189
-0.647092 3.525221
-0.647043 3.524403
-0.647818 3.525252
-0.648037 3.524449
-0.648544 3.525284
-0.649030 3.524495
-0.649271 3.525316
-0.649997 3.525347
-0.650024 3.524541
-0.650724 3.525379
-0.651018 3.524587
-0.651450 3.525411
-0.652012 3.524633
-0.652176 3.525442
-0.652903 3.525474
-0.653005 3.524679
-0.653629 3.525506
-0.653999 3.524725
-0.654355 3.525537
-0.655082 3.525569
-0.654993 3.524771
-0.655808 3.525601
-0.655987 3.524818
-0.656534 3.525632
-0.656980 3.524864
-0.657261 3.525664
-0.657987 3.525696
-0.657974 3.524910
-0.658714 3.525727
-0.658968 3.524956
-0.659440 3.525759
-0.659962 3.525002
-0.660166 3.525791
-0.660893 3.525822
-0.660956 3.525048
-0.661619 3.525854
-0.661949 3.525094
-0.662345 3.525886
-0.663072 3.525917
-0.662943 3.525140
-0.663798 3.525949
-0.663937 3.525186
-0.664525 3.525981
-0.664931 3.525232
-0.665251 3.526013
-0.665977 3.526044
-0.665924 3.525278
-0.666704 3.526076
-0.666918 3.525324
-0.667430 3.526108
-0.667912 3.525370
-0.668156 3.526139
-0.668883 3.526171
-0.668906 3.525416
-0.669609 3.526203
-0.669899 3.525462
-0.670335 3.526234
-0.670893 3.525508
-0.671062 3.526266
-0.671788 3.526298
-0.671887 3.525554
-0.672515 3.526329
-0.672881 3.525600
-0.673241 3.526361
-0.673967 3.526393
-0.673874 3.525647
-0.674694 3.526424
-0.674868 3.525693
-0.675420 3.526456
-0.675862 3.525739
-0.676146 3.526488
-0.676873 3.526519
-0.676856 3.525785
-0.677599 3.526551
-0.677849 3.525831
-0.678325 3.526583
-0.678843 3.525877
-0.679052 3.526614
-0.679778 3.526646
-0.679837 3.525923
-0.680505 3.526678
-0.680831 3.525969
-0.681231 3.526709
-0.681957 3.526741
-0.681824 3.526015
-0.682684 3.526773
-0.682818 3.526061
-0.683410 3.526804
-0.683812 3.526107
-0.684136 3.526836
-0.684863 3.526868
-0.684806 3.526153
-0.685589 3.526899
-0.685799 3.526199
-0.686316 3.526931
-0.686793 3.526245
-0.687042 3.526963
-0.687768 3.526994
-0.687787 3.526291
-0.688495 3.527026
-0.688781 3.526337
-0.689221 3.527058
-0.689774 3.526383
-0.689947 3.527089
-0.690674 3.527121
-0.690768 3.526429
-0.691400 3.527153
-0.691762 3.526475
-0.692126 3.527184
-0.692853 3.527216
-0.692756 3.526522
-0.693579 3.527248
-0.693749 3.526568
-0.694306 3.527279
-0.694743 3.526614
-0.695032 3.527311
-0.695758 3.527343
-0.695737 3.526660
-0.696485 3.527374
-0.696731 3.526706
-0.697211 3.527406
-0.697724 3.526752
-0.697937 3.527438
-0.698664 3.527469
-0.698718 3.526798
-0.699390 3.527501
-0.699712 3.526844
-0.700116 3.527533
-0.700706 3.526890
-0.700843 3.527564
-0.701569 3.527596
-0.701699 3.526936
-0.702296 3.527628
-0.702693 3.526982
-0.703022 3.527659
-0.703748 3.527691
-0.703687 3.527028
-0.704475 3.527723
-0.704681 3.527074
-0.705201 3.527754
-0.705674 3.527120
-0.705927 3.527786
-0.706654 3.527818
-0.706668 3.527166
-0.707380 3.527849
-0.707662 3.527212
-0.708107 3.527881
-0.708656 3.527258
-0.708833 3.527913
-0.709559 3.527944
-0.709650 3.527304
-0.710286 3.527976
-0.710643 3.527350
-0.711012 3.528008
-0.711738 3.528039
-0.711637 3.527397
-0.712465 3.528071
-0.712631 3.527443
-0.713191 3.528103
-0.713625 3.527489
-0.713917 3.528134
-0.714644 3.528166
-0.714618 3.527535
-0.715370 3.528198
-0.715612 3.527581
-0.716097 3.528229
-0.716606 3.527627
-0.716823 3.528261
-0.717549 3.528293
-0.717600 3.527673
-0.718276 3.528324
-0.718593 3.527719
-0.719002 3.528356
-0.719587 3.527765
-0.719728 3.528388
-0.720455 3.528419
-0.720581 3.527811
-0.721181 3.528451
-0.721575 3.527857
-0.721907 3.528483
-0.722634 3.528514
-0.722568 3.527903
-0.723360 3.528546
-0.723562 3.527949
-0.724087 3.528578
-0.724556 3.527995
-0.724813 3.528609
-0.725539 3.528641
-0.725550 3.528041
-0.726266 3.528673
-0.726543 3.528087
-0.726992 3.528704
-0.727537 3.528133
-0.727718 3.528736
-0.728445 3.528768
-0.728531 3.528179
-0.729171 3.528799
-0.729525 3.528226
-0.729898 3.528831
-0.730624 3.528863
-0.730518 3.528272
-0.731350 3.528894
-0.731512 3.528318
-0.732077 3.528926
-0.732506 3.528364
-0.732803 3.528958
-0.733529 3.528989
-0.733500 3.528410
-0.734256 3.529021
-0.734493 3.528456
-0.734982 3.529053
-0.735487 3.528502
-0.735708 3.529084
-0.736435 3.529116
-0.736481 3.528548
-0.737161 3.529148
-0.737475 3.528594
-0.737888 3.529179
-0.738468 3.528640
-0.738614 3.529211
-0.739340 3.529243
-0.739462 3.528686
-0.740067 3.529274
-0.740456 3.528732
-0.740793 3.529306
-0.741519 3.529338
-0.741450 3.528778
-0.742246 3.529369
-0.742443 3.528824
-0.742972 3.529401
-0.743437 3.528870
-0.743698 3.529433
-0.744425 3.529464
-0.744431 3.528916
-0.745151 3.529496
-0.745425 3.528962
-0.745878 3.529528
-0.746418 3.529008
-0.746604 3.529559
-0.747330 3.529591
-0.747412 3.529054
-0.748057 3.529623
-0.748406 3.529101
-0.748783 3.529654
-0.749509 3.529686
-0.749400 3.529147
-0.750236 3.529718
-0.750393 3.529193
-0.750962 3.529749
-0.751387 3.529239
-0.751689 3.529781
-0.752415 3.529813
-0.752381 3.529285
-0.753141 3.529844
-0.753375 3.529331
-0.753868 3.529876
-0.754368 3.529377
-0.754594 3.529908
-0.755320 3.529939
-0.755362 3.529423
-0.756047 3.529971
-0.756356 3.529469
-0.756773 3.530003
-0.757350 3.529515
-0.757499 3.530034
-0.758226 3.530066
-0.758344 3.529561
-0.758952 3.530098
-0.759337 3.529607
-0.759679 3.530129
-0.760405 3.530161
-0.760331 3.529653
-0.761131 3.530193
-0.761325 3.529699
-0.761858 3.530224
-0.762319 3.529745
-0.762584 3.530256
-0.763310 3.530288
-0.763312 3.529791
-0.764037 3.530319
-0.764306 3.529837
-0.764763 3.530351
-0.765300 3.529883
-0.765489 3.530383
-0.766216 3.530414
-0.766294 3.529930
-0.766942 3.530446
-0.767287 3.529976
-0.767669 3.530478
-0.768281 3.530022
-0.768395 3.530509
-0.769121 3.530541
-0.769275 3.530068
-0.769848 3.530573
-0.770269 3.530114
-0.770574 3.530604
-0.771300 3.530636
-0.771262 3.530160
-0.772027 3.530668
-0.772256 3.530206
-0.772753 3.530699
-0.773250 3.530252
-0.773480 3.530731
-0.774206 3.530763
-0.774244 3.530298
-0.774932 3.530794
-0.775237 3.530344
-0.775659 3.530826
-0.776231 3.530390
-0.776385 3.530858
-0.777111 3.530889
-0.777225 3.530436
-0.777838 3.530921
-0.778219 3.530482
-0.778564 3.530953
-0.779290 3.530984
-0.779212 3.530528
-0.780017 3.531016
-0.780206 3.530574
-0.780743 3.531048
-0.781200 3.530620
-0.781470 3.531079
-0.782196 3.531111
-0.782194 3.530666
-0.782922 3.531143
-0.783187 3.530712
-0.783649 3.531174
-0.784181 3.530758
-0.784375 3.531206
-0.785101 3.531238
-0.785175 3.530805
-0.785828 3.531269
-0.786169 3.530851
-0.786554 3.531301
-0.787162 3.530897
-0.787280 3.531333
-0.788007 3.531364
-0.788156 3.530943
-0.788733 3.531396
-0.789150 3.530989
-0.789460 3.531428
-0.790186 3.531459
-0.790144 3.531035
-0.790912 3.531491
-0.791137 3.531081
-0.791639 3.531523
-0.792131 3.531127
-0.792365 3.531554
-0.793091 3.531586
-0.793125 3.531173
-0.793818 3.531618
-0.794119 3.531219
-0.794544 3.531649
-0.795112 3.531265
-0.795271 3.531681
-0.795997 3.531713
-0.796106 3.531311
-0.796723 3.531744
-0.797100 3.531357
-0.797450 3.531776
-0.798176 3.531808
-0.798094 3.531403
-0.798902 3.531839
-0.799087 3.531449
-0.799629 3.531871
-0.800081 3.531495
-0.800355 3.531903
-0.801081 3.531934
-0.801075 3.531541
-0.801808 3.531966
-0.802069 3.531587
-0.802534 3.531998
-0.803062 3.531634
-0.803261 3.532029
-0.803987 3.532061
-0.804056 3.531680
-0.804713 3.532093
-0.805050 3.531726
-0.805440 3.532125
-0.806044 3.531772
-0.806166 3.532156
-0.806892 3.532188
-0.807038 3.531818
-0.807619 3.532220
-0.808031 3.531864
-0.808345 3.532251
-0.809071 3.532283
-0.809025 3.531910
-0.809798 3.532315
-0.810019 3.531956
-0.810524 3.532346
-0.811013 3.532002
-0.811251 3.532378
-0.811977 3.532410
-0.812006 3.532048
-0.812703 3.532441
-0.813000 3.532094
-0.813430 3.532473
-0.813994 3.532140
-0.814156 3.532505
-0.814882 3.532536
-0.814988 3.532186
-0.815609 3.532568
-0.815981 3.532232
-0.816335 3.532600
-0.816975 3.532278
-0.817062 3.532631
-0.817788 3.532663
-0.817969 3.532324
-0.818514 3.532695
-0.818963 3.532370
-0.819241 3.532726
-0.819967 3.532758
-0.819956 3.532416
-0.820693 3.532790
-0.820950 3.532462
-0.821420 3.532821
-0.821944 3.532509
-0.822146 3.532853
-0.822872 3.532885
-0.822938 3.532555
-0.823599 3.532916
-0.823931 3.532601
-0.824325 3.532948
-0.824925 3.532647
-0.825052 3.532980
-0.825778 3.533011
-0.825919 3.532693
-0.826504 3.533043
-0.826913 3.532739
-0.827231 3.533075
-0.827957 3.533106
-0.827906 3.532785
-0.828683 3.533138
-0.828900 3.532831
-0.829410 3.533170
-0.829894 3.532877
-0.830136 3.533201
-0.830862 3.533233
-0.830888 3.532923
-0.831589 3.533265
-0.831881 3.532969
-0.832315 3.533296
-0.832875 3.533015
-0.833042 3.533328
-0.833768 3.533360
-0.833869 3.533061
-0.834494 3.533391
-0.834863 3.533107
-0.835221 3.533423
-0.835856 3.533153
-0.835947 3.533455
-0.836673 3.533486
-0.836850 3.533199
-0.837400 3.533518
-0.837844 3.533245
-0.838126 3.533550
-0.838853 3.533581
-0.838838 3.533291
-0.839579 3.533613
-0.839831 3.533338
-0.840305 3.533645
-0.840825 3.533384
-0.841032 3.533676
-0.841758 3.533708
-0.841819 3.533430
-0.842484 3.533740
-0.842813 3.533476
-0.843211 3.533771
-0.843806 3.533522
-0.843937 3.533803
-0.844663 3.533835
-0.844800 3.533568
-0.845390 3.533866
-0.845794 3.533614
-0.846116 3.533898
-0.846843 3.533930
-0.846788 3.533660
-0.847569 3.533961
-0.847781 3.533706
-0.848295 3.533993
-0.848775 3.533752
-0.849022 3.534025
-0.849748 3.534056
-0.849769 3.533798
-0.850474 3.534088
-0.850763 3.533844
-0.851201 3.534120
-0.851756 3.533890
-0.851927 3.534151
-0.852654 3.534183
-0.852750 3.533936
-0.853380 3.534215
-0.853744 3.533982
-0.854106 3.534246
-0.854738 3.534028
-0.854833 3.534278
-0.855559 3.534310
-0.855732 3.534074
-0.856285 3.534341
-0.856725 3.534120
-0.857012 3.534373
-0.857738 3.534405
-0.857719 3.534166
-0.858464 3.534436
-0.858713 3.534213
-0.859191 3.534468
-0.859707 3.534259
-0.859917 3.534500
-0.860644 3.534531
-0.860700 3.534305
-0.861370 3.534563
-0.861694 3.534351
-0.862096 3.534595
-0.862688 3.534397
-0.862823 3.534626
-0.863549 3.534658
-0.863682 3.534443
-0.864275 3.534690
-0.864675 3.534489
-0.865002 3.534721
-0.865669 3.534535
-0.865728 3.534753
-0.866454 3.534785
-0.866663 3.534581
-0.867181 3.534816
-0.867657 3.534627
-0.867907 3.534848
-0.868634 3.534880
-0.868650 3.534673
-0.869360 3.534911
-0.869644 3.534719
-0.870086 3.534943
-0.870638 3.534765
-0.870813 3.534975
-0.871539 3.535006
-0.871632 3.534811
-0.872265 3.535038
-0.872625 3.534857
-0.872992 3.535070
-0.873619 3.534903
-0.873718 3.535101
-0.874445 3.535133
-0.874613 3.534949
-0.875171 3.535165
-0.875607 3.534995
-0.875897 3.535196
-0.876624 3.535228
-0.876600 3.535042
-0.877350 3.535260
-0.877594 3.535088
-0.878076 3.535291
-0.878588 3.535134
-0.878803 3.535323
-0.879529 3.535355
-0.879582 3.535180
-0.880255 3.535386
-0.880575 3.535226
-0.880982 3.535418
-0.881569 3.535272
-0.881708 3.535450
-0.882435 3.535481
-0.882563 3.535318
-0.883161 3.535513
-0.883557 3.535364
-0.883887 3.535545
-0.884550 3.535410
-0.884614 3.535576
-0.885340 3.535608
-0.885544 3.535456
-0.886066 3.535640
-0.886538 3.535502
-0.886793 3.535671
-0.887519 3.535703
-0.887532 3.535548
-0.888245 3.535735
-0.888525 3.535594
-0.888972 3.535766
-0.889519 3.535640
-0.889698 3.535798
-0.890425 3.535830
-0.890513 3.535686
-0.891151 3.535861
-0.891507 3.535732
-0.891877 3.535893
-0.892500 3.535778
-0.892604 3.535925
-0.893330 3.535956
-0.893494 3.535824
-0.894056 3.535988
-0.894488 3.535870
-0.894783 3.536020
-0.895509 3.536051
-0.895482 3.535917
-0.896236 3.536083
-0.896475 3.535963
-0.896962 3.536115
-0.897469 3.536009
-0.897688 3.536146
-0.898415 3.536178
-0.898463 3.536055
-0.899141 3.536210
-0.899457 3.536101
-0.899867 3.536241
-0.900450 3.536147
-0.900594 3.536273
-0.901320 3.536305
-0.901444 3.536193
-0.902046 3.536336
-0.902438 3.536239
-0.902773 3.536368
-0.903432 3.536285
-0.903499 3.536400
-0.904226 3.536431
-0.904426 3.536331
-0.904952 3.536463
-0.905419 3.536377
-0.905678 3.536495
-0.906405 3.536526
-0.906413 3.536423
-0.907131 3.536558
-0.907407 3.536469
-0.907857 3.536590
-0.908401 3.536515
-0.908584 3.536621
-0.909310 3.536653
-0.909394 3.536561
-0.910036 3.536685
-0.910388 3.536607
-0.910763 3.536716
-0.911382 3.536653
-0.911489 3.536748
-0.912216 3.536780
-0.912376 3.536699
-0.912942 3.536811
-0.913369 3.536745
-0.913668 3.536843
-0.914363 3.536792
-0.914395 3.536875
-0.915121 3.536906
-0.915357 3.536838
-0.915847 3.536938
-0.916351 3.536884
-0.916574 3.536970
-0.917300 3.537001
-0.917344 3.536930
-0.918027 3.537033
-0.918338 3.536976
-0.918753 3.537065
-0.919332 3.537022
-0.919479 3.537096
-0.920206 3.537128
-0.920326 3.537068
-0.920932 3.537160
-0.921319 3.537114
-0.921658 3.537191
-0.922313 3.537160
-0.922385 3.537223
-0.923111 3.537255
-0.923307 3.537206
-0.923837 3.537286
-0.924301 3.537252
-0.924564 3.537318
-0.925290 3.537350
-0.925294 3.537298
-0.926017 3.537381
-0.926288 3.537344
-0.926743 3.537413
-0.927282 3.537390
-0.927469 3.537445
-0.928196 3.537476
-0.928276 3.537436
-0.928922 3.537508
-0.929269 3.537482
-0.929648 3.537540
-0.930263 3.537528
-0.930375 3.537571
-0.931101 3.537603
-0.931257 3.537574
-0.931827 3.537635
-0.932251 3.537621
-0.932554 3.537666
-0.933244 3.537667
-0.933280 3.537698
-0.934007 3.537730
-0.934238 3.537713
-0.934733 3.537761
-0.935232 3.537759
-0.935459 3.537793
-0.936186 3.537825
-0.936226 3.537805
-0.936912 3.537856
-0.937219 3.537851
-0.937638 3.537888
-0.938213 3.537897
-0.938365 3.537920
-0.939091 3.537951
-0.939207 3.537943
-0.939818 3.537983
-0.940201 3.537989
-0.940544 3.538015
-0.941194 3.538035
-0.941270 3.538046
-0.941997 3.538078
-0.942188 3.538081
-0.942723 3.538110
-0.943182 3.538127