-1.206197 3.507699
-1.206638 3.507653
-1.206638 3.507653
-1.206638 3.507653
-1.206656 3.507646
-1.206656 3.507646
-1.206674 3.507640
-1.206674 3.507640
-1.206691 3.507633
-1.206691 3.507633
-1.206709 3.507626
-1.206709 3.507626
-1.206727 3.507620
-1.206727 3.507620
-1.206744 3.507613
-1.206744 3.507613
-1.206762 3.507606
-1.206762 3.507606
-1.206780 3.507600
-1.206780 3.507600
-1.206797 3.507593
-1.206797 3.507593
-1.206815 3.507586
-1.206815 3.507586
-1.206833 3.507579
-1.206833 3.507579
-1.206850 3.507573
-1.206850 3.507573
-1.206868 3.507566
-1.206868 3.507566
-1.206886 3.507559
-1.206886 3.507559
-1.206903 3.507553
-1.206903 3.507553
-1.206155 3.505357
-1.206921 3.507546
-1.206921 3.507546
-1.206939 3.507539
-1.206939 3.507539
-1.206956 3.507533
-1.206956 3.507533
-1.206974 3.507526
-1.206974 3.507526
-1.206992 3.507519
-1.206992 3.507519
-1.207009 3.507513
-1.207009 3.507513
-1.207027 3.507506
-1.207027 3.507506
-1.207045 3.507499
-1.207045 3.507499
-1.207062 3.507492
-1.207062 3.507492
-1.207080 3.507486
-1.207080 3.507486
-1.207098 3.507479
-1.207098 3.507479
-1.207115 3.507472
-1.207115 3.507472
-1.207133 3.507466
-1.207133 3.507466
-1.207151 3.507459
-1.207151 3.507459
-1.207168 3.507452
-1.207168 3.507452
-1.207186 3.507446
-1.207186 3.507446
-1.207204 3.507439
-1.207204 3.507439
-1.207221 3.507432
-1.207221 3.507432
-1.207239 3.507426
-1.207239 3.507426
-1.207257 3.507419
-1.207257 3.507419
-1.207274 3.507412
-1.207274 3.507412
-1.207292 3.507405
-1.207292 3.507405
-1.207310 3.507399
-1.207310 3.507399
-1.207328 3.507392
-1.207328 3.507392
-1.207345 3.507385
-1.207345 3.507385
-1.207363 3.507379
-1.207363 3.507379
-1.207381 3.507372
-1.207381 3.507372
-1.207398 3.507365
-1.207398 3.507365
-1.207416 3.507359
-1.207416 3.507359
-1.207434 3.507352
-1.207434 3.507352
-1.207451 3.507345
-1.207451 3.507345
-1.207469 3.507339
-1.207469 3.507339
-1.207487 3.507332
-1.207487 3.507332
-1.207504 3.507325
-1.207504 3.507325
-1.207522 3.507318
-1.207522 3.507318
-1.207570 3.507439
-1.207540 3.507312
-1.207540 3.507312
-1.207557 3.507305
-1.207557 3.507305
-1.207575 3.507298
-1.207575 3.507298
-1.207593 3.507292
-1.207593 3.507292
-1.207610 3.507285
-1.207610 3.507285
-1.207628 3.507278
-1.207628 3.507278
-1.207646 3.507272
-1.207646 3.507272
-1.207663 3.507265
-1.207663 3.507265
-1.207681 3.507258
-1.207681 3.507258
-1.207699 3.507252
-1.207699 3.507252
-1.207716 3.507245
-1.207716 3.507245
-1.207734 3.507238
-1.207734 3.507238
-1.207752 3.507231
-1.207752 3.507231
-1.207769 3.507225
-1.207769 3.507225
-1.207098 3.505248
-1.207787 3.507218
-1.207787 3.507218
-1.207805 3.507211
-1.207805 3.507211
-1.207822 3.507205
-1.207822 3.507205
-1.207840 3.507198
-1.207840 3.507198
-1.207858 3.507191
-1.207858 3.507191
-1.207875 3.507185
-1.207875 3.507185
-1.207893 3.507178
-1.207893 3.507178
-1.207911 3.507171
-1.207911 3.507171
-1.207928 3.507165
-1.207928 3.507165
-1.207946 3.507158
-1.207946 3.507158
-1.207964 3.507151
-1.207964 3.507151
-1.207981 3.507144
-1.207981 3.507144
-1.207999 3.507138
-1.207999 3.507138
-1.208017 3.507131
-1.208017 3.507131
-1.208035 3.507124
-1.208035 3.507124
-1.208052 3.507118
-1.208052 3.507118
-1.208070 3.507111
-1.208070 3.507111
-1.208088 3.507104
-1.208088 3.507104
-1.208105 3.507098
-1.208105 3.507098
-1.208123 3.507091
-1.208123 3.507091
-1.208141 3.507084
-1.208141 3.507084
-1.208158 3.507077
-1.208158 3.507077
-1.208176 3.507071
-1.208176 3.507071
-1.208194 3.507064
-1.208194 3.507064
-1.208211 3.507057
-1.208211 3.507057
-1.208229 3.507051
-1.208229 3.507051
-1.208247 3.507044
-1.208247 3.507044
-1.208264 3.507037
-1.208264 3.507037
-1.208282 3.507031
-1.208282 3.507031
-1.208300 3.507024
-1.208300 3.507024
-1.208317 3.507017
-1.208317 3.507017
-1.208335 3.507011
-1.208335 3.507011
-1.208353 3.507004
-1.208353 3.507004
-1.208370 3.506997
-1.208370 3.506997
-1.208388 3.506990
-1.208388 3.506990
-1.208406 3.506984
-1.208406 3.506984
-1.208501 3.507225
-1.208423 3.506977
-1.208423 3.506977
-1.208441 3.506970
-1.208441 3.506970
-1.208459 3.506964
-1.208459 3.506964
-1.208476 3.506957
-1.208476 3.506957
-1.208494 3.506950
-1.208494 3.506950
-1.208512 3.506944
-1.208512 3.506944
-1.208529 3.506937
-1.208529 3.506937
-1.208547 3.506930
-1.208547 3.506930
-1.208565 3.506924
-1.208565 3.506924
-1.208582 3.506917
-1.208582 3.506917
-1.208600 3.506910
-1.208600 3.506910
-1.208618 3.506903
-1.208618 3.506903
-1.208635 3.506897
-1.208635 3.506897
-1.208041 3.505139
-1.208653 3.506890
-1.208653 3.506890
-1.208671 3.506883
-1.208671 3.506883
-1.208688 3.506877
-1.208688 3.506877
-1.208706 3.506870
-1.208706 3.506870
-1.208724 3.506863
-1.208724 3.506863
-1.208742 3.506857
-1.208742 3.506857
-1.208759 3.506850
-1.208759 3.506850
-1.208777 3.506843
-1.208777 3.506843
-1.208795 3.506837
-1.208795 3.506837
-1.208812 3.506830
-1.208812 3.506830
-1.208830 3.506823
-1.208830 3.506823
-1.208848 3.506816
-1.208848 3.506816
-1.208865 3.506810
-1.208865 3.506810
-1.208883 3.506803
-1.208883 3.506803
-1.208901 3.506796
-1.208901 3.506796
-1.208918 3.506790
-1.208918 3.506790
-1.208936 3.506783
-1.208936 3.506783
-1.208954 3.506776
-1.208954 3.506776
-1.208971 3.506770
-1.208971 3.506770
-1.208989 3.506763
-1.208989 3.506763
-1.209007 3.506756
-1.209007 3.506756
-1.209024 3.506750
-1.209024 3.506750
-1.209042 3.506743
-1.209042 3.506743
-1.209060 3.506736
-1.209060 3.506736
-1.209077 3.506729
-1.209077 3.506729
-1.209095 3.506723
-1.209095 3.506723
-1.209113 3.506716
-1.209113 3.506716
-1.209130 3.506709
-1.209130 3.506709
-1.209148 3.506703
-1.209148 3.506703
-1.209166 3.506696
-1.209166 3.506696
-1.209183 3.506689
-1.209183 3.506689
-1.209201 3.506683
-1.209201 3.506683
-1.209219 3.506676
-1.209219 3.506676
-1.209236 3.506669
-1.209236 3.506669
-1.209254 3.506663
-1.209254 3.506663
-1.209272 3.506656
-1.209272 3.506656
-1.209289 3.506649
-1.209289 3.506649
-1.209433 3.507011
-1.209307 3.506642
-1.209307 3.506642
-1.209325 3.506636
-1.209325 3.506636
-1.209342 3.506629
-1.209342 3.506629
-1.209360 3.506622
-1.209360 3.506622
-1.209378 3.506616
-1.209378 3.506616
-1.209395 3.506609
-1.209395 3.506609
-1.209413 3.506602
-1.209413 3.506602
-1.209431 3.506596
-1.209431 3.506596
-1.209449 3.506589
-1.209449 3.506589
-1.209466 3.506582
-1.209466 3.506582
-1.209484 3.506576
-1.209484 3.506576
-1.209502 3.506569
-1.209502 3.506569
-1.208983 3.505030
-1.209519 3.506562
-1.209519 3.506562
-1.209537 3.506555
-1.209537 3.506555
-1.209555 3.506549
-1.209555 3.506549
-1.209572 3.506542
-1.209572 3.506542
-1.209590 3.506535
-1.209590 3.506535
-1.209608 3.506529
-1.209608 3.506529
-1.209625 3.506522
-1.209625 3.506522
-1.209643 3.506515
-1.209643 3.506515
-1.209661 3.506509
-1.209661 3.506509
-1.209678 3.506502
-1.209678 3.506502
-1.209696 3.506495
-1.209696 3.506495
-1.209714 3.506489
-1.209714 3.506489
-1.209731 3.506482
-1.209731 3.506482
-1.209749 3.506475
-1.209749 3.506475
-1.209767 3.506468
-1.209767 3.506468
-1.209784 3.506462
-1.209784 3.506462
-1.209802 3.506455
-1.209802 3.506455
-1.209820 3.506448
-1.209820 3.506448
-1.209837 3.506442
-1.209837 3.506442
-1.209855 3.506435
-1.209855 3.506435
-1.209873 3.506428
-1.209873 3.506428
-1.209890 3.506422
-1.209890 3.506422
-1.209908 3.506415
-1.209908 3.506415
-1.209926 3.506408
-1.209926 3.506408
-1.209943 3.506402
-1.209943 3.506402
-1.209961 3.506395
-1.209961 3.506395
-1.209979 3.506388
-1.209979 3.506388
-1.209996 3.506381
-1.209996 3.506381
-1.210014 3.506375
-1.210014 3.506375
-1.210032 3.506368
-1.210032 3.506368
-1.210049 3.506361
-1.210049 3.506361
-1.210067 3.506355
-1.210067 3.506355
-1.210085 3.506348
-1.210085 3.506348
-1.210102 3.506341
-1.210102 3.506341
-1.210120 3.506335
-1.210120 3.506335
-1.210138 3.506328
-1.210138 3.506328
-1.210156 3.506321
-1.210156 3.506321
-1.210173 3.506315
-1.210173 3.506315
-1.210191 3.506308
-1.210191 3.506308
-1.210365 3.506796
-1.210209 3.506301
-1.210209 3.506301
-1.210226 3.506294
-1.210226 3.506294
-1.210244 3.506288
-1.210244 3.506288
-1.210262 3.506281
-1.210262 3.506281
-1.210279 3.506274
-1.210279 3.506274
-1.210297 3.506268
-1.210297 3.506268
-1.210315 3.506261
-1.210315 3.506261
-1.210332 3.506254
-1.210332 3.506254
-1.210350 3.506248
-1.210350 3.506248
-1.210368 3.506241
-1.210368 3.506241
-1.209926 3.504921
-1.210385 3.506234
-1.210385 3.506234
-1.210403 3.506227
-1.210403 3.506227
-1.210421 3.506221
-1.210421 3.506221
-1.210438 3.506214
-1.210438 3.506214
-1.210456 3.506207
-1.210456 3.506207
-1.210474 3.506201
-1.210474 3.506201
-1.210491 3.506194
-1.210491 3.506194
-1.210509 3.506187
-1.210509 3.506187
-1.210527 3.506181
-1.210527 3.506181
-1.210544 3.506174
-1.210544 3.506174
-1.210562 3.506167
-1.210562 3.506167
-1.210580 3.506161
-1.210580 3.506161
-1.210597 3.506154
-1.210597 3.506154
-1.210615 3.506147
-1.210615 3.506147
-1.210633 3.506140
-1.210633 3.506140
-1.210650 3.506134
-1.210650 3.506134
-1.210668 3.506127
-1.210668 3.506127
-1.210686 3.506120
-1.210686 3.506120
-1.210703 3.506114
-1.210703 3.506114
-1.210721 3.506107
-1.210721 3.506107
-1.210739 3.506100
-1.210739 3.506100
-1.210756 3.506094
-1.210756 3.506094
-1.210774 3.506087
-1.210774 3.506087
-1.210792 3.506080
-1.210792 3.506080
-1.210809 3.506074
-1.210809 3.506074
-1.210827 3.506067
-1.210827 3.506067
-1.210845 3.506060
-1.210845 3.506060
-1.210863 3.506053
-1.210863 3.506053
-1.210880 3.506047
-1.210880 3.506047
-1.210898 3.506040
-1.210898 3.506040
-1.210916 3.506033
-1.210916 3.506033
-1.210933 3.506027
-1.210933 3.506027
-1.210951 3.506020
-1.210951 3.506020
-1.210969 3.506013
-1.210969 3.506013
-1.210986 3.506007
-1.210986 3.506007
-1.211004 3.506000
-1.211004 3.506000
-1.211022 3.505993
-1.211022 3.505993
-1.211039 3.505987
-1.211039 3.505987
-1.211057 3.505980
-1.211057 3.505980
-1.211075 3.505973
-1.211075 3.505973
-1.211296 3.506582
-1.211092 3.505966
-1.211092 3.505966
-1.211110 3.505960
-1.211110 3.505960
-1.211128 3.505953
-1.211128 3.505953
-1.211145 3.505946
-1.211145 3.505946
-1.211163 3.505940
-1.211163 3.505940
-1.211181 3.505933
-1.211181 3.505933
-1.211198 3.505926
-1.211198 3.505926
-1.211216 3.505920
-1.211216 3.505920
-1.211234 3.505913
-1.211234 3.505913
-1.210869 3.504812
-1.211251 3.505906
-1.211251 3.505906
-1.211269 3.505900
-1.211269 3.505900
-1.211287 3.505893
-1.211287 3.505893
-1.211304 3.505886
-1.211304 3.505886
-1.211322 3.505879
-1.211322 3.505879
-1.211340 3.505873
-1.211340 3.505873
-1.211357 3.505866
-1.211357 3.505866
-1.211375 3.505859
-1.211375 3.505859
-1.211393 3.505853
-1.211393 3.505853
-1.211410 3.505846
-1.211410 3.505846
-1.211428 3.505839
-1.211428 3.505839
-1.211446 3.505833
-1.211446 3.505833
-1.211463 3.505826
-1.211463 3.505826
-1.211481 3.505819
-1.211481 3.505819
-1.211499 3.505813
-1.211499 3.505813
-1.211516 3.505806
-1.211516 3.505806
-1.211534 3.505799
-1.211534 3.505799
-1.211552 3.505792
-1.211552 3.505792
-1.211569 3.505786
-1.211569 3.505786
-1.211587 3.505779
-1.211587 3.505779
-1.211605 3.505772
-1.211605 3.505772
-1.211623 3.505766
-1.211623 3.505766
-1.211640 3.505759
-1.211640 3.505759
-1.211658 3.505752
-1.211658 3.505752
-1.211676 3.505746
-1.211676 3.505746
-1.211693 3.505739
-1.211693 3.505739
-1.211711 3.505732
-1.211711 3.505732
-1.211729 3.505726
-1.211729 3.505726
-1.211746 3.505719
-1.211746 3.505719
-1.211764 3.505712
-1.211764 3.505712
-1.211782 3.505705
-1.211782 3.505705
-1.211799 3.505699
-1.211799 3.505699
-1.211817 3.505692
-1.211817 3.505692
-1.211835 3.505685
-1.211835 3.505685
-1.211852 3.505679
-1.211852 3.505679
-1.211870 3.505672
-1.211870 3.505672
-1.211888 3.505665
-1.211888 3.505665
-1.211905 3.505659
-1.211905 3.505659
-1.211923 3.505652
-1.211923 3.505652
-1.211941 3.505645
-1.211941 3.505645
-1.211958 3.505639
-1.211958 3.505639
-1.212228 3.506368
-1.211976 3.505632
-1.211976 3.505632
-1.211994 3.505625
-1.211994 3.505625
-1.212011 3.505618
-1.212011 3.505618
-1.212029 3.505612
-1.212029 3.505612
-1.212047 3.505605
-1.212047 3.505605
-1.212064 3.505598
-1.212064 3.505598
-1.212082 3.505592
-1.212082 3.505592
-1.212100 3.505585
-1.212100 3.505585
-1.211811 3.504703
-1.212117 3.505578
-1.212117 3.505578
-1.212135 3.505572
-1.212135 3.505572
-1.212153 3.505565
-1.212153 3.505565
-1.212170 3.505558
-1.212170 3.505558
-1.212188 3.505552
-1.212188 3.505552
-1.212206 3.505545
-1.212206 3.505545
-1.212223 3.505538
-1.212223 3.505538
-1.212241 3.505531
-1.212241 3.505531
-1.212259 3.505525
-1.212259 3.505525
-1.212276 3.505518
-1.212276 3.505518
-1.212294 3.505511
-1.212294 3.505511
-1.212312 3.505505
-1.212312 3.505505
-1.212330 3.505498
-1.212330 3.505498
-1.212347 3.505491
-1.212347 3.505491
-1.212365 3.505485
-1.212365 3.505485
-1.212383 3.505478
-1.212383 3.505478
-1.212400 3.505471
-1.212400 3.505471
-1.212418 3.505465
-1.212418 3.505465
-1.212436 3.505458
-1.212436 3.505458
-1.212453 3.505451
-1.212453 3.505451
-1.212471 3.505444
-1.212471 3.505444
-1.212489 3.505438
-1.212489 3.505438
-1.212506 3.505431
-1.212506 3.505431
-1.212524 3.505424
-1.212524 3.505424
-1.212542 3.505418
-1.212542 3.505418
-1.212559 3.505411
-1.212559 3.505411
-1.212577 3.505404
-1.212577 3.505404
-1.212595 3.505398
-1.212595 3.505398
-1.212612 3.505391
-1.212612 3.505391
-1.212630 3.505384
-1.212630 3.505384
-1.212648 3.505378
-1.212648 3.505378
-1.212665 3.505371
-1.212665 3.505371
-1.212683 3.505364
-1.212683 3.505364
-1.212701 3.505357
-1.212701 3.505357
-1.212718 3.505351
-1.212718 3.505351
-1.212736 3.505344
-1.212736 3.505344
-1.212754 3.505337
-1.212754 3.505337
-1.212771 3.505331
-1.212771 3.505331
-1.212789 3.505324
-1.212789 3.505324
-1.212807 3.505317
-1.212807 3.505317
-1.212824 3.505311
-1.212824 3.505311
-1.212842 3.505304
-1.212842 3.505304
-1.212860 3.505297
-1.212860 3.505297
-1.213160 3.506154
-1.212877 3.505290
-1.212877 3.505290
-1.212895 3.505284
-1.212895 3.505284
-1.212913 3.505277
-1.212913 3.505277
-1.212930 3.505270
-1.212930 3.505270
-1.212948 3.505264
-1.212948 3.505264
-1.212966 3.505257
-1.212966 3.505257
-1.212754 3.504594
-1.212983 3.505250
-1.212983 3.505250
-1.213001 3.505244
-1.213001 3.505244
-1.213019 3.505237
-1.213019 3.505237
-1.213037 3.505230
-1.213037 3.505230
-1.213054 3.505224
-1.213054 3.505224
-1.213072 3.505217
-1.213072 3.505217
-1.213090 3.505210
-1.213090 3.505210
-1.213107 3.505203
-1.213107 3.505203
-1.213125 3.505197
-1.213125 3.505197
-1.213143 3.505190
-1.213143 3.505190
-1.213160 3.505183
-1.213160 3.505183
-1.213178 3.505177
-1.213178 3.505177
-1.213196 3.505170
-1.213196 3.505170
-1.213213 3.505163
-1.213213 3.505163
-1.213231 3.505157
-1.213231 3.505157
-1.213249 3.505150
-1.213249 3.505150
-1.213266 3.505143
-1.213266 3.505143
-1.213284 3.505137
-1.213284 3.505137
-1.213302 3.505130
-1.213302 3.505130
-1.213319 3.505123
-1.213319 3.505123
-1.213337 3.505116
-1.213337 3.505116
-1.213355 3.505110
-1.213355 3.505110
-1.213372 3.505103
-1.213372 3.505103
-1.213390 3.505096
-1.213390 3.505096
-1.213408 3.505090
-1.213408 3.505090
-1.213425 3.505083
-1.213425 3.505083
-1.213443 3.505076
-1.213443 3.505076
-1.213461 3.505070
-1.213461 3.505070
-1.213478 3.505063
-1.213478 3.505063
-1.213496 3.505056
-1.213496 3.505056
-1.213514 3.505050
-1.213514 3.505050
-1.213531 3.505043
-1.213531 3.505043
-1.213549 3.505036
-1.213549 3.505036
-1.213567 3.505029
-1.213567 3.505029
-1.213584 3.505023
-1.213584 3.505023
-1.213602 3.505016
-1.213602 3.505016
-1.213620 3.505009
-1.213620 3.505009
-1.213637 3.505003
-1.213637 3.505003
-1.213655 3.504996
-1.213655 3.504996
-1.213673 3.504989
-1.213673 3.504989
-1.213690 3.504983
-1.213690 3.504983
-1.213708 3.504976
-1.213708 3.504976
-1.213726 3.504969
-1.213726 3.504969
-1.213744 3.504963
-1.213744 3.504963
-1.214091 3.505940
-1.213761 3.504956
-1.213761 3.504956
-1.213779 3.504949
-1.213779 3.504949
-1.213797 3.504942
-1.213797 3.504942
-1.213814 3.504936
-1.213814 3.504936
-1.213832 3.504929
-1.213832 3.504929
-1.213696 3.504485
-1.213850 3.504922
-1.213850 3.504922
-1.213867 3.504916
-1.213867 3.504916
-1.213885 3.504909
-1.213885 3.504909
-1.213903 3.504902
-1.213903 3.504902
-1.213920 3.504896
-1.213920 3.504896
-1.213938 3.504889
-1.213938 3.504889
-1.213956 3.504882
-1.213956 3.504882
-1.213973 3.504876
-1.213973 3.504876
-1.213991 3.504869
-1.213991 3.504869
-1.214009 3.504862
-1.214009 3.504862
-1.214026 3.504855
-1.214026 3.504855
-1.214044 3.504849
-1.214044 3.504849
-1.214062 3.504842
-1.214062 3.504842
-1.214079 3.504835
-1.214079 3.504835
-1.214097 3.504829
-1.214097 3.504829
-1.214115 3.504822
-1.214115 3.504822
-1.214132 3.504815
-1.214132 3.504815
-1.214150 3.504809
-1.214150 3.504809
-1.214168 3.504802
-1.214168 3.504802
-1.214185 3.504795
-1.214185 3.504795
-1.214203 3.504789
-1.214203 3.504789
-1.214221 3.504782
-1.214221 3.504782
-1.214238 3.504775
-1.214238 3.504775
-1.214256 3.504768
-1.214256 3.504768
-1.214274 3.504762
-1.214274 3.504762
-1.214291 3.504755
-1.214291 3.504755
-1.214309 3.504748
-1.214309 3.504748
-1.214327 3.504742
-1.214327 3.504742
-1.214344 3.504735
-1.214344 3.504735
-1.214362 3.504728
-1.214362 3.504728
-1.214380 3.504722
-1.214380 3.504722
-1.214397 3.504715
-1.214397 3.504715
-1.214415 3.504708
-1.214415 3.504708
-1.214433 3.504702
-1.214433 3.504702
-1.214451 3.504695
-1.214451 3.504695
-1.214468 3.504688
-1.214468 3.504688
-1.214486 3.504681
-1.214486 3.504681
-1.214504 3.504675
-1.214504 3.504675
-1.214521 3.504668
-1.214521 3.504668
-1.214539 3.504661
-1.214539 3.504661
-1.214557 3.504655
-1.214557 3.504655
-1.214574 3.504648
-1.214574 3.504648
-1.214592 3.504641
-1.214592 3.504641
-1.214610 3.504635
-1.214610 3.504635
-1.214627 3.504628
-1.214627 3.504628
-1.215023 3.505725
-1.214645 3.504621
-1.214645 3.504621
-1.214663 3.504615
-1.214663 3.504615
-1.214680 3.504608
-1.214680 3.504608
-1.214698 3.504601
-1.214698 3.504601
-1.214639 3.504376
-1.214716 3.504594
-1.214716 3.504594
-1.214733 3.504588
-1.214733 3.504588
-1.214751 3.504581
-1.214751 3.504581
-1.214769 3.504574
-1.214769 3.504574
-1.214786 3.504568
-1.214786 3.504568
-1.214804 3.504561
-1.214804 3.504561
-1.214822 3.504554
-1.214822 3.504554
-1.214839 3.504548
-1.214839 3.504548
-1.214857 3.504541
-1.214857 3.504541
-1.214875 3.504534
-1.214875 3.504534
-1.214892 3.504528
-1.214892 3.504528
-1.214910 3.504521
-1.214910 3.504521
-1.214928 3.504514
-1.214928 3.504514
-1.214945 3.504507
-1.214945 3.504507
-1.214963 3.504501
-1.214963 3.504501
-1.214981 3.504494
-1.214981 3.504494
-1.214998 3.504487
-1.214998 3.504487
-1.215016 3.504481
-1.215016 3.504481
-1.215034 3.504474
-1.215034 3.504474
-1.215051 3.504467
-1.215051 3.504467
-1.215069 3.504461
-1.215069 3.504461
-1.215087 3.504454
-1.215087 3.504454
-1.215104 3.504447
-1.215104 3.504447
-1.215122 3.504440
-1.215122 3.504440
-1.215140 3.504434
-1.215140 3.504434
-1.215158 3.504427
-1.215158 3.504427
-1.215175 3.504420
-1.215175 3.504420
-1.215193 3.504414
-1.215193 3.504414
-1.215211 3.504407
-1.215211 3.504407
-1.215228 3.504400
-1.215228 3.504400
-1.215246 3.504394
-1.215246 3.504394
-1.215264 3.504387
-1.215264 3.504387
-1.215281 3.504380
-1.215281 3.504380
-1.215299 3.504374
-1.215299 3.504374
-1.215317 3.504367
-1.215317 3.504367
-1.215334 3.504360
-1.215334 3.504360
-1.215352 3.504353
-1.215352 3.504353
-1.215370 3.504347
-1.215370 3.504347
-1.215387 3.504340
-1.215387 3.504340
-1.215405 3.504333
-1.215405 3.504333
-1.215423 3.504327
-1.215423 3.504327
-1.215440 3.504320
-1.215440 3.504320
-1.215458 3.504313
-1.215458 3.504313
-1.215476 3.504307
-1.215476 3.504307
-1.215493 3.504300
-1.215493 3.504300
-1.215511 3.504293
-1.215511 3.504293
-1.215529 3.504287
-1.215529 3.504287
-1.215955 3.505511
-1.215546 3.504280
-1.215546 3.504280
-1.215564 3.504273
-1.215564 3.504273
-1.215582 3.504266
-1.215582 3.504266
-1.216076 3.504156
-1.216886 3.505297
-1.216570 3.504045
-1.217064 3.503934
-1.217818 3.505083
-1.217558 3.503823
-1.218052 3.503712
-1.218750 3.504869
-1.218546 3.503601
-1.219040 3.503490
-1.219681 3.504655
-1.219534 3.503380
-1.220028 3.503269
-1.220613 3.504440
-1.220522 3.503158
-1.221016 3.503047
-1.221545 3.504226
-1.221510 3.502936
-1.222004 3.502825
-1.222476 3.504012
-1.222498 3.502714
-1.223408 3.503798
-1.222991 3.502604
-1.223485 3.502493
-1.224340 3.503584
-1.223979 3.502382
-1.224473 3.502271
-1.225271 3.503370
-1.224967 3.502160
-1.225461 3.502049
-1.226203 3.503155
-1.225955 3.501938
-1.226449 3.501827
-1.227135 3.502941
-1.226943 3.501717
-1.227437 3.501606
-1.228066 3.502727
-1.227931 3.501495
-1.228425 3.501384
-1.228998 3.502513
-1.228919 3.501273
-1.229413 3.501162
-1.229930 3.502299
-1.229907 3.501051
-1.230401 3.500941
-1.230861 3.502084
-1.230895 3.500830
-1.231793 3.501870
-1.231389 3.500719
-1.231883 3.500608
-1.232724 3.501656
-1.232377 3.500497
-1.232871 3.500386
-1.233656 3.501442
-1.233365 3.500275
-1.233859 3.500165
-1.234588 3.501228
-1.234353 3.500054
-1.234847 3.499943
-1.235519 3.501014
-1.235341 3.499832
-1.235835 3.499721
-1.236451 3.500799
-1.236329 3.499610
-1.236823 3.499499
-1.237383 3.500585
-1.237317 3.499388
-1.237811 3.499278
-1.238314 3.500371
-1.238305 3.499167
-1.238799 3.499056
-1.239246 3.500157
-1.239293 3.498945
-1.240178 3.499943
-1.239787 3.498834
-1.240281 3.498723
-1.241109 3.499728
-1.240775 3.498612
-1.241269 3.498502
-1.242041 3.499514
-1.241763 3.498391
-1.242257 3.498280
-1.242973 3.499300
-1.242751 3.498169
-1.243245 3.498058
-1.243904 3.499086
-1.243739 3.497947
-1.244233 3.497836
-1.244836 3.498872
-1.244727 3.497726
-1.245221 3.497615
-1.245768 3.498658
-1.245715 3.497504
-1.246209 3.497393
-1.246699 3.498443
-1.246703 3.497282
-1.247197 3.497171
-1.247631 3.498229
-1.247691 3.497060
-1.248563 3.498015
-1.248185 3.496949
-1.248679 3.496839
-1.249494 3.497801
-1.249173 3.496728
-1.249667 3.496617
-1.250426 3.497587
-1.250161 3.496506
-1.250655 3.496395
-1.251358 3.497372
-1.251149 3.496284
-1.251643 3.496173
-1.252289 3.497158
-1.252137 3.496063
-1.252631 3.495952
-1.253221 3.496944
-1.253125 3.495841
-1.253619 3.495730
-1.254153 3.496730
-1.254113 3.495619
-1.254607 3.495508
-1.255084 3.496516
-1.255101 3.495397
-1.255594 3.495287
-1.256016 3.496302
-1.256088 3.495176
-1.256947 3.496087
-1.256582 3.495065
-1.257076 3.494954
-1.257879 3.495873
-1.257570 3.494843
-1.258064 3.494732
-1.258811 3.495659
-1.258558 3.494621
-1.259052 3.494510
-1.259742 3.495445
-1.259546 3.494400
-1.260040 3.494289
-1.260674 3.495231
-1.260534 3.494178
-1.261028 3.494067
-1.261606 3.495017
-1.261522 3.493956
-1.262016 3.493845
-1.262537 3.494802
-1.262510 3.493734
-1.263004 3.493624
-1.263469 3.494588
-1.263498 3.493513
-1.263992 3.493402
-1.264401 3.494374
-1.264486 3.493291
-1.265332 3.494160
-1.264980 3.493180
-1.265474 3.493069
-1.266264 3.493946
-1.265968 3.492958
-1.266462 3.492848
-1.267196 3.493731
-1.266956 3.492737
-1.267450 3.492626
-1.268127 3.493517
-1.267944 3.492515
-1.268438 3.492404
-1.269059 3.493303
-1.268932 3.492293
-1.269426 3.492182
-1.269991 3.493089
-1.269920 3.492071
-1.270414 3.491961
-1.270922 3.492875
-1.270908 3.491850
-1.271402 3.491739
-1.271854 3.492661
-1.271896 3.491628
-1.272390 3.491517
-1.272786 3.492446
-1.272884 3.491406
-1.273717 3.492232
-1.273378 3.491295
-1.273872 3.491185
-1.274649 3.492018
-1.274366 3.491074
-1.274860 3.490963
-1.275581 3.491804
-1.275354 3.490852
-1.275848 3.490741
-1.276512 3.491590
-1.276342 3.490630
-1.276836 3.490519
-1.277444 3.491375
-1.277330 3.490408
-1.277824 3.490298
-1.278376 3.491161
-1.278318 3.490187
-1.278812 3.490076
-1.279307 3.490947
-1.279306 3.489965
-1.279800 3.489854
-1.280239 3.490733
-1.280294 3.489743
-1.280788 3.489632
-1.281170 3.490519
-1.281282 3.489522
-1.282102 3.490305
-1.281776 3.489411
-1.282270 3.489300
-1.283034 3.490090
-1.282764 3.489189
-1.283258 3.489078
-1.283965 3.489876
-1.283752 3.488967
-1.284246 3.488856
-1.284897 3.489662
-1.284740 3.488746
-1.285234 3.488635
-1.285829 3.489448
-1.285728 3.488524
-1.286222 3.488413
-1.286760 3.489234
-1.286716 3.488302
-1.287210 3.488191
-1.287692 3.489020
-1.287704 3.488080
-1.288198 3.487969
-1.288624 3.488805
-1.288691 3.487859
-1.289185 3.487748
-1.289555 3.488591
-1.289679 3.487637
-1.290487 3.488377
-1.290173 3.487526
-1.290667 3.487415
-1.291419 3.488163
-1.291161 3.487304
-1.291655 3.487193
-1.292350 3.487949
-1.292149 3.487083
-1.292643 3.486972
-1.293282 3.487734
-1.293137 3.486861
-1.293631 3.486750
-1.294214 3.487520
-1.294125 3.486639
-1.294619 3.486528
-1.295145 3.487306
-1.295113 3.486417
-1.295607 3.486307
-1.296077 3.487092
-1.296101 3.486196
-1.296595 3.486085
-1.297009 3.486878
-1.297089 3.485974
-1.297583 3.485863
-1.297940 3.486664
-1.298077 3.485752
-1.298872 3.486449
-1.298571 3.485641
-1.299065 3.485530
-1.299804 3.486235
-1.299559 3.485420
-1.300053 3.485309
-1.300735 3.486021
-1.300547 3.485198
-1.301041 3.485087
-1.301667 3.485807
-1.301535 3.484976
-1.302029 3.484865
-1.302599 3.485593
-1.302523 3.484754
-1.303017 3.484644
-1.303530 3.485378
-1.303511 3.484533
-1.304005 3.484422
-1.304462 3.485164
-1.304499 3.484311
-1.304993 3.484200
-1.305393 3.484950
-1.305487 3.484089
-1.305981 3.483978
-1.306325 3.484736
-1.306475 3.483868
-1.306969 3.483757
-1.307257 3.484522
-1.307463 3.483646
-1.308188 3.484308
-1.307957 3.483535
-1.308451 3.483424
-1.309120 3.484093
-1.308945 3.483313
-1.309439 3.483202
-1.310052 3.483879
-1.309933 3.483091
-1.310427 3.482981
-1.310983 3.483665
-1.310921 3.482870
-1.311415 3.482759
-1.311915 3.483451
-1.311909 3.482648
-1.312403 3.482537
-1.312847 3.483237
-1.312897 3.482426
-1.313391 3.482315
-1.313778 3.483023
-1.313885 3.482205
-1.314379 3.482094
-1.314710 3.482808
-1.314873 3.481983
-1.315367 3.481872
-1.315642 3.482594
-1.315861 3.481761
-1.316573 3.482380
-1.316355 3.481650
-1.316849 3.481539
-1.317505 3.482166
-1.317343 3.481429
-1.317837 3.481318
-1.318437 3.481952
-1.318331 3.481207
-1.318825 3.481096
-1.319368 3.481737
-1.319319 3.480985
-1.319813 3.480874
-1.320300 3.481523
-1.320307 3.480763
-1.320801 3.480652
-1.321232 3.481309
-1.321294 3.480542
-1.321788 3.480431
-1.322163 3.481095
-1.322282 3.480320
-1.322776 3.480209
-1.323095 3.480881
-1.323270 3.480098
-1.323764 3.479987
-1.324027 3.480667
-1.324258 3.479876
-1.324958 3.480452
-1.324752 3.479766
-1.325246 3.479655
-1.325890 3.480238
-1.325740 3.479544
-1.326234 3.479433
-1.326821 3.480024
-1.326728 3.479322
-1.327222 3.479211
-1.327753 3.479810
-1.327716 3.479100
-1.328210 3.478990
-1.328685 3.479596
-1.328704 3.478879
-1.329198 3.478768
-1.329616 3.479381
-1.329692 3.478657
-1.330186 3.478546
-1.330548 3.479167
-1.330680 3.478435
-1.331174 3.478324
-1.331480 3.478953
-1.331668 3.478213
-1.332162 3.478103
-1.332411 3.478739
-1.332656 3.477992
-1.333343 3.478525
-1.333150 3.477881
-1.333644 3.477770
-1.334275 3.478311
-1.334138 3.477659
-1.334632 3.477548
-1.335206 3.478096
-1.335126 3.477437
-1.335620 3.477327
-1.336138 3.477882
-1.336114 3.477216
-1.336608 3.477105
-1.337070 3.477668
-1.337102 3.476994
-1.337596 3.476883
-1.338001 3.477454
-1.338090 3.476772
-1.338584 3.476661
-1.338933 3.477240
-1.339078 3.476551
-1.339572 3.476440
-1.339865 3.477025
-1.340066 3.476329
-1.340560 3.476218
-1.340796 3.476811
-1.341054 3.476107
-1.341728 3.476597
-1.341548 3.475996
-1.342042 3.475885
-1.342660 3.476383
-1.342536 3.475774
-1.343030 3.475664
-1.343591 3.476169
-1.343524 3.475553
-1.344018 3.475442
-1.344523 3.475955
-1.344512 3.475331
-1.345006 3.475220
-1.345455 3.475740
-1.345500 3.475109
-1.345994 3.474998
-1.346386 3.475526
-1.346488 3.474888
-1.346982 3.474777
-1.347318 3.475312
-1.347476 3.474666
-1.347970 3.474555
-1.348250 3.475098
-1.348464 3.474444
-1.348958 3.474333
-1.349181 3.474884
-1.349452 3.474222
-1.350113 3.474670
-1.349946 3.474112
-1.350440 3.474001
-1.351044 3.474455
-1.350934 3.473890
-1.351428 3.473779
-1.351976 3.474241
-1.351922 3.473668
-1.352416 3.473557
-1.352908 3.474027
-1.352910 3.473446
-1.353404 3.473335
-1.353839 3.473813
-1.353898 3.473225
-1.354391 3.473114
-1.354771 3.473599
-1.354885 3.473003
-1.355379 3.472892
-1.355703 3.473384
-1.355873 3.472781
-1.356367 3.472670
-1.356634 3.473170
-1.356861 3.472559
-1.357355 3.472449
-1.357566 3.472956
-1.357849 3.472338
-1.358498 3.472742
-1.358343 3.472227
-1.358837 3.472116
-1.359429 3.472528
-1.359331 3.472005
-1.359825 3.471894
-1.360361 3.472314
-1.360319 3.471783
-1.360813 3.471673
-1.361293 3.472099
-1.361307 3.471562
-1.361801 3.471451
-1.362224 3.471885
-1.362295 3.471340
-1.362789 3.471229
-1.363156 3.471671
-1.363283 3.471118
-1.363777 3.471007
-1.364088 3.471457
-1.364271 3.470896
-1.364765 3.470786
-1.365019 3.471243
-1.365259 3.470675
-1.365753 3.470564
-1.365951 3.471028
-1.366247 3.470453
-1.366883 3.470814
-1.366741 3.470342
-1.367235 3.470231
-1.367814 3.470600
-1.367729 3.470120
-1.368223 3.470010
-1.368746 3.470386
-1.368717 3.469899
-1.369211 3.469788
-1.369678 3.470172
-1.369705 3.469677
-1.370199 3.469566
-1.370609 3.469958
-1.370693 3.469455
-1.371187 3.469344
-1.371541 3.469743
-1.371681 3.469233
-1.372175 3.469123
-1.372473 3.469529
-1.372669 3.469012
-1.373163 3.468901
-1.373404 3.469315
-1.373657 3.468790
-1.374151 3.468679
-1.374336 3.469101
-1.374645 3.468568
-1.375267 3.468887
-1.375139 3.468457
-1.375633 3.468347
-1.376199 3.468673
-1.376127 3.468236
-1.376621 3.468125
-1.377131 3.468458
-1.377115 3.468014
-1.377609 3.467903
-1.378062 3.468244
-1.378103 3.467792
-1.378597 3.467681
-1.378994 3.468030
-1.379091 3.467571
-1.379585 3.467460
-1.379926 3.467816
-1.380079 3.467349
-1.380573 3.467238
-1.380857 3.467602
-1.381067 3.467127
-1.381561 3.467016
-1.381789 3.467387
-1.382055 3.466905
-1.382549 3.466794
-1.382721 3.467173
-1.383043 3.466684
-1.383652 3.466959
-1.383537 3.466573
-1.384031 3.466462
-1.384584 3.466745
-1.384525 3.466351
-1.385019 3.466240
-1.385516 3.466531
-1.385513 3.466129
-1.386007 3.466018
-1.386447 3.466317
-1.386501 3.465908
-1.386994 3.465797
-1.387379 3.466102
-1.387488 3.465686
-1.387982 3.465575
-1.388311 3.465888
-1.388476 3.465464
-1.388970 3.465353
-1.389242 3.465674
-1.389464 3.465242
-1.389958 3.465132
-1.390174 3.465460
-1.390452 3.465021
-1.390946 3.464910
-1.391106 3.465246
-1.391440 3.464799
-1.392037 3.465031
-1.391934 3.464688
-1.392428 3.464577
-1.392969 3.464817
-1.392922 3.464466
-1.393416 3.464355
-1.393901 3.464603
-1.393910 3.464245
-1.394404 3.464134
-1.394832 3.464389
-1.394898 3.464023
-1.395392 3.463912
-1.395764 3.464175
-1.395886 3.463801
-1.396380 3.463690
-1.396696 3.463961
-1.396874 3.463579
-1.397368 3.463469
-1.397627 3.463746
-1.397862 3.463358
-1.398356 3.463247
-1.398559 3.463532
-1.398850 3.463136
-1.399344 3.463025
-1.399490 3.463318
-1.399838 3.462914
-1.400422 3.463104
-1.400332 3.462803
-1.400826 3.462693
-1.401354 3.462890
-1.401320 3.462582
-1.401814 3.462471
-1.402285 3.462676
-1.402308 3.462360
-1.402802 3.462249
-1.403217 3.462461
-1.403296 3.462138
-1.403790 3.462027
-1.404149 3.462247
-1.404284 3.461916
-1.404778 3.461806
-1.405080 3.462033
-1.405272 3.461695
-1.405766 3.461584
-1.406012 3.461819
-1.406260 3.461473
-1.406754 3.461362
-1.406944 3.461605
-1.407248 3.461251
-1.407742 3.461140
-1.407875 3.461390
-1.408236 3.461030
-1.408807 3.461176
-1.408730 3.460919
-1.409224 3.460808
-1.409739 3.460962
-1.409718 3.460697
-1.410212 3.460586
-1.410670 3.460748
-1.410706 3.460475
-1.411200 3.460364
-1.411602 3.460534
-1.411694 3.460254
-1.412188 3.460143
-1.412534 3.460320
-1.412682 3.460032
-1.413176 3.459921
-1.413465 3.460105
-1.413670 3.459810
-1.414164 3.459699
-1.414397 3.459891
-1.414658 3.459588
-1.415152 3.459477
-1.415329 3.459677
-1.415646 3.459367
-1.416140 3.459256
-1.416260 3.459463
-1.416634 3.459145
-1.417192 3.459249
-1.417128 3.459034
-1.417622 3.458923
-1.418124 3.459034
-1.418116 3.458812
-1.418610 3.458701
-1.419055 3.458820
-1.419104 3.458591
-1.419598 3.458480
-1.419987 3.458606
-1.420091 3.458369
-1.420585 3.458258
-1.420919 3.458392
-1.421079 3.458147
-1.421573 3.458036
-1.421850 3.458178
-1.422067 3.457925
-1.422561 3.457815
-1.422782 3.457964
-1.423055 3.457704
-1.423549 3.457593
-1.423713 3.457749
-1.424043 3.457482
-1.424537 3.457371
-1.424645 3.457535
-1.425031 3.457260
-1.425577 3.457321
-1.425525 3.457149
-1.426019 3.457038
-1.426508 3.457107
-1.426513 3.456928
-1.427007 3.456817
-1.427440 3.456893
-1.427501 3.456706
-1.427995 3.456595
-1.428372 3.456678
-1.428489 3.456484
-1.428983 3.456373
-1.429303 3.456464
-1.429477 3.456262
-1.429971 3.456152
-1.430235 3.456250
-1.430465 3.456041
-1.430959 3.455930
-1.431167 3.456036
-1.431453 3.455819
-1.431947 3.455708
-1.432098 3.455822
-1.432441 3.455597
-1.432935 3.455486
-1.433030 3.455608
-1.433429 3.455376
-1.433962 3.455393
-1.433923 3.455265
-1.434417 3.455154
-1.434893 3.455179
-1.434911 3.455043
-1.435405 3.454932
-1.435825 3.454965
-1.435899 3.454821
-1.436393 3.454710
-1.436757 3.454751
-1.436887 3.454599
-1.437381 3.454489
-1.437688 3.454537
-1.437875 3.454378
-1.438369 3.454267
-1.438620 3.454323
-1.438863 3.454156
-1.439357 3.454045
-1.439552 3.454108
-1.439851 3.453934
-1.440345 3.453823
-1.440483 3.453894
-1.440839 3.453713
-1.441333 3.453602
-1.441415 3.453680
-1.441827 3.453491
-1.442347 3.453466
-1.442321 3.453380
-1.442815 3.453269
-1.443278 3.453252
-1.443309 3.453158
-1.443803 3.453047
-1.444210 3.453037
-1.444297 3.452937
-1.444791 3.452826
-1.445141 3.452823
-1.445285 3.452715
-1.445779 3.452604
-1.446073 3.452609
-1.446273 3.452493
-1.446767 3.452382
-1.447005 3.452395
-1.447261 3.452271
-1.447755 3.452160
-1.447936 3.452181
-1.448249 3.452050
-1.448743 3.451939
-1.448868 3.451967
-1.449237 3.451828
-1.449731 3.451717
-1.449800 3.451752
-1.450225 3.451606
-1.450731 3.451538
-1.450719 3.451495
-1.451213 3.451384
-1.451663 3.451324
-1.451707 3.451274
-1.452201 3.451163
-1.452595 3.451110
-1.452694 3.451052
-1.453188 3.450941
-1.453526 3.450896
-1.453682 3.450830
-1.454176 3.450719
-1.454458 3.450681
-1.454670 3.450608
-1.455164 3.450498
-1.455390 3.450467
-1.455658 3.450387
-1.456152 3.450276
-1.456321 3.450253
-1.456646 3.450165
-1.457140 3.450054
-1.457253 3.450039
-1.457634 3.449943
-1.458128 3.449832
-1.458185 3.449825
-1.458622 3.449721
-1.459116 3.449611
-1.459116 3.449611
-1.459368 3.449525
-1.459619 3.449439