1.502242 2.238623
1.502242 2.238623
1.501985 2.238964
1.501729 2.239304
1.501698 2.239334
1.501473 2.239645
1.501217 2.239985
1.501155 2.240044
1.500960 2.240326
1.500704 2.240666
1.500612 2.240755
1.500448 2.241007
1.500192 2.241347
1.500068 2.241465
1.499935 2.241688
1.499679 2.242028
1.499525 2.242176
1.499423 2.242369
1.499167 2.242709
1.498982 2.242886
1.498910 2.243050
1.498654 2.243390
1.498438 2.243597
1.498398 2.243731
1.498142 2.244071
1.497895 2.244307
1.497885 2.244412
1.497629 2.244752
1.497352 2.245018
1.497373 2.245093
1.497117 2.245433
1.496860 2.245774
1.496808 2.245729
1.496604 2.246114
1.496348 2.246455
1.496265 2.246439
1.496092 2.246795
1.495835 2.247136
1.495722 2.247150
1.495579 2.247476
1.495323 2.247816
1.495178 2.247860
1.495067 2.248157
1.494811 2.248497
1.494635 2.248571
1.494554 2.248838
1.494298 2.249178
1.494092 2.249281
1.494042 2.249519
1.493786 2.249859
1.493548 2.249992
1.493529 2.250200
1.493273 2.250540
1.493005 2.250702
1.493017 2.250881
1.492761 2.251221
1.492462 2.251413
1.492504 2.251562
1.492248 2.251902
1.491918 2.252123
1.491992 2.252243
1.491736 2.252583
1.491479 2.252924
1.491375 2.252834
1.491223 2.253264
1.490967 2.253605
1.490832 2.253544
1.490711 2.253945
1.490454 2.254286
1.490288 2.254255
1.490198 2.254626
1.489942 2.254967
1.489745 2.254965
1.489686 2.255307
1.489429 2.255648
1.489202 2.255676
1.489173 2.255988
1.488917 2.256329
1.488658 2.256387
1.488661 2.256669
1.488404 2.257010
1.488115 2.257097
1.488148 2.257350
1.487892 2.257691
1.487572 2.257808
1.487636 2.258031
1.487379 2.258372
1.487028 2.258518
1.487123 2.258712
1.486867 2.259053
1.486611 2.259393
1.486485 2.259229
1.486354 2.259734
1.486098 2.260074
1.485942 2.259939
1.485842 2.260415
1.485586 2.260755
1.485398 2.260650
1.485329 2.261096
1.485073 2.261436
1.484855 2.261360
1.484817 2.261777
1.484561 2.262117
1.484312 2.262071
1.484304 2.262458
1.484048 2.262798
1.483768 2.262781
1.483792 2.263139
1.483536 2.263479
1.483225 2.263492
1.483279 2.263820
1.483023 2.264160
1.482682 2.264202
1.482767 2.264501
1.482511 2.264841
1.482138 2.264913
1.482255 2.265182
1.481998 2.265522
1.481595 2.265624
1.481742 2.265863
1.481486 2.266203
1.481230 2.266544
1.481052 2.266334
1.480973 2.266884
1.480717 2.267225
1.480508 2.267045
1.480461 2.267565
1.480205 2.267906
1.479965 2.267755
1.479948 2.268246
1.479692 2.268587
1.479422 2.268466
1.479436 2.268927
1.479180 2.269268
1.478879 2.269176
1.478923 2.269608
1.478667 2.269949
1.478335 2.269887
1.478411 2.270289
1.478155 2.270630
1.477792 2.270597
1.477898 2.270970
1.477642 2.271311
1.477249 2.271308
1.477386 2.271651
1.477130 2.271992
1.476705 2.272018
1.476873 2.272332
1.476617 2.272673
1.476361 2.273013
1.476162 2.272729
1.476105 2.273353
1.475848 2.273694
1.475619 2.273439
1.475592 2.274034
1.475336 2.274375
1.475075 2.274150
1.475080 2.274715
1.474823 2.275056
1.474532 2.274860
1.474567 2.275396
1.474311 2.275737
1.473989 2.275571
1.474055 2.276077
1.473798 2.276418
1.473445 2.276282
1.473542 2.276758
1.473286 2.277099
1.472902 2.276992
1.473030 2.277439
1.472773 2.277780
1.472359 2.277703
1.472517 2.278120
1.472261 2.278461
1.471815 2.278413
1.472005 2.278801
1.471748 2.279142
1.471272 2.279124
1.471492 2.279482
1.471236 2.279823
1.470980 2.280163
1.470729 2.279834
1.470723 2.280504
1.470467 2.280844
1.470185 2.280545
1.470211 2.281185
1.469955 2.281525
1.469642 2.281255
1.469698 2.281866
1.469442 2.282206
1.469099 2.281966
1.469186 2.282547
1.468930 2.282887
1.468555 2.282676
1.468674 2.283228
1.468417 2.283568
1.468012 2.283387
1.468161 2.283909
1.467905 2.284249
1.467469 2.284097
1.467649 2.284590
1.467392 2.284930
1.466925 2.284808
1.467136 2.285271
1.466880 2.285611
1.466382 2.285519
1.466624 2.285952
1.466367 2.286292
1.466111 2.286633
1.465839 2.286229
1.465855 2.286973
1.465599 2.287314
1.465295 2.286940
1.465342 2.287654
1.465086 2.287995
1.464752 2.287650
1.464830 2.288335
1.464574 2.288676
1.464209 2.288361
1.464317 2.289016
1.464061 2.289357
1.463665 2.289071
1.463805 2.289697
1.463549 2.290038
1.463122 2.289782
1.463292 2.290378
1.463036 2.290719
1.462579 2.290492
1.462780 2.291059
1.462524 2.291400
1.462035 2.291203
1.462267 2.291740
1.462011 2.292081
1.461492 2.291913
1.461755 2.292421
1.461499 2.292762
1.460949 2.292624
1.461242 2.293102
1.460986 2.293443
1.460730 2.293783
1.460405 2.293334
1.460474 2.294124
1.460217 2.294464
1.459862 2.294045
1.459961 2.294805
1.459705 2.295145
1.459319 2.294755
1.459449 2.295486
1.459192 2.295826
1.458775 2.295466
1.458936 2.296167
1.458680 2.296507
1.458232 2.296177
1.458424 2.296848
1.458167 2.297188
1.457689 2.296887
1.457911 2.297529
1.457655 2.297869
1.457145 2.297598
1.457399 2.298209
1.457142 2.298550
1.456602 2.298308
1.456886 2.298890
1.456630 2.299231
1.456059 2.299019
1.456374 2.299571
1.456118 2.299912
1.455861 2.300252
1.455515 2.299729
1.455605 2.300593
1.455349 2.300933
1.454972 2.300440
1.455093 2.301274
1.454836 2.301614
1.454429 2.301150
1.454580 2.301955
1.454324 2.302295
1.453885 2.301861
1.454068 2.302636
1.453811 2.302976
1.453342 2.302571
1.453555 2.303317
1.453299 2.303657
1.452799 2.303282
1.453043 2.303998
1.452786 2.304338
1.452255 2.303992
1.452530 2.304679
1.452274 2.305019
1.451712 2.304703
1.452018 2.305360
1.451761 2.305700
1.451169 2.305414
1.451505 2.306041
1.451249 2.306381
1.450625 2.306124
1.450993 2.306722
1.450736 2.307062
1.450480 2.307403
1.450082 2.306835
1.450224 2.307743
1.449968 2.308084
1.449539 2.307545
1.449711 2.308424
1.449455 2.308765
1.448995 2.308256
1.449199 2.309105
1.448943 2.309446
1.448452 2.308966
1.448686 2.309786
1.448430 2.310127
1.447909 2.309677
1.448174 2.310467
1.447918 2.310808
1.447365 2.310387
1.447661 2.311148
1.447405 2.311489
1.446822 2.311098
1.447149 2.311829
1.446893 2.312170
1.446279 2.311808
1.446636 2.312510
1.446380 2.312851
1.445735 2.312519
1.446124 2.313191
1.445868 2.313532
1.445611 2.313872
1.445192 2.313229
1.445355 2.314213
1.445099 2.314553
1.444649 2.313940
1.444843 2.314894
1.444586 2.315234
1.444106 2.314650
1.444330 2.315575
1.444074 2.315915
1.443562 2.315361
1.443818 2.316256
1.443562 2.316596
1.443019 2.316072
1.443305 2.316937
1.443049 2.317277
1.442476 2.316782
1.442793 2.317618
1.442537 2.317958
1.441932 2.317493
1.442280 2.318299
1.442024 2.318639
1.441389 2.318203
1.441768 2.318980
1.441512 2.319320
1.440846 2.318914
1.441255 2.319661
1.440999 2.320001
1.440302 2.319624
1.440743 2.320342
1.440487 2.320682
1.440230 2.321023
1.439759 2.320335
1.439974 2.321363
1.439718 2.321704
1.439216 2.321045
1.439462 2.322044
1.439205 2.322385
1.438672 2.321756
1.438949 2.322725
1.438693 2.323066
1.438129 2.322466
1.438437 2.323406
1.438180 2.323746
1.437586 2.323177
1.437924 2.324087
1.437668 2.324427
1.437042 2.323887
1.437412 2.324768
1.437155 2.325108
1.436499 2.324598
1.436899 2.325449
1.436643 2.325789
1.435956 2.325309
1.436387 2.326130
1.436130 2.326470
1.435412 2.326019
1.435874 2.326811
1.435618 2.327151
1.435362 2.327492
1.434869 2.326730
1.435105 2.327832
1.434849 2.328173
1.434326 2.327440
1.434593 2.328513
1.434337 2.328854
1.433782 2.328151
1.434080 2.329194
1.433824 2.329535
1.433239 2.328861
1.433568 2.329875
1.433312 2.330216
1.432696 2.329572
1.433055 2.330556
1.432799 2.330897
1.432152 2.330282
1.432543 2.331237
1.432287 2.331578
1.431609 2.330993
1.432030 2.331918
1.431774 2.332259
1.431066 2.331703
1.431518 2.332599
1.431262 2.332940
1.430522 2.332414
1.431005 2.333280
1.430749 2.333621
1.430493 2.333961
1.429979 2.333124
1.430237 2.334302
1.429981 2.334642
1.429436 2.333835
1.429724 2.334983
1.429468 2.335323
1.428892 2.334545
1.429212 2.335664
1.428956 2.336004
1.428349 2.335256
1.428699 2.336345
1.428443 2.336685
1.427806 2.335967
1.428187 2.337026
1.427931 2.337366
1.427262 2.336677
1.427674 2.337707
1.427418 2.338047
1.426719 2.337388
1.427162 2.338388
1.426176 2.338098
1.426561 2.339168
1.425632 2.338809
1.425961 2.339948
1.425089 2.339519
1.425360 2.340728
1.424546 2.340230
1.424760 2.341508
1.424002 2.340940
1.424159 2.342288
1.423459 2.341651
1.423558 2.343069
1.422916 2.342361
1.422958 2.343849
1.422372 2.343072
1.422357 2.344629
1.421829 2.343782
1.421286 2.344493
1.421757 2.345409
1.420742 2.345204
1.421156 2.346189
1.420199 2.345914
1.420556 2.346969
1.419656 2.346625
1.419955 2.347750
1.419112 2.347335
1.419354 2.348530
1.418569 2.348046
1.418754 2.349310
1.418026 2.348756
1.418153 2.350090
1.417482 2.349467
1.417553 2.350870
1.416939 2.350177
1.416952 2.351650
1.416396 2.350888
1.415852 2.351598
1.416352 2.352431
1.415309 2.352309
1.415751 2.353211
1.414766 2.353019
1.415150 2.353991
1.414222 2.353730
1.414550 2.354771
1.413679 2.354440
1.413949 2.355551
1.413136 2.355151
1.413349 2.356331
1.412592 2.355862
1.412748 2.357112
1.412049 2.356572
1.412148 2.357892
1.411506 2.357283
1.411547 2.358672
1.410962 2.357993
1.410947 2.359452
1.410419 2.358704
1.409876 2.359414
1.410346 2.360232
1.409333 2.360125
1.409745 2.361012
1.408789 2.360835
1.409145 2.361792
1.408246 2.361546
1.408544 2.362573
1.407703 2.362256
1.407944 2.363353
1.407159 2.362967
1.407343 2.364133
1.406616 2.363677
1.406743 2.364913
1.406073 2.364388
1.406142 2.365693
1.405529 2.365099
1.405541 2.366473
1.404986 2.365809
1.404941 2.367254
1.404443 2.366520
1.403899 2.367230
1.404340 2.368034
1.403356 2.367941
1.403740 2.368814
1.402813 2.368651
1.403139 2.369594
1.402269 2.369362
1.402539 2.370374
1.401726 2.370072
1.401938 2.371154
1.401183 2.370783
1.401337 2.371935
1.400639 2.371493
1.400737 2.372715
1.400096 2.372204
1.400136 2.373495
1.399553 2.372914
1.399536 2.374275
1.399009 2.373625
1.398935 2.375055
1.398466 2.374335
1.397923 2.375046
1.398335 2.375835
1.397379 2.375757
1.397734 2.376616
1.396836 2.376467
1.397133 2.377396
1.396293 2.377178
1.396533 2.378176
1.395749 2.377888
1.395932 2.378956
1.395206 2.378599
1.395332 2.379736
1.394663 2.379309
1.394731 2.380516
1.394119 2.380020
1.394131 2.381296
1.393576 2.380730
1.393530 2.382077
1.393033 2.381441
1.392930 2.382857
1.392489 2.382151
1.391946 2.382862
1.392329 2.383637
1.391403 2.383572
1.391728 2.384417
1.390859 2.384283
1.391128 2.385197
1.390316 2.384994
1.390527 2.385977
1.389773 2.385704
1.389927 2.386758
1.389229 2.386415
1.389326 2.387538
1.388686 2.387125
1.388726 2.388318
1.388143 2.387836
1.388125 2.389098
1.387599 2.388546
1.387524 2.389878
1.387056 2.389257
1.386924 2.390658
1.386513 2.389967
1.385969 2.390678
1.386323 2.391439
1.385426 2.391388
1.385723 2.392219
1.384883 2.392099
1.385122 2.392999
1.384339 2.392809
1.384522 2.393779
1.383796 2.393520
1.383921 2.394559
1.383253 2.394230
1.383320 2.395339
1.382709 2.394941
1.382720 2.396120
1.382166 2.395652
1.382119 2.396900
1.381623 2.396362
1.381519 2.397680
1.381079 2.397073
1.380536 2.397783
1.380918 2.398460
1.379993 2.398494
1.380318 2.399240
1.379449 2.399204
1.379717 2.400020
1.378906 2.399915
1.379116 2.400800
1.378363 2.400625
1.378516 2.401581
1.377819 2.401336
1.377915 2.402361
1.377276 2.402046
1.377315 2.403141
1.376733 2.402757
1.376714 2.403921
1.376189 2.403467
1.376114 2.404701
1.375646 2.404178
1.375513 2.405481
1.375103 2.404889
1.374560 2.405599
1.374913 2.406262
1.374016 2.406310
1.374312 2.407042
1.373473 2.407020
1.373711 2.407822
1.372930 2.407731
1.373111 2.408602
1.372386 2.408441
1.372510 2.409382
1.371843 2.409152
1.371910 2.410162
1.371300 2.409862
1.371309 2.410943
1.370756 2.410573
1.370709 2.411723
1.370213 2.411283
1.370108 2.412503
1.369670 2.411994
1.369507 2.413283
1.369126 2.412704
1.368583 2.413415
1.368907 2.414063
1.368040 2.414125
1.368306 2.414843
1.367496 2.414836
1.367706 2.415624
1.366953 2.415547
1.367105 2.416404
1.366410 2.416257
1.366505 2.417184
1.365866 2.416968
1.365904 2.417964
1.365323 2.417678
1.365303 2.418744
1.364780 2.418389
1.364703 2.419524
1.364236 2.419099
1.364102 2.420304
1.363693 2.419810
1.363502 2.421085
1.363150 2.420520
1.362606 2.421231
1.362901 2.421865
1.362063 2.421941
1.362301 2.422645
1.361520 2.422652
1.361700 2.423425
1.360976 2.423362
1.361100 2.424205
1.360433 2.424073
1.360499 2.424985
1.359890 2.424784
1.359898 2.425766
1.359346 2.425494
1.359298 2.426546
1.358803 2.426205
1.358697 2.427326
1.358260 2.426915
1.358097 2.428106
1.357716 2.427626
1.357496 2.428886
1.357173 2.428336
1.356630 2.429047
1.356896 2.429666
1.356086 2.429757
1.356295 2.430447
1.355543 2.430468
1.355694 2.431227
1.355000 2.431178
1.355094 2.432007
1.354456 2.431889
1.354493 2.432787
1.353913 2.432599
1.353893 2.433567
1.353370 2.433310
1.353292 2.434347
1.352826 2.434020
1.352692 2.435128
1.352283 2.434731
1.352091 2.435908
1.351740 2.435442
1.351196 2.436152
1.351490 2.436688
1.350653 2.436863
1.350890 2.437468
1.350110 2.437573
1.350289 2.438248
1.349566 2.438284
1.349689 2.439028
1.349023 2.438994
1.349088 2.439808
1.348480 2.439705
1.348488 2.440589
1.347936 2.440415
1.347887 2.441369
1.347393 2.441126
1.347286 2.442149
1.346850 2.441836
1.346686 2.442929
1.346306 2.442547
1.346085 2.443709
1.345763 2.443257
1.345220 2.443968
1.345485 2.444489
1.344676 2.444679
1.344884 2.445270
1.344133 2.445389
1.344284 2.446050
1.343590 2.446100
1.343683 2.446830
1.343046 2.446810
1.343083 2.447610
1.342503 2.447521
1.342482 2.448390
1.341960 2.448231
1.341881 2.449170
1.341416 2.448942
1.341281 2.449951
1.340873 2.449652
1.340680 2.450731
1.340330 2.450363
1.340080 2.451511
1.339787 2.451073
1.339243 2.451784
1.339479 2.452291
1.338700 2.452494
1.338879 2.453071
1.338157 2.453205
1.338278 2.453851
1.337613 2.453915
1.337677 2.454632
1.337070 2.454626
1.337077 2.455412
1.336527 2.455337
1.336476 2.456192
1.335983 2.456047
1.335876 2.456972
1.335440 2.456758
1.335275 2.457752
1.334897 2.457468
1.334675 2.458532
1.334353 2.458179
1.334074 2.459312
1.333810 2.458889
1.333267 2.459600
1.333473 2.460093
1.332723 2.460310
1.332873 2.460873
1.332180 2.461021
1.332272 2.461653
1.331637 2.461731
1.331672 2.462433
1.331093 2.462442
1.331071 2.463213
1.330550 2.463152
1.330471 2.463993
1.330007 2.463863
1.329870 2.464774
1.329463 2.464574
1.329269 2.465554
1.328920 2.465284
1.328669 2.466334
1.328377 2.465995
1.328068 2.467114
1.327833 2.466705
1.327290 2.467416
1.327468 2.467894
1.326747 2.468126
1.326867 2.468674
1.326203 2.468837
1.326267 2.469455
1.325660 2.469547
1.325666 2.470235
1.325117 2.470258
1.325066 2.471015
1.324573 2.470968
1.324465 2.471795
1.324030 2.471679
1.323864 2.472575
1.323487 2.472389
1.323264 2.473355
1.322943 2.473100
1.322663 2.474136
1.322400 2.473810
1.321857 2.474521
1.322063 2.474916
1.321313 2.475232
1.321462 2.475696
1.320770 2.475942
1.320862 2.476476
1.320227 2.476653
1.320261 2.477256
1.319683 2.477363
1.319660 2.478036
1.319140 2.478074
1.319060 2.478816
1.318597 2.478784
1.318459 2.479597
1.318053 2.479495
1.317859 2.480377
1.317510 2.480205
1.317258 2.481157
1.316967 2.480916
1.316658 2.481937
1.316423 2.481626
1.315880 2.482337
1.316057 2.482717
1.315337 2.483047
1.315456 2.483497
1.314793 2.483758
1.314856 2.484278
1.314250 2.484469
1.314255 2.485058
1.313707 2.485179
1.313655 2.485838
1.313163 2.485890
1.313054 2.486618
1.312620 2.486600
1.312454 2.487398
1.312077 2.487311
1.311853 2.488178
1.311533 2.488021
1.311252 2.488959
1.310990 2.488732
1.310652 2.489739
1.310447 2.489442
1.309903 2.490153
1.310051 2.490519
1.309360 2.490863
1.309451 2.491299
1.308817 2.491574
1.308850 2.492079
1.308273 2.492284
1.308250 2.492859
1.307730 2.492995
1.307649 2.493640
1.307187 2.493705
1.307049 2.494420
1.306643 2.494416
1.306448 2.495200
1.306100 2.495127
1.305847 2.495980
1.305557 2.495837
1.305247 2.496760
1.305014 2.496548
1.304646 2.497540
1.304470 2.497258
1.303927 2.497969
1.304046 2.498320
1.303384 2.498679
1.303445 2.499101
1.302840 2.499390
1.302845 2.499881
1.302297 2.500100
1.302244 2.500661
1.301754 2.500811
1.301643 2.501441
1.301210 2.501521
1.301043 2.502221
1.300667 2.502232
1.300442 2.503001
1.300124 2.502942
1.299842 2.503782
1.299580 2.503653
1.299241 2.504562
1.299037 2.504364
1.298641 2.505342
1.298494 2.505074
1.297950 2.505785
1.298040 2.506122
1.297407 2.506495
1.297439 2.506902
1.296864 2.507206
1.296839 2.507682
1.296320 2.507916
1.296238 2.508463
1.295777 2.508627
1.295638 2.509243
1.295234 2.509337
1.295037 2.510023
1.294690 2.510048
1.294437 2.510803
1.294147 2.510758
1.293836 2.511583
1.293604 2.511469
1.293235 2.512363
1.293060 2.512179
1.292517 2.512890
1.292635 2.513144
1.291974 2.513600
1.292034 2.513924
1.291430 2.514311
1.291434 2.514704
1.290887 2.515022
1.290833 2.515484
1.290344 2.515732
1.290233 2.516264
1.289800 2.516443
1.289632 2.517044
1.289257 2.517153
1.289032 2.517824
1.288714 2.517864
1.288431 2.518605
1.288170 2.518574
1.287830 2.519385
1.287627 2.519285
1.287230 2.520165
1.287084 2.519995
1.286540 2.520706
1.286629 2.520945
1.285997 2.521416
1.286029 2.521725
1.285454 2.522127
1.285428 2.522505
1.284910 2.522837
1.284828 2.523286
1.284367 2.523548
1.284227 2.524066
1.283824 2.524259
1.283626 2.524846
1.283280 2.524969
1.283026 2.525626
1.282737 2.525680
1.282425 2.526406
1.282194 2.526390
1.281825 2.527186
1.281650 2.527101
1.281224 2.527967
1.281107 2.527811
1.280564 2.528522
1.280624 2.528747
1.280020 2.529232
1.280023 2.529527
1.279477 2.529943
1.279422 2.530307
1.278934 2.530653
1.278822 2.531087
1.278390 2.531364
1.278221 2.531867
1.277847 2.532074
1.277621 2.532648
1.277304 2.532785
1.277020 2.533428
1.276760 2.533495
1.276420 2.534208
1.276217 2.534206
1.275819 2.534988
1.275674 2.534917
1.275218 2.535768
1.275130 2.535627
1.274587 2.536338
1.274618 2.536548
1.274044 2.537048
1.274017 2.537328
1.273500 2.537759
1.273417 2.538109
1.272957 2.538469
1.272816 2.538889
1.272414 2.539180
1.272216 2.539669
1.271870 2.539890
1.271615 2.540449
1.271327 2.540601
1.271015 2.541229
1.270784 2.541311
1.270414 2.542009
1.270240 2.542022
1.269813 2.542790
1.269697 2.542732
1.269154 2.543443
1.269213 2.543570
1.268611 2.544154
1.268612 2.544350
1.268067 2.544864
1.268012 2.545130
1.267524 2.545575
1.267411 2.545910
1.266981 2.546285
1.266811 2.546690
1.266437 2.546996
1.266210 2.547471
1.265894 2.547706
1.265609 2.548251
1.265351 2.548417
1.265009 2.549031
1.264807 2.549127
1.264408 2.549811
1.264264 2.549838
1.263808 2.550591
1.263721 2.550548
1.263177 2.551259
1.263207 2.551371
1.262634 2.551969
1.262607 2.552152
1.262091 2.552680
1.262006 2.552932
1.261547 2.553390
1.261405 2.553712
1.261004 2.554101
1.260805 2.554492
1.260461 2.554812
1.260204 2.555272
1.259917 2.555522
1.259604 2.556052
1.259374 2.556233
1.259003 2.556832
1.258831 2.556943
1.258403 2.557613
1.258287 2.557654
1.257802 2.558393
1.257744 2.558364
1.257201 2.559075
1.257201 2.559173
1.256657 2.559785
1.256601 2.559953
1.256114 2.560496
1.256000 2.560733
1.255571 2.561206
1.255400 2.561513
1.255027 2.561917
1.254799 2.562294
1.254484 2.562627
1.254199 2.563074
1.253941 2.563338
1.253598 2.563854
1.253397 2.564049
1.252998 2.564634
1.252854 2.564759
1.252397 2.565414
1.252311 2.565470
1.251796 2.566194
1.251767 2.566180
1.251224 2.566891
1.251196 2.566975
1.250681 2.567601
1.250595 2.567755
1.250137 2.568312
1.249995 2.568535
1.249594 2.569022
1.249394 2.569315
1.249051 2.569733
1.248794 2.570095
1.248507 2.570443
1.248193 2.570875
1.247964 2.571154
1.247592 2.571656
1.247421 2.571864
1.246992 2.572436
1.246877 2.572575
1.246391 2.573216
1.246334 2.573285
1.245791 2.573996