2.131730 1.158385
2.131544 1.158787
2.131400 1.159127
2.131142 1.159699
2.131070 1.159869
2.130740 1.160611
2.130740 1.160611
2.130511 1.161050
2.130278 1.161436
2.130282 1.161488
2.130054 1.161927
2.129816 1.162261
2.129825 1.162366
2.129596 1.162805
2.129354 1.163086
2.129368 1.163244
2.129139 1.163683
2.128892 1.163912
2.128910 1.164122
2.128682 1.164561
2.128430 1.164737
2.128453 1.165000
2.128224 1.165439
2.127968 1.165562
2.127996 1.165878
2.127767 1.166317
2.127506 1.166388
2.127539 1.166756
2.127310 1.167195
2.127044 1.167213
2.127081 1.167634
2.126853 1.168073
2.126583 1.168038
2.126624 1.168512
2.126395 1.168951
2.126121 1.168863
2.126167 1.169390
2.125938 1.169829
2.125659 1.169689
2.125709 1.170268
2.125197 1.170514
2.125481 1.170707
2.125252 1.171146
2.124735 1.171339
2.125023 1.171585
2.124795 1.172024
2.124273 1.172164
2.124566 1.172463
2.124338 1.172901
2.123811 1.172990
2.124109 1.173340
2.123880 1.173779
2.123349 1.173815
2.123652 1.174218
2.123423 1.174657
2.122887 1.174640
2.123194 1.175096
2.122966 1.175535
2.122425 1.175466
2.122737 1.175974
2.122508 1.176413
2.121964 1.176291
2.122280 1.176852
2.122051 1.177291
2.121502 1.177116
2.121822 1.177730
2.121594 1.178169
2.121040 1.177941
2.121365 1.178608
2.121136 1.179047
2.120578 1.178767
2.120908 1.179486
2.120116 1.179592
2.120679 1.179925
2.120451 1.180364
2.119654 1.180417
2.120222 1.180803
2.119993 1.181242
2.119192 1.181243
2.119765 1.181681
2.119536 1.182120
2.118730 1.182068
2.119307 1.182559
2.119079 1.182998
2.118268 1.182893
2.118850 1.183437
2.118621 1.183875
2.117806 1.183718
2.118393 1.184314
2.118164 1.184753
2.117345 1.184544
2.117935 1.185192
2.117707 1.185631
2.116883 1.185369
2.117478 1.186070
2.117249 1.186509
2.116421 1.186194
2.117021 1.186948
2.116792 1.187387
2.115959 1.187020
2.116564 1.187826
2.116335 1.188265
2.115497 1.187845
2.116106 1.188704
2.115878 1.189143
2.115035 1.188670
2.115649 1.189582
2.114573 1.189495
2.115420 1.190021
2.115192 1.190460
2.114111 1.190321
2.114963 1.190899
2.114734 1.191338
2.113649 1.191146
2.114506 1.191777
2.114277 1.192216
2.113187 1.191971
2.114048 1.192655
2.113820 1.193094
2.112726 1.192796
2.113591 1.193533
2.113363 1.193972
2.112264 1.193622
2.113134 1.194411
2.112905 1.194850
2.111802 1.194447
2.112677 1.195288
2.112448 1.195727
2.111340 1.195272
2.112219 1.196166
2.111991 1.196605
2.110878 1.196098
2.111762 1.197044
2.111533 1.197483
2.110416 1.196923
2.111305 1.197922
2.111076 1.198361
2.109954 1.197748
2.110847 1.198800
2.109492 1.198573
2.110619 1.199239
2.110390 1.199678
2.109030 1.199399
2.110161 1.200117
2.109933 1.200556
2.108568 1.200224
2.109704 1.200995
2.109476 1.201434
2.108107 1.201049
2.109247 1.201873
2.109018 1.202312
2.107645 1.201875
2.108790 1.202751
2.108561 1.203190
2.107183 1.202700
2.108332 1.203629
2.108104 1.204068
2.106721 1.203525
2.107875 1.204507
2.107646 1.204946
2.106259 1.204350
2.107418 1.205385
2.107189 1.205824
2.105797 1.205176
2.106960 1.206262
2.106732 1.206701
2.105335 1.206001
2.106503 1.207140
2.106274 1.207579
2.104873 1.206826
2.106046 1.208018
2.105817 1.208457
2.104411 1.207652
2.105589 1.208896
2.103950 1.208477
2.105360 1.209335
2.105131 1.209774
2.103488 1.209302
2.104903 1.210213
2.104674 1.210652
2.103026 1.210127
2.104445 1.211091
2.104217 1.211530
2.102564 1.210953
2.103988 1.211969
2.103759 1.212408
2.102102 1.211778
2.103531 1.212847
2.103302 1.213286
2.101640 1.212603
2.103073 1.213725
2.102845 1.214164
2.101178 1.213428
2.102616 1.214603
2.102388 1.215042
2.100716 1.214254
2.102159 1.215481
2.101930 1.215920
2.100254 1.215079
2.101702 1.216359
2.101473 1.216798
2.099792 1.215904
2.101244 1.217237
2.101016 1.217675
2.099331 1.216730
2.100787 1.218114
2.098869 1.217555
2.100558 1.218553
2.100330 1.218992
2.098407 1.218380
2.100101 1.219431
2.099872 1.219870
2.097945 1.219205
2.099644 1.220309
2.099415 1.220748
2.097483 1.220031
2.099186 1.221187
2.098958 1.221626
2.097021 1.220856
2.098729 1.222065
2.098501 1.222504
2.096559 1.221681
2.098272 1.222943
2.098043 1.223382
2.096097 1.222507
2.097815 1.223821
2.097586 1.224260
2.095635 1.223332
2.097357 1.224699
2.097129 1.225138
2.095173 1.224157
2.096900 1.225577
2.096671 1.226016
2.094712 1.224982
2.096443 1.226455
2.096214 1.226894
2.094250 1.225808
2.095985 1.227333
2.095757 1.227772
2.093788 1.226633
2.095528 1.228211
2.093326 1.227458
2.095299 1.228650
2.095071 1.229088
2.092864 1.228284
2.094842 1.229527
2.094614 1.229966
2.092402 1.229109
2.094385 1.230405
2.094156 1.230844
2.091940 1.229934
2.093928 1.231283
2.093699 1.231722
2.091478 1.230759
2.093470 1.232161
2.093242 1.232600
2.091016 1.231585
2.093013 1.233039
2.092784 1.233478
2.090554 1.232410
2.092556 1.233917
2.092327 1.234356
2.090093 1.233235
2.092098 1.234795
2.091870 1.235234
2.089631 1.234060
2.091641 1.235673
2.091413 1.236112
2.089169 1.234886
2.091184 1.236551
2.090955 1.236990
2.088707 1.235711
2.090727 1.237429
2.090498 1.237868
2.088245 1.236536
2.090269 1.238307
2.090269 1.238307
2.090072 1.238636
2.090072 1.238636
2.087783 1.237362
2.089875 1.238964
2.089875 1.238964
2.089841 1.239067
2.089678 1.239293
2.089678 1.239293
2.087321 1.238187
2.089481 1.239622
2.089481 1.239622
2.089412 1.239828
2.089284 1.239951
2.089284 1.239951
2.089087 1.240280
2.089087 1.240280
2.086859 1.239012
2.088984 1.240589
2.088890 1.240609
2.088890 1.240609
2.088693 1.240938
2.088693 1.240938
2.086397 1.239837
2.088496 1.241267
2.088496 1.241267
2.088556 1.241350
2.088299 1.241596
2.088299 1.241596
2.088102 1.241924
2.088102 1.241924
2.085935 1.240663
2.088127 1.242111
2.087905 1.242253
2.087905 1.242253
2.087708 1.242582
2.087708 1.242582
2.085474 1.241488
2.087699 1.242872
2.087511 1.242911
2.087511 1.242911
2.087314 1.243240
2.087314 1.243240
2.087270 1.243632
2.085012 1.242313
2.087117 1.243569
2.087117 1.243569
2.086920 1.243898
2.086920 1.243898
2.086723 1.244227
2.086723 1.244227
2.086842 1.244393
2.084550 1.243139
2.086526 1.244556
2.086526 1.244556
2.086329 1.244884
2.086329 1.244884
2.086414 1.245154
2.084088 1.243964
2.086132 1.245213
2.086132 1.245213
2.085935 1.245542
2.085935 1.245542
2.085985 1.245915
2.085738 1.245871
2.085738 1.245871
2.083626 1.244789
2.085541 1.246200
2.085541 1.246200
2.085344 1.246529
2.085344 1.246529
2.085557 1.246676
2.083164 1.245614
2.085147 1.246858
2.085147 1.246858
2.084950 1.247187
2.084950 1.247187
2.085128 1.247436
2.084753 1.247516
2.084753 1.247516
2.082702 1.246440
2.084556 1.247844
2.084556 1.247844
2.084700 1.248197
2.084359 1.248173
2.084359 1.248173
2.082240 1.247265
2.084162 1.248502
2.084162 1.248502
2.084272 1.248958
2.083965 1.248831
2.083965 1.248831
2.083768 1.249160
2.083768 1.249160
2.081778 1.248090
2.083571 1.249489
2.083571 1.249489
2.083843 1.249719
2.083374 1.249818
2.083374 1.249818
2.081316 1.248916
2.083177 1.250147
2.083177 1.250147
2.083415 1.250480
2.082980 1.250476
2.082980 1.250476
2.082783 1.250804
2.082783 1.250804
2.080855 1.249741
2.082987 1.251241
2.082586 1.251133
2.082586 1.251133
2.082389 1.251462
2.082389 1.251462
2.080393 1.250566
2.082558 1.252001
2.082192 1.251791
2.082192 1.251791
2.081995 1.252120
2.081995 1.252120
2.081798 1.252449
2.081798 1.252449
2.079931 1.251391
2.082130 1.252762
2.081601 1.252778
2.081601 1.252778
2.081404 1.253107
2.081404 1.253107
2.081701 1.253523
2.079469 1.252217
2.081207 1.253436
2.081207 1.253436
2.081010 1.253764
2.081010 1.253764
2.081273 1.254284
2.080813 1.254093
2.080813 1.254093
2.079007 1.253042
2.080616 1.254422
2.080616 1.254422
2.080418 1.254751
2.080418 1.254751
2.080845 1.255045
2.078545 1.253867
2.080221 1.255080
2.080221 1.255080
2.080024 1.255409
2.080024 1.255409
2.080416 1.255805
2.079827 1.255738
2.079827 1.255738
2.078083 1.254692
2.079630 1.256067
2.079630 1.256067
2.079988 1.256566
2.079433 1.256396
2.079433 1.256396
2.077621 1.255518
2.079236 1.256724
2.079236 1.256724
2.079559 1.257327
2.079039 1.257053
2.079039 1.257053
2.077159 1.256343
2.078842 1.257382
2.078842 1.257382
2.078645 1.257711
2.078645 1.257711
2.079131 1.258088
2.078448 1.258040
2.078448 1.258040
2.076698 1.257168
2.078251 1.258369
2.078251 1.258369
2.078703 1.258849
2.078054 1.258698
2.078054 1.258698
2.076236 1.257994
2.077857 1.259027
2.077857 1.259027
2.078274 1.259610
2.077660 1.259356
2.077660 1.259356
2.077463 1.259684
2.077463 1.259684
2.075774 1.258819
2.077266 1.260013
2.077266 1.260013
2.077846 1.260370
2.077069 1.260342
2.077069 1.260342
2.075312 1.259644
2.076872 1.260671
2.076872 1.260671
2.077417 1.261131
2.076675 1.261000
2.076675 1.261000
2.076478 1.261329
2.076478 1.261329
2.074850 1.260469
2.076989 1.261892
2.076281 1.261658
2.076281 1.261658
2.076084 1.261987
2.076084 1.261987
2.074388 1.261295
2.076561 1.262653
2.075887 1.262316
2.075887 1.262316
2.075690 1.262644
2.075690 1.262644
2.075493 1.262973
2.075493 1.262973
2.076132 1.263414
2.073926 1.262120
2.075296 1.263302
2.075296 1.263302
2.075099 1.263631
2.075099 1.263631
2.075704 1.264175
2.073464 1.262945
2.074902 1.263960
2.074902 1.263960
2.074705 1.264289
2.074705 1.264289
2.075275 1.264935
2.074508 1.264618
2.074508 1.264618
2.073002 1.263771
2.074311 1.264947
2.074311 1.264947
2.074847 1.265696
2.074114 1.265276
2.074114 1.265276
2.072540 1.264596
2.073917 1.265604
2.073917 1.265604
2.073720 1.265933
2.073720 1.265933
2.074419 1.266457
2.073523 1.266262
2.073523 1.266262
2.072079 1.265421
2.073326 1.266591
2.073326 1.266591
2.073990 1.267218
2.073129 1.266920
2.073129 1.266920
2.071617 1.266246
2.072932 1.267249
2.072932 1.267249
2.073562 1.267979
2.072735 1.267578
2.072735 1.267578
2.072538 1.267907
2.072538 1.267907
2.071155 1.267072
2.072341 1.268236
2.072341 1.268236
2.073133 1.268739
2.072144 1.268564
2.072144 1.268564
2.070693 1.267897
2.071947 1.268893
2.071947 1.268893
2.072705 1.269500
2.071750 1.269222
2.071750 1.269222
2.070231 1.268722
2.071553 1.269551
2.071553 1.269551
2.072277 1.270261
2.071356 1.269880
2.071356 1.269880
2.071159 1.270209
2.071159 1.270209
2.069769 1.269548
2.071848 1.271022
2.070962 1.270538
2.070962 1.270538
2.070765 1.270867
2.070765 1.270867
2.069307 1.270373
2.070568 1.271196
2.070568 1.271196
2.071420 1.271783
2.070371 1.271524
2.070371 1.271524
2.070174 1.271853
2.070174 1.271853
2.068845 1.271198
2.070991 1.272544
2.069977 1.272182
2.069977 1.272182
2.069780 1.272511
2.069780 1.272511
2.070563 1.273304
2.068383 1.272023
2.069583 1.272840
2.069583 1.272840
2.069386 1.273169
2.069386 1.273169
2.070135 1.274065
2.069189 1.273498
2.069189 1.273498
2.067921 1.272849
2.068992 1.273827
2.068992 1.273827
2.068795 1.274156
2.068795 1.274156
2.069706 1.274826
2.067460 1.273674
2.068598 1.274485
2.068598 1.274485
2.068401 1.274813
2.068401 1.274813
2.069278 1.275587
2.068204 1.275142
2.068204 1.275142
2.066998 1.274499
2.068007 1.275471
2.068007 1.275471
2.068849 1.276348
2.067809 1.275800
2.067809 1.275800
2.066536 1.275324
2.067612 1.276129
2.067612 1.276129
2.067415 1.276458
2.067415 1.276458
2.068421 1.277108
2.067218 1.276787
2.067218 1.276787
2.066074 1.276150
2.067021 1.277116
2.067021 1.277116
2.067993 1.277869
2.066824 1.277445
2.066824 1.277445
2.065612 1.276975
2.066627 1.277773
2.066627 1.277773
2.067564 1.278630
2.066430 1.278102
2.066430 1.278102
2.066233 1.278431
2.066233 1.278431
2.065150 1.277800
2.067136 1.279391
2.066036 1.278760
2.066036 1.278760
2.065839 1.279089
2.065839 1.279089
2.064688 1.278626
2.065642 1.279418
2.065642 1.279418
2.066707 1.280152
2.065445 1.279747
2.065445 1.279747
2.065248 1.280076
2.065248 1.280076
2.064226 1.279451
2.066279 1.280913
2.065051 1.280405
2.065051 1.280405
2.064854 1.280733
2.064854 1.280733
2.063764 1.280276
2.065851 1.281673
2.064657 1.281062
2.064657 1.281062
2.064460 1.281391
2.064460 1.281391
2.063302 1.281101
2.065422 1.282434
2.064263 1.281720
2.064263 1.281720
2.064066 1.282049
2.064066 1.282049
2.063869 1.282378
2.063869 1.282378
2.064994 1.283195
2.062841 1.281927
2.063672 1.282707
2.063672 1.282707
2.063475 1.283036
2.063475 1.283036
2.064565 1.283956
2.062379 1.282752
2.063278 1.283365
2.063278 1.283365
2.063081 1.283693
2.063081 1.283693
2.064137 1.284717
2.062884 1.284022
2.062884 1.284022
2.061917 1.283577
2.062687 1.284351
2.062687 1.284351
2.062490 1.284680
2.062490 1.284680
2.063709 1.285477
2.061455 1.284403
2.062293 1.285009
2.062293 1.285009
2.062096 1.285338
2.062096 1.285338
2.063280 1.286238
2.061899 1.285667
2.061899 1.285667
2.060993 1.285228
2.061702 1.285996
2.061702 1.285996
2.062852 1.286999
2.061505 1.286325
2.061505 1.286325
2.060531 1.286053
2.061308 1.286653
2.061308 1.286653
2.062423 1.287760
2.061111 1.286982
2.061111 1.286982
2.060914 1.287311
2.060914 1.287311
2.060069 1.286878
2.060717 1.287640
2.060717 1.287640
2.061995 1.288521
2.060520 1.287969
2.060520 1.287969
2.059607 1.287704
2.060323 1.288298
2.060323 1.288298
2.061567 1.289282
2.060126 1.288627
2.060126 1.288627
2.059929 1.288956
2.059929 1.288956
2.059145 1.288529
2.061138 1.290042
2.059732 1.289285
2.059732 1.289285
2.059535 1.289613
2.059535 1.289613
2.058683 1.289354
2.059338 1.289942
2.059338 1.289942
2.060710 1.290803
2.059141 1.290271
2.059141 1.290271
2.058944 1.290600
2.058944 1.290600
2.058222 1.290180
2.060281 1.291564
2.058747 1.290929
2.058747 1.290929
2.058550 1.291258
2.058550 1.291258
2.057760 1.291005
2.059853 1.292325
2.058353 1.291587
2.058353 1.291587
2.058156 1.291916
2.058156 1.291916
2.059425 1.293086
2.057959 1.292245
2.057959 1.292245
2.057298 1.291830
2.057762 1.292573
2.057762 1.292573
2.057565 1.292902
2.057565 1.292902
2.058996 1.293846
2.056836 1.292655
2.057368 1.293231
2.057368 1.293231
2.057171 1.293560
2.057171 1.293560
2.058568 1.294607
2.056374 1.293481
2.056974 1.293889
2.056974 1.293889
2.056777 1.294218
2.056777 1.294218
2.058139 1.295368
2.056580 1.294547
2.056580 1.294547
2.055912 1.294306
2.056383 1.294876
2.056383 1.294876
2.057711 1.296129
2.056186 1.295205
2.056186 1.295205
2.055450 1.295131
2.055989 1.295533
2.055989 1.295533
2.055792 1.295862
2.055792 1.295862
2.057283 1.296890
2.055595 1.296191
2.055595 1.296191
2.054988 1.295956
2.055398 1.296520
2.055398 1.296520
2.056854 1.297651
2.055200 1.296849
2.055200 1.296849
2.054526 1.296782
2.055003 1.297178
2.055003 1.297178
2.056426 1.298411
2.054806 1.297507
2.054806 1.297507
2.054609 1.297836
2.054609 1.297836
2.054064 1.297607
2.054412 1.298165
2.054412 1.298165
2.055997 1.299172
2.054215 1.298493
2.054215 1.298493
2.053603 1.298432
2.054018 1.298822
2.054018 1.298822
2.055569 1.299933
2.053821 1.299151
2.053821 1.299151
2.053624 1.299480
2.053624 1.299480
2.053141 1.299258
2.055141 1.300694
2.053427 1.299809
2.053427 1.299809
2.053230 1.300138
2.053230 1.300138
2.052679 1.300083
2.054712 1.301455
2.053033 1.300467
2.053033 1.300467
2.052836 1.300796
2.052836 1.300796
2.052639 1.301125
2.052639 1.301125
2.054284 1.302215
2.052217 1.300908
2.052442 1.301453
2.052442 1.301453
2.052245 1.301782
2.052245 1.301782
2.053855 1.302976
2.051755 1.301733
2.052048 1.302111
2.052048 1.302111
2.051851 1.302440
2.051851 1.302440
2.053427 1.303737
2.051654 1.302769
2.051654 1.302769
2.051293 1.302559
2.051457 1.303098
2.051457 1.303098
2.052999 1.304498
2.051260 1.303427
2.051260 1.303427
2.050831 1.303384
2.051063 1.303756
2.051063 1.303756
2.050866 1.304085
2.050866 1.304085
2.052570 1.305259
2.050369 1.304209
2.050669 1.304413
2.050669 1.304413
2.050472 1.304742
2.050472 1.304742
2.052142 1.306020
2.050275 1.305071
2.050275 1.305071
2.049907 1.305035
2.050078 1.305400
2.050078 1.305400
2.051713 1.306780
2.049881 1.305729
2.049881 1.305729
2.049446 1.305860
2.049684 1.306058
2.049684 1.306058
2.049487 1.306387
2.049487 1.306387
2.051285 1.307541
2.049290 1.306716
2.049290 1.306716
2.048984 1.306685
2.049093 1.307045
2.049093 1.307045
2.050857 1.308302
2.048896 1.307373
2.048896 1.307373
2.048522 1.307510
2.048699 1.307702
2.048699 1.307702
2.050428 1.309063
2.048502 1.308031
2.048502 1.308031
2.048305 1.308360
2.048305 1.308360
2.048060 1.308336
2.050000 1.309824
2.048108 1.308689
2.048108 1.308689
2.047911 1.309018
2.047911 1.309018
2.047598 1.309161
2.047714 1.309347
2.047714 1.309347
2.049571 1.310585
2.047517 1.309676
2.047517 1.309676
2.047320 1.310005
2.047320 1.310005
2.047136 1.309986
2.049143 1.311345
2.047123 1.310333
2.047123 1.310333
2.046926 1.310662
2.046926 1.310662
2.048715 1.312106
2.046674 1.310812
2.046729 1.310991
2.046729 1.310991
2.046532 1.311320
2.046532 1.311320
2.048286 1.312867
2.046335 1.311649
2.046335 1.311649
2.046212 1.311637
2.046138 1.311978
2.046138 1.311978
2.045941 1.312307
2.045941 1.312307
2.047858 1.313628
2.045750 1.312462
2.045744 1.312636
2.045744 1.312636
2.045547 1.312965
2.045547 1.312965
2.047429 1.314389
2.045350 1.313293
2.045350 1.313293
2.045288 1.313287
2.045153 1.313622
2.045153 1.313622
2.047001 1.315149
2.044956 1.313951
2.044956 1.313951
2.044827 1.314113
2.044759 1.314280
2.044759 1.314280
2.044562 1.314609
2.044562 1.314609
2.046573 1.315910
2.044365 1.314938
2.044365 1.314938
2.046144 1.316671
2.043880 1.315815
2.045716 1.317432
2.043396 1.316691
2.045287 1.318193
2.042911 1.317568
2.044859 1.318954
2.044431 1.319714
2.042426 1.318444
2.044002 1.320475
2.041942 1.319321
2.043574 1.321236
2.041457 1.320198
2.043145 1.321997
2.040973 1.321074
2.042717 1.322758
2.040488 1.321951
2.042289 1.323518
2.040004 1.322828
2.041860 1.324279
2.039519 1.323704
2.041432 1.325040
2.041003 1.325801
2.039035 1.324581
2.040575 1.326562
2.038550 1.325458
2.040147 1.327323
2.038065 1.326334
2.039718 1.328083
2.037581 1.327211
2.039290 1.328844
2.037096 1.328088
2.038861 1.329605
2.036612 1.328964
2.038433 1.330366
2.036127 1.329841
2.038005 1.331127
2.037576 1.331887
2.035643 1.330717
2.037148 1.332648
2.035158 1.331594
2.036719 1.333409
2.034674 1.332471
2.036291 1.334170
2.034189 1.333347
2.035863 1.334931
2.033705 1.334224
2.035434 1.335692
2.033220 1.335101
2.035006 1.336452
2.032735 1.335977
2.034577 1.337213
2.034149 1.337974
2.032251 1.336854
2.033721 1.338735
2.031766 1.337731
2.033292 1.339496
2.031282 1.338607
2.032864 1.340256
2.030797 1.339484
2.032435 1.341017
2.030313 1.340360
2.032007 1.341778
2.029828 1.341237
2.031579 1.342539
2.031150 1.343300
2.029344 1.342114
2.030722 1.344061
2.028859 1.342990
2.030293 1.344821
2.028374 1.343867
2.029865 1.345582
2.027890 1.344744
2.029437 1.346343
2.027405 1.345620
2.029008 1.347104
2.026921 1.346497
2.028580 1.347865
2.026436 1.347374
2.028151 1.348625
2.027723 1.349386
2.025952 1.348250
2.027295 1.350147
2.025467 1.349127
2.026866 1.350908
2.024983 1.350004
2.026438 1.351669
2.024498 1.350880
2.026009 1.352430
2.024014 1.351757
2.025581 1.353190
2.023529 1.352633
2.025153 1.353951
2.023044 1.353510
2.024724 1.354712
2.024296 1.355473
2.022560 1.354387
2.023867 1.356234
2.022075 1.355263
2.023439 1.356995
2.021591 1.356140
2.023011 1.357755
2.021106 1.357017
2.022582 1.358516
2.020622 1.357893
2.022154 1.359277
2.020137 1.358770
2.021725 1.360038
2.019653 1.359647
2.021297 1.360799
2.020869 1.361559
2.019168 1.360523
2.020440 1.362320
2.018683 1.361400
2.020012 1.363081
2.018199 1.362276
2.019583 1.363842
2.017714 1.363153
2.019155 1.364603
2.017230 1.364030
2.018727 1.365364
2.016745 1.364906
2.018298 1.366124
2.016261 1.365783
2.017870 1.366885
2.017441 1.367646
2.015776 1.366660
2.017013 1.368407
2.015292 1.367536
2.016585 1.369168
2.014807 1.368413
2.016156 1.369928
2.014323 1.369290
2.015728 1.370689
2.013838 1.370166
2.015299 1.371450
2.013353 1.371043
2.014871 1.372211
2.014443 1.372972
2.012869 1.371920
2.014014 1.373733
2.012384 1.372796
2.013586 1.374493
2.011900 1.373673
2.013157 1.375254
2.011415 1.374549
2.012729 1.376015
2.010931 1.375426
2.012301 1.376776
2.010446 1.376303
2.011872 1.377537
2.009962 1.377179
2.011444 1.378297
2.011016 1.379058
2.009477 1.378056
2.010587 1.379819
2.008992 1.378933
2.010159 1.380580
2.008508 1.379809
2.009730 1.381341
2.008023 1.380686
2.009302 1.382102
2.007539 1.381563
2.008874 1.382862
2.007054 1.382439
2.008445 1.383623
2.006570 1.383316
2.008017 1.384384
2.007588 1.385145
2.006085 1.384192
2.007160 1.385906
2.005601 1.385069
2.006732 1.386666
2.005116 1.385946
2.006303 1.387427
2.004632 1.386822
2.005875 1.388188
2.004147 1.387699
2.005446 1.388949
2.003662 1.388576
2.005018 1.389710
2.003178 1.389452
2.004590 1.390471
2.004161 1.391231
2.002693 1.390329
2.003733 1.391992
2.002209 1.391206
2.003304 1.392753
2.001724 1.392082
2.002876 1.393514
2.001240 1.392959
2.002448 1.394275
2.000755 1.393835
2.002019 1.395036
2.000271 1.394712
2.001591 1.395796
1.999786 1.395589
2.001162 1.396557
2.000734 1.397318
1.999301 1.396465
2.000306 1.398079
1.998817 1.397342
1.999877 1.398840
1.998332 1.398219
1.999449 1.399600
1.997848 1.399095
1.999020 1.400361
1.997363 1.399972
1.998592 1.401122
1.996879 1.400849
1.998164 1.401883
1.997735 1.402644
1.996394 1.401725
1.997307 1.403405
1.995910 1.402602
1.996878 1.404165
1.995425 1.403479
1.996450 1.404926
1.994941 1.404355
1.996022 1.405687
1.994456 1.405232
1.995593 1.406448
1.993971 1.406108
1.995165 1.407209
1.993487 1.406985
1.994736 1.407969
1.994308 1.408730
1.993002 1.407862
1.993880 1.409491
1.992518 1.408738
1.993451 1.410252
1.992033 1.409615
1.993023 1.411013
1.991549 1.410492
1.992594 1.411774
1.991064 1.411368
1.992166 1.412534
1.990580 1.412245
1.991738 1.413295
1.990095 1.413122
1.991309 1.414056
1.990881 1.414817
1.989610 1.413998
1.990452 1.415578
1.989126 1.414875
1.990024 1.416338
1.988641 1.415751
1.989596 1.417099
1.988157 1.416628
1.989167 1.417860
1.987672 1.417505
1.988739 1.418621
1.987188 1.418381
1.988310 1.419382
1.986703 1.419258
1.987882 1.420143
1.987454 1.420903
1.986219 1.420135
1.987025 1.421664
1.985734 1.421011
1.986597 1.422425
1.985250 1.421888
1.986168 1.423186
1.984765 1.422765
1.985740 1.423947
1.984280 1.423641
1.985312 1.424707
1.983796 1.424518
1.984883 1.425468
1.983311 1.425395
1.984455 1.426229
1.984026 1.426990
1.982827 1.426271
1.983598 1.427751
1.982342 1.427148
1.983170 1.428512
1.981858 1.428024
1.982741 1.429272
1.981373 1.428901
1.982313 1.430033
1.980889 1.429778
1.981884 1.430794
1.980404 1.430654
1.981456 1.431555
1.981028 1.432316
1.979919 1.431531
1.980599 1.433076
1.979435 1.432408
1.980171 1.433837
1.978950 1.433284
1.979742 1.434598
1.978466 1.434161
1.979314 1.435359
1.977981 1.435038
1.978886 1.436120
1.977497 1.435914
1.978457 1.436881
1.977012 1.436791
1.978029 1.437641
1.977600 1.438402
1.976528 1.437667
1.977172 1.439163
1.976043 1.438544
1.976744 1.439924
1.975559 1.439421
1.976315 1.440685
1.975074 1.440297
1.975887 1.441446
1.974589 1.441174
1.975458 1.442206
1.974105 1.442051
1.975030 1.442967
1.973620 1.442927
1.974602 1.443728
1.974173 1.444489
1.973136 1.443804
1.973745 1.445250
1.972651 1.444681
1.973316 1.446010
1.972167 1.445557
1.972888 1.446771
1.971682 1.446434
1.972460 1.447532
1.971198 1.447310
1.972031 1.448293
1.970713 1.448187
1.971603 1.449054
1.970228 1.449064
1.971174 1.449815
1.970746 1.450575
1.969744 1.449940
1.970318 1.451336
1.969259 1.450817
1.969889 1.452097
1.968775 1.451694
1.969461 1.452858
1.968290 1.452570
1.969032 1.453619
1.967806 1.453447
1.968604 1.454379
1.967321 1.454324
1.968176 1.455140
1.966837 1.455200
1.967747 1.455901
1.967319 1.456662
1.966352 1.456077
1.966890 1.457423
1.965868 1.456954
1.966462 1.458184
1.965383 1.457830
1.966034 1.458944
1.964898 1.458707
1.965605 1.459705
1.964414 1.459583
1.965177 1.460466
1.963929 1.460460
1.964748 1.461227
1.964320 1.461988
1.963445 1.461337
1.963892 1.462748
1.962960 1.462213
1.963463 1.463509
1.962476 1.463090
1.963035 1.464270
1.961991 1.463967
1.962606 1.465031
1.961507 1.464843
1.962178 1.465792
1.961022 1.465720
1.961750 1.466553
1.960537 1.466597
1.961321 1.467313
1.960893 1.468074
1.960053 1.467473
1.960464 1.468835
1.959568 1.468350
1.960036 1.469596
1.959084 1.469226
1.959608 1.470357
1.958599 1.470103
1.959179 1.471117
1.958115 1.470980
1.958751 1.471878
1.957630 1.471856
1.958322 1.472639
1.957146 1.472733
1.957894 1.473400
1.957466 1.474161
1.956661 1.473610
1.957037 1.474922
1.956177 1.474486
1.956609 1.475682
1.955692 1.475363
1.956180 1.476443
1.955207 1.476240
1.955752 1.477204
1.954723 1.477116
1.955324 1.477965
1.954238 1.477993
1.954895 1.478726
1.953754 1.478870
1.954467 1.479486
1.954038 1.480247
1.953269 1.479746
1.953610 1.481008
1.952785 1.480623
1.953182 1.481769
1.952300 1.481499
1.952753 1.482530
1.951816 1.482376
1.952325 1.483291
1.951331 1.483253
1.951896 1.484051
1.950846 1.484129
1.951468 1.484812
1.950362 1.485006
1.951040 1.485573
1.950611 1.486334
1.949877 1.485883
1.950183 1.487095
1.949393 1.486759
1.949754 1.487856
1.948908 1.487636
1.949326 1.488616
1.948424 1.488513
1.948898 1.489377
1.947939 1.489389
1.948469 1.490138
1.947455 1.490266
1.948041 1.490899
1.946970 1.491142
1.947612 1.491660
1.947184 1.492420
1.946486 1.492019
1.946756 1.493181
1.946001 1.492896
1.946327 1.493942
1.945516 1.493772
1.945899 1.494703
1.945032 1.494649
1.945470 1.495464
1.944547 1.495526
1.945042 1.496225
1.944063 1.496402
1.944614 1.496985
1.944185 1.497746
1.943578 1.497279
1.943757 1.498507
1.943094 1.498156
1.943328 1.499268
1.942609 1.499032
1.942900 1.500029
1.942125 1.499909
1.942472 1.500789
1.941640 1.500786
1.942043 1.501550
1.941155 1.501662
1.941615 1.502311
1.940671 1.502539
1.941187 1.503072
1.940758 1.503833
1.940186 1.503415
1.940330 1.504594
1.939702 1.504292
1.939901 1.505354
1.939217 1.505169
1.939473 1.506115
1.938733 1.506045
1.939045 1.506876
1.938248 1.506922
1.938616 1.507637
1.937764 1.507799
1.938188 1.508398
1.937279 1.508675
1.937759 1.509158
1.937331 1.509919
1.936795 1.509552
1.936903 1.510680
1.936310 1.510429
1.936474 1.511441
1.935825 1.511305
1.936046 1.512202
1.935341 1.512182
1.935617 1.512963
1.934856 1.513058
1.935189 1.513723
1.934372 1.513935
1.934761 1.514484
1.933887 1.514812
1.934332 1.515245
1.933904 1.516006
1.933403 1.515688
1.933475 1.516767
1.932918 1.516565
1.933047 1.517527
1.932434 1.517442
1.932619 1.518288
1.931949 1.518318
1.932190 1.519049
1.931464 1.519195
1.931762 1.519810
1.930980 1.520072
1.931333 1.520571
1.930495 1.520948
1.930905 1.521332
1.930477 1.522092
1.930011 1.521825
1.930048 1.522853
1.929526 1.522701
1.929620 1.523614
1.929042 1.523578
1.929191 1.524375
1.928557 1.524455
1.928763 1.525136
1.928073 1.525331
1.928335 1.525896
1.927588 1.526208
1.927906 1.526657
1.927104 1.527085
1.927478 1.527418
1.927049 1.528179
1.926619 1.527961
1.926621 1.528940
1.926134 1.528838
1.926193 1.529701
1.925650 1.529715
1.925764 1.530461
1.925165 1.530591
1.925336 1.531222
1.924681 1.531468
1.924907 1.531983
1.924196 1.532345
1.924479 1.532744
1.923712 1.533221
1.924051 1.533505
1.923622 1.534266
1.923227 1.534098
1.923194 1.535026
1.922743 1.534974
1.922765 1.535787
1.922258 1.535851
1.922337 1.536548
1.921773 1.536728
1.921909 1.537309
1.921289 1.537604
1.921480 1.538070
1.920804 1.538481
1.921052 1.538830
1.920623 1.539591
1.920320 1.539358
1.920195 1.540352
1.919835 1.540234
1.919767 1.541113
1.919351 1.541111
1.919338 1.541874
1.918866 1.541988
1.918910 1.542635
1.918382 1.542864
1.918481 1.543395
1.917897 1.543741
1.918053 1.544156
1.917413 1.544617
1.917625 1.544917
1.917196 1.545678
1.916928 1.545494
1.916768 1.546439
1.916443 1.546371
1.916339 1.547199
1.915959 1.547247
1.915911 1.547960
1.915474 1.548124
1.915483 1.548721
1.914990 1.549001
1.915054 1.549482
1.914505 1.549877
1.914626 1.550243
1.914021 1.550754
1.914197 1.551004
1.913769 1.551764
1.913536 1.551631
1.913341 1.552525
1.913052 1.552507
1.912912 1.553286
1.912567 1.553384
1.912484 1.554047
1.912082 1.554261
1.912055 1.554808
1.911598 1.555137
1.911627 1.555568
1.911113 1.556014
1.911199 1.556329
1.910629 1.556890
1.910770 1.557090
1.910342 1.557851
1.910144 1.557767
1.909913 1.558612
1.909660 1.558644
1.909485 1.559373
1.909175 1.559520
1.909057 1.560133
1.908691 1.560397
1.908628 1.560894
1.908206 1.561274
1.908200 1.561655
1.907722 1.562150
1.907771 1.562416
1.907237 1.563027
1.907343 1.563177
1.906915 1.563937
1.906752 1.563904
1.906486 1.564698
1.906268 1.564780
1.906058 1.565459
1.905783 1.565657
1.905629 1.566220
1.905299 1.566533
1.905201 1.566981
1.904814 1.567410
1.904773 1.567742
1.904330 1.568287
1.904344 1.568502
1.903845 1.569163
1.903916 1.569263
1.903487 1.570024
1.903361 1.570040
1.903059 1.570785
1.902876 1.570917
1.902631 1.571546
1.902391 1.571793
1.902202 1.572306
1.901907 1.572670
1.901774 1.573067
1.901422 1.573547
1.901345 1.573828
1.900938 1.574423
1.900917 1.574589
1.900453 1.575300
1.900489 1.575350
1.900060 1.576111
1.899969 1.576176
1.899632 1.576871
1.899484 1.577053
1.899203 1.577632
1.899000 1.577930
1.898775 1.578393
1.898515 1.578806
1.898347 1.579154
1.898031 1.579683
1.897918 1.579915
1.897546 1.580560
1.897490 1.580676