1.846852 1.690331
1.846347 1.691122
1.846324 1.691172
1.845841 1.691912
1.845795 1.692013
1.845336 1.692702
1.845266 1.692854
1.844831 1.693493
1.844738 1.693695
1.844325 1.694283
1.844209 1.694536
1.843820 1.695073
1.843681 1.695377
1.843315 1.695864
1.843152 1.696218
1.842809 1.696654
1.842624 1.697059
1.842304 1.697444
1.842095 1.697900
1.841799 1.698235
1.841567 1.698741
1.841293 1.699025
1.841038 1.699582
1.840788 1.699816
1.840510 1.700423
1.840283 1.700606
1.839981 1.701263
1.839777 1.701396
1.839452 1.702104
1.839272 1.702187
1.838924 1.702945
1.838766 1.702977
1.838395 1.703786
1.838261 1.703767
1.837867 1.704627
1.837756 1.704558
1.837250 1.705348
1.837338 1.705468
1.836745 1.706138
1.836810 1.706309
1.836240 1.706929
1.836281 1.707150
1.835734 1.707719
1.835753 1.707991
1.835229 1.708510
1.835224 1.708832
1.834724 1.709300
1.834696 1.709673
1.834218 1.710090
1.834167 1.710514
1.833713 1.710881
1.833639 1.711355
1.833208 1.711671
1.833110 1.712196
1.832702 1.712461
1.832581 1.713037
1.832197 1.713252
1.832053 1.713878
1.831692 1.714042
1.831524 1.714718
1.831186 1.714832
1.830996 1.715559
1.830681 1.715623
1.830467 1.716400
1.830175 1.716413
1.829939 1.717241
1.829670 1.717204
1.829410 1.718082
1.829165 1.717994
1.828882 1.718923
1.828659 1.718784
1.828154 1.719575
1.828353 1.719764
1.827649 1.720365
1.827825 1.720605
1.827143 1.721155
1.827296 1.721446
1.826638 1.721946
1.826767 1.722287
1.826133 1.722736
1.826239 1.723128
1.825627 1.723526
1.825710 1.723969
1.825122 1.724317
1.825182 1.724810
1.824617 1.725107
1.824653 1.725651
1.824111 1.725897
1.824125 1.726492
1.823606 1.726688
1.823596 1.727333
1.823100 1.727478
1.823068 1.728173
1.822595 1.728269
1.822539 1.729014
1.822090 1.729059
1.822011 1.729855
1.821584 1.729849
1.821482 1.730696
1.821079 1.730640
1.820953 1.731537
1.820574 1.731430
1.820425 1.732378
1.820068 1.732220
1.819896 1.733219
1.819563 1.733011
1.819368 1.734060
1.819058 1.733801
1.818552 1.734591
1.818839 1.734901
1.818047 1.735382
1.818311 1.735742
1.817542 1.736172
1.817782 1.736583
1.817036 1.736963
1.817254 1.737424
1.816531 1.737753
1.816725 1.738265
1.816026 1.738543
1.816197 1.739106
1.815520 1.739334
1.815668 1.739947
1.815015 1.740124
1.815139 1.740788
1.814509 1.740914
1.814611 1.741628
1.814004 1.741705
1.814082 1.742469
1.813499 1.742495
1.813554 1.743310
1.812993 1.743285
1.813025 1.744151
1.812488 1.744076
1.812497 1.744992
1.811983 1.744866
1.811968 1.745833
1.811477 1.745657
1.811440 1.746674
1.810972 1.746447
1.810911 1.747515
1.810467 1.747237
1.810383 1.748356
1.809961 1.748028
1.809854 1.749197
1.809456 1.748818
1.808951 1.749608
1.809325 1.750038
1.808445 1.750399
1.808797 1.750879
1.807940 1.751189
1.808268 1.751720
1.807435 1.751979
1.807740 1.752561
1.806929 1.752770
1.807211 1.753402
1.806424 1.753560
1.806683 1.754243
1.805918 1.754350
1.806154 1.755084
1.805413 1.755141
1.805626 1.755924
1.804908 1.755931
1.805097 1.756765
1.804402 1.756722
1.804569 1.757606
1.803897 1.757512
1.804040 1.758447
1.803392 1.758302
1.803512 1.759288
1.802886 1.759093
1.802983 1.760129
1.802381 1.759883
1.802454 1.760970
1.801876 1.760673
1.801926 1.761811
1.801370 1.761464
1.801397 1.762652
1.800865 1.762254
1.800869 1.763493
1.800360 1.763044
1.799854 1.763835
1.800340 1.764334
1.799349 1.764625
1.799812 1.765175
1.798844 1.765416
1.799283 1.766016
1.798338 1.766206
1.798755 1.766857
1.797833 1.766996
1.798226 1.767698
1.797327 1.767787
1.797698 1.768539
1.796822 1.768577
1.797169 1.769379
1.796317 1.769367
1.796640 1.770220
1.795811 1.770158
1.796112 1.771061
1.795306 1.770948
1.795583 1.771902
1.794801 1.771738
1.795055 1.772743
1.794295 1.772529
1.794526 1.773584
1.793790 1.773319
1.793998 1.774425
1.793285 1.774110
1.793469 1.775266
1.792779 1.774900
1.792941 1.776107
1.792274 1.775690
1.792412 1.776948
1.791769 1.776481
1.791884 1.777789
1.791263 1.777271
1.791355 1.778630
1.790758 1.778061
1.790253 1.778852
1.790826 1.779471
1.789747 1.779642
1.790298 1.780312
1.789242 1.780432
1.789769 1.781153
1.788736 1.781223
1.789241 1.781994
1.788231 1.782013
1.788712 1.782834
1.787726 1.782803
1.788184 1.783675
1.787220 1.783594
1.787655 1.784516
1.786715 1.784384
1.787127 1.785357
1.786210 1.785175
1.786598 1.786198
1.785704 1.785965
1.786070 1.787039
1.785199 1.786755
1.785541 1.787880
1.784694 1.787546
1.785012 1.788721
1.784188 1.788336
1.784484 1.789562
1.783683 1.789126
1.783955 1.790403
1.783178 1.789917
1.783427 1.791244
1.782672 1.790707
1.782898 1.792085
1.782167 1.791497
1.782370 1.792926
1.781662 1.792288
1.781841 1.793767
1.781156 1.793078
1.780651 1.793869
1.781313 1.794608
1.780145 1.794659
1.780784 1.795449
1.779640 1.795449
1.780256 1.796290
1.779135 1.796240
1.779727 1.797130
1.778629 1.797030
1.779199 1.797971
1.778124 1.797820
1.778670 1.798812
1.777619 1.798611
1.778141 1.799653
1.777113 1.799401
1.777613 1.800494
1.776608 1.800191
1.777084 1.801335
1.776103 1.800982
1.776556 1.802176
1.775597 1.801772
1.776027 1.803017
1.775092 1.802562
1.775499 1.803858
1.774587 1.803353
1.774970 1.804699
1.774081 1.804143
1.774442 1.805540
1.773576 1.804934
1.773913 1.806381
1.773071 1.805724
1.773385 1.807222
1.772565 1.806514
1.772856 1.808063
1.772060 1.807305
1.771554 1.808095
1.772327 1.808904
1.771049 1.808885
1.771799 1.809745
1.770544 1.809676
1.771270 1.810585
1.770038 1.810466
1.770742 1.811426
1.769533 1.811256
1.770213 1.812267
1.769028 1.812047
1.769685 1.813108
1.768522 1.812837
1.769156 1.813949
1.768017 1.813628
1.768628 1.814790
1.767512 1.814418
1.768099 1.815631
1.767006 1.815208
1.767571 1.816472
1.766501 1.815999
1.767042 1.817313
1.765996 1.816789
1.766513 1.818154
1.765490 1.817579
1.765985 1.818995
1.764985 1.818370
1.765456 1.819836
1.764480 1.819160
1.764928 1.820677
1.763974 1.819950
1.764399 1.821518
1.763469 1.820741
1.763871 1.822359
1.762963 1.821531
1.763342 1.823200
1.762458 1.822322
1.761953 1.823112
1.762814 1.824040
1.761447 1.823902
1.762285 1.824881
1.760942 1.824693
1.761757 1.825722
1.760437 1.825483
1.761228 1.826563
1.759931 1.826273
1.760699 1.827404
1.759426 1.827064
1.760171 1.828245
1.758921 1.827854
1.759642 1.829086
1.758415 1.828644
1.759114 1.829927
1.757910 1.829435
1.758585 1.830768
1.757405 1.830225
1.758057 1.831609
1.756899 1.831015
1.757528 1.832450
1.756394 1.831806
1.757000 1.833291
1.755889 1.832596
1.756471 1.834132
1.755383 1.833387
1.755943 1.834973
1.754878 1.834177
1.755414 1.835814
1.754372 1.834967
1.754885 1.836655
1.753867 1.835758
1.754357 1.837495
1.753362 1.836548
1.753828 1.838336
1.752856 1.837338
1.752351 1.838129
1.753300 1.839177
1.751846 1.838919
1.752771 1.840018
1.751340 1.839709
1.752243 1.840859
1.750835 1.840500
1.751714 1.841700
1.750330 1.841290
1.751186 1.842541
1.749824 1.842081
1.750657 1.843382
1.749319 1.842871
1.750129 1.844223
1.748814 1.843661
1.749600 1.845064
1.748308 1.844452
1.749072 1.845905
1.747803 1.845242
1.748543 1.846746
1.747298 1.846032
1.748014 1.847587
1.746792 1.846823
1.747486 1.848428
1.746287 1.847613
1.746957 1.849269
1.745781 1.848403
1.746429 1.850110
1.745276 1.849194
1.745900 1.850951
1.744771 1.849984
1.745372 1.851791
1.744265 1.850775
1.744843 1.852632
1.743760 1.851565
1.744315 1.853473
1.743255 1.852355
1.742749 1.853146
1.743786 1.854314
1.742244 1.853936
1.743258 1.855155
1.741739 1.854726
1.742729 1.855996
1.741233 1.855517
1.742200 1.856837
1.740728 1.856307
1.741672 1.857678
1.740223 1.857097
1.741143 1.858519
1.739717 1.857888
1.740615 1.859360
1.739212 1.858678
1.740086 1.860201
1.738707 1.859468
1.739558 1.861042
1.738201 1.860259
1.739029 1.861883
1.737696 1.861049
1.738501 1.862724
1.737190 1.861840
1.737972 1.863565
1.736685 1.862630
1.737444 1.864406
1.736180 1.863420
1.736915 1.865246
1.735674 1.864211
1.736386 1.866087
1.735169 1.865001
1.735858 1.866928
1.734664 1.865791
1.735329 1.867769
1.734158 1.866582
1.733653 1.867372
1.734801 1.868610
1.733148 1.868162
1.734272 1.869451
1.732642 1.868953
1.733744 1.870292
1.732137 1.869743
1.733215 1.871133
1.731632 1.870534
1.732687 1.871974
1.731126 1.871324
1.732158 1.872815
1.730621 1.872114
1.731630 1.873656
1.730116 1.872905
1.731101 1.874497
1.729610 1.873695
1.730572 1.875338
1.729105 1.874485
1.730044 1.876179
1.728599 1.875276
1.729515 1.877020
1.728094 1.876066
1.728987 1.877861
1.727589 1.876856
1.728458 1.878701
1.727083 1.877647
1.727930 1.879542
1.726578 1.878437
1.727401 1.880383
1.726073 1.879228
1.726873 1.881224
1.725567 1.880018
1.726344 1.882065
1.725062 1.880808
1.725816 1.882906
1.724557 1.881599
1.724051 1.882389
1.725287 1.883747
1.723546 1.883179
1.724759 1.884588
1.723041 1.883970
1.724230 1.885429
1.722535 1.884760
1.723701 1.886270
1.722030 1.885550
1.723173 1.887111
1.721525 1.886341
1.722644 1.887952
1.721019 1.887131
1.722116 1.888793
1.720514 1.887921
1.721587 1.889634
1.720008 1.888712
1.721059 1.890475
1.719503 1.889502
1.720530 1.891316
1.718998 1.890293
1.720002 1.892156
1.718492 1.891083
1.719473 1.892997
1.717987 1.891873
1.718945 1.893838
1.717482 1.892664
1.718416 1.894679
1.716976 1.893454
1.717887 1.895520
1.716471 1.894244
1.717359 1.896361
1.715966 1.895035
1.716830 1.897202
1.715460 1.895825
1.716302 1.898043
1.714955 1.896615
1.714450 1.897406
1.715773 1.898884
1.713944 1.898196
1.715245 1.899725
1.713439 1.898987
1.714716 1.900566
1.712934 1.899777
1.714188 1.901407
1.712428 1.900567
1.713659 1.902248
1.711923 1.901358
1.713131 1.903089
1.711417 1.902148
1.712602 1.903930
1.710912 1.902938
1.712073 1.904771
1.710407 1.903729
1.711545 1.905612
1.709901 1.904519
1.711016 1.906452
1.709396 1.905309
1.710488 1.907293
1.708891 1.906100
1.709959 1.908134
1.708385 1.906890
1.709431 1.908975
1.707880 1.907680
1.708902 1.909816
1.707375 1.908471
1.708374 1.910657
1.706869 1.909261
1.707845 1.911498
1.706364 1.910052
1.707317 1.912339
1.705859 1.910842
1.706788 1.913180
1.705353 1.911632
1.704848 1.912423
1.706259 1.914021
1.704343 1.913213
1.705731 1.914862
1.703837 1.914003
1.705202 1.915703
1.703332 1.914794
1.704674 1.916544
1.702826 1.915584
1.704145 1.917385
1.702321 1.916374
1.703617 1.918226
1.701816 1.917165
1.703088 1.919067
1.701310 1.917955
1.702560 1.919907
1.700805 1.918746
1.702031 1.920748
1.700300 1.919536
1.701503 1.921589
1.699794 1.920326
1.700974 1.922430
1.699289 1.921117
1.700445 1.923271
1.698784 1.921907
1.699917 1.924112
1.698278 1.922697
1.699388 1.924953
1.697773 1.923488
1.698860 1.925794
1.697268 1.924278
1.698331 1.926635
1.696762 1.925068
1.697803 1.927476
1.696257 1.925859
1.697274 1.928317
1.695752 1.926649
1.695246 1.927440
1.696746 1.929158
1.694741 1.928230
1.696217 1.929999
1.694235 1.929020
1.695689 1.930840
1.693730 1.929811
1.695160 1.931681
1.693225 1.930601
1.694632 1.932522
1.692719 1.931391
1.694103 1.933362
1.692214 1.932182
1.693574 1.934203
1.691709 1.932972
1.693046 1.935044
1.691203 1.933762
1.692517 1.935885
1.690698 1.934553
1.691989 1.936726
1.690193 1.935343
1.691460 1.937567
1.689687 1.936133
1.690932 1.938408
1.689182 1.936924
1.690403 1.939249
1.688677 1.937714
1.689875 1.940090
1.688171 1.938505
1.689346 1.940931
1.687666 1.939295
1.688818 1.941772
1.687161 1.940085
1.688289 1.942613
1.686655 1.940876
1.687760 1.943454
1.686150 1.941666
1.685644 1.942456
1.687232 1.944295
1.685139 1.943247
1.686703 1.945136
1.684634 1.944037
1.686175 1.945977
1.684128 1.944827
1.685646 1.946818
1.683623 1.945618
1.685118 1.947658
1.683118 1.946408
1.684589 1.948499
1.682612 1.947199
1.684061 1.949340
1.682107 1.947989
1.683532 1.950181
1.681602 1.948779
1.683004 1.951022
1.681096 1.949570
1.682475 1.951863
1.680591 1.950360
1.681946 1.952704
1.680086 1.951150
1.681418 1.953545
1.679580 1.951941
1.680889 1.954386
1.679075 1.952731
1.680361 1.955227
1.678569 1.953521
1.679832 1.956068
1.678064 1.954312
1.679304 1.956909
1.677559 1.955102
1.678775 1.957750
1.677053 1.955893
1.678247 1.958591
1.676548 1.956683
1.676043 1.957473
1.677718 1.959432
1.675537 1.958264
1.677190 1.960273
1.675032 1.959054
1.676661 1.961113
1.674527 1.959844
1.676132 1.961954
1.674021 1.960635
1.675604 1.962795
1.673516 1.961425
1.675075 1.963636
1.673011 1.962215
1.674547 1.964477
1.672505 1.963006
1.674018 1.965318
1.672000 1.963796
1.673490 1.966159
1.671495 1.964586
1.672961 1.967000
1.670989 1.965377
1.672433 1.967841
1.670484 1.966167
1.671904 1.968682
1.669978 1.966958
1.671376 1.969523
1.669473 1.967748
1.670847 1.970364
1.668968 1.968538
1.670319 1.971205
1.668462 1.969329
1.669790 1.972046
1.667957 1.970119
1.669261 1.972887
1.667452 1.970909
1.668733 1.973728
1.666946 1.971700
1.668204 1.974568
1.666441 1.972490
1.665936 1.973280
1.667676 1.975409
1.665430 1.974071
1.667147 1.976250
1.664925 1.974861
1.666619 1.977091
1.664420 1.975652
1.666090 1.977932
1.663914 1.976442
1.665562 1.978773
1.663409 1.977232
1.665033 1.979614
1.662904 1.978023
1.664505 1.980455
1.662398 1.978813
1.663976 1.981296
1.661893 1.979603
1.663447 1.982137
1.661387 1.980394
1.662919 1.982978
1.660882 1.981184
1.662390 1.983819
1.660377 1.981974
1.661862 1.984660
1.659871 1.982765
1.661333 1.985501
1.659366 1.983555
1.660805 1.986342
1.658861 1.984346
1.660276 1.987183
1.658355 1.985136
1.659748 1.988023
1.657850 1.985926
1.659219 1.988864
1.657345 1.986717
1.658691 1.989705
1.656839 1.987507
1.656334 1.988297
1.658162 1.990546
1.655829 1.989088
1.657633 1.991387
1.655323 1.989878
1.657105 1.992228
1.654818 1.990668
1.656576 1.993069
1.654313 1.991459
1.656048 1.993910
1.653807 1.992249
1.655519 1.994751
1.653302 1.993039
1.654991 1.995592
1.652796 1.993830
1.654462 1.996433
1.652291 1.994620
1.653934 1.997274
1.651786 1.995411
1.653405 1.998115
1.651280 1.996201
1.652877 1.998956
1.650775 1.996991
1.652348 1.999797
1.650270 1.997782
1.651819 2.000638
1.649764 1.998572
1.651291 2.001479
1.649259 1.999362
1.650762 2.002319
1.648754 2.000153
1.650234 2.003160
1.648248 2.000943
1.649705 2.004001
1.647743 2.001733
1.649177 2.004842
1.647238 2.002524
1.646732 2.003314
1.648648 2.005683
1.646227 2.004105
1.648120 2.006524
1.645722 2.004895
1.647591 2.007365
1.645216 2.005685
1.647063 2.008206
1.644711 2.006476
1.646534 2.009047
1.644205 2.007266
1.646005 2.009888
1.643700 2.008056
1.645477 2.010729
1.643195 2.008847
1.644948 2.011570
1.642689 2.009637
1.644420 2.012411
1.642184 2.010427
1.643891 2.013252
1.641679 2.011218
1.643363 2.014093
1.641173 2.012008
1.642834 2.014934
1.640668 2.012799
1.642306 2.015774
1.640163 2.013589
1.641777 2.016615
1.639657 2.014379
1.641249 2.017456
1.639152 2.015170
1.640720 2.018297
1.638647 2.015960
1.640192 2.019138
1.638141 2.016750
1.639663 2.019979
1.637636 2.017541
1.637131 2.018331
1.639134 2.020820
1.636625 2.019121
1.638606 2.021661
1.636120 2.019912
1.638077 2.022502
1.635614 2.020702
1.637549 2.023343
1.635109 2.021492
1.637020 2.024184
1.634604 2.022283
1.636492 2.025025
1.634098 2.023073
1.635963 2.025866
1.633593 2.023864
1.635435 2.026707
1.633088 2.024654
1.634906 2.027548
1.632582 2.025444
1.634378 2.028389
1.632077 2.026235
1.633849 2.029229
1.631572 2.027025
1.633320 2.030070
1.631066 2.027815
1.632792 2.030911
1.630561 2.028606
1.632263 2.031752
1.630056 2.029396
1.631735 2.032593
1.629550 2.030186
1.631206 2.033434
1.629045 2.030977
1.630678 2.034275
1.628540 2.031767
1.630149 2.035116
1.628034 2.032558
1.629621 2.035957
1.627529 2.033348
1.627023 2.034138
1.629092 2.036798
1.626518 2.034929
1.628564 2.037639
1.626013 2.035719
1.628035 2.038480
1.625507 2.036509
1.627506 2.039321
1.625002 2.037300
1.626978 2.040162
1.624497 2.038090
1.626449 2.041003
1.623991 2.038880
1.625921 2.041844
1.623486 2.039671
1.625392 2.042684
1.622981 2.040461
1.624864 2.043525
1.622475 2.041251
1.624335 2.044366
1.621970 2.042042
1.623807 2.045207
1.621465 2.042832
1.623278 2.046048
1.620959 2.043623
1.622750 2.046889
1.620454 2.044413
1.622221 2.047730
1.619949 2.045203
1.621692 2.048571
1.619443 2.045994
1.621164 2.049412
1.618938 2.046784
1.620635 2.050253
1.618432 2.047574
1.620107 2.051094
1.617927 2.048365
1.617422 2.049155
1.619578 2.051935
1.616916 2.049945
1.619050 2.052776
1.616411 2.050736
1.618521 2.053617
1.615906 2.051526
1.617993 2.054458
1.615400 2.052317
1.617464 2.055299
1.614895 2.053107
1.616936 2.056140
1.614390 2.053897
1.616407 2.056980
1.613884 2.054688
1.615879 2.057821
1.613379 2.055478
1.615350 2.058662
1.612874 2.056268
1.614821 2.059503
1.612368 2.057059
1.614293 2.060344
1.611863 2.057849
1.613764 2.061185
1.611358 2.058639
1.613236 2.062026
1.610852 2.059430
1.612707 2.062867
1.610347 2.060220
1.612179 2.063708
1.609841 2.061011
1.611650 2.064549
1.609336 2.061801
1.611122 2.065390
1.608831 2.062591
1.610593 2.066231
1.608325 2.063382
1.607820 2.064172
1.610065 2.067072
1.607315 2.064962
1.609536 2.067913
1.606809 2.065753
1.609007 2.068754
1.606304 2.066543
1.608479 2.069595
1.605799 2.067333
1.607950 2.070435
1.605293 2.068124
1.607422 2.071276
1.604788 2.068914
1.606893 2.072117
1.604283 2.069704
1.606365 2.072958
1.603777 2.070495
1.605836 2.073799
1.603272 2.071285
1.605308 2.074640
1.602767 2.072076
1.604779 2.075481
1.602261 2.072866
1.604251 2.076322
1.601756 2.073656
1.603722 2.077163
1.601250 2.074447
1.603193 2.078004
1.600745 2.075237
1.602665 2.078845
1.600240 2.076027
1.602136 2.079686
1.599734 2.076818
1.601608 2.080527
1.599229 2.077608
1.601079 2.081368
1.598724 2.078398
1.600551 2.082209
1.598218 2.079189
1.597713 2.079979
1.600022 2.083050
1.597208 2.080770
1.599494 2.083890
1.596702 2.081560
1.598965 2.084731
1.596197 2.082350
1.598437 2.085572
1.595692 2.083141
1.597908 2.086413
1.595186 2.083931
1.597379 2.087254
1.594681 2.084721
1.596851 2.088095
1.594176 2.085512
1.596322 2.088936
1.593670 2.086302
1.595794 2.089777
1.593165 2.087092
1.595265 2.090618
1.592659 2.087883
1.594737 2.091459
1.592154 2.088673
1.594208 2.092300
1.591649 2.089464
1.593680 2.093141
1.591143 2.090254
1.593151 2.093982
1.590638 2.091044
1.592623 2.094823
1.590133 2.091835
1.592094 2.095664
1.589627 2.092625
1.591565 2.096505
1.589122 2.093415
1.591037 2.097346
1.588617 2.094206
1.588111 2.094996
1.590508 2.098186
1.587606 2.095786
1.589980 2.099027
1.587101 2.096577
1.589451 2.099868
1.586595 2.097367
1.588923 2.100709
1.586090 2.098157
1.588394 2.101550
1.585585 2.098948
1.587866 2.102391
1.585079 2.099738
1.587337 2.103232
1.584574 2.100529
1.586809 2.104073
1.584068 2.101319
1.586280 2.104914
1.583563 2.102109
1.585752 2.105755
1.583058 2.102900
1.585223 2.106596
1.582552 2.103690
1.584694 2.107437
1.582047 2.104480
1.584166 2.108278
1.581542 2.105271
1.583637 2.109119
1.581036 2.106061
1.583109 2.109960
1.580531 2.106851
1.582580 2.110801
1.580026 2.107642
1.582052 2.111641
1.579520 2.108432
1.581523 2.112482
1.579015 2.109223
1.580995 2.113323
1.578510 2.110013
1.578004 2.110803
1.580466 2.114164
1.577499 2.111594
1.579938 2.115005
1.576994 2.112384
1.579409 2.115846
1.576488 2.113174
1.578880 2.116687
1.575983 2.113965
1.578352 2.117528
1.575477 2.114755
1.577823 2.118369
1.574972 2.115545
1.577295 2.119210
1.574467 2.116336
1.576766 2.120051
1.573961 2.117126
1.576238 2.120892
1.573456 2.117917
1.575709 2.121733
1.572951 2.118707
1.575181 2.122574
1.572445 2.119497
1.574652 2.123415
1.571940 2.120288
1.574124 2.124256
1.571435 2.121078
1.573595 2.125096
1.570929 2.121868
1.573066 2.125937
1.570424 2.122659
1.572538 2.126778
1.569919 2.123449
1.572009 2.127619
1.569413 2.124239
1.571481 2.128460
1.568908 2.125030
1.568403 2.125820
1.570952 2.129301
1.567897 2.126610
1.570424 2.130142
1.567392 2.127401
1.569895 2.130983
1.566886 2.128191
1.569367 2.131824
1.566381 2.128982
1.568838 2.132665
1.565876 2.129772
1.568310 2.133506
1.565370 2.130562
1.567781 2.134347
1.564865 2.131353
1.567252 2.135188
1.564360 2.132143
1.566724 2.136029
1.563854 2.132933
1.566195 2.136870
1.563349 2.133724
1.565667 2.137711
1.562844 2.134514
1.565138 2.138551
1.562338 2.135304
1.564610 2.139392
1.561833 2.136095
1.564081 2.140233
1.561328 2.136885
1.563553 2.141074
1.560822 2.137676
1.563024 2.141915
1.560317 2.138466
1.562496 2.142756
1.559812 2.139256
1.561967 2.143597
1.559306 2.140047
1.561439 2.144438
1.558801 2.140837
1.558295 2.141627
1.560910 2.145279
1.557790 2.142418
1.560381 2.146120
1.557285 2.143208
1.559853 2.146961
1.556779 2.143998
1.559324 2.147802
1.556274 2.144789
1.558796 2.148643
1.555769 2.145579
1.558267 2.149484
1.555263 2.146369
1.557739 2.150325
1.554758 2.147160
1.557210 2.151166
1.554253 2.147950
1.556682 2.152007
1.553747 2.148741
1.556153 2.152847
1.553242 2.149531
1.555625 2.153688
1.552737 2.150321
1.555096 2.154529
1.552231 2.151112
1.554567 2.155370
1.551726 2.151902
1.554039 2.156211
1.551221 2.152692
1.553510 2.157052
1.550715 2.153483
1.552982 2.157893
1.550210 2.154273
1.552453 2.158734
1.549704 2.155063
1.551925 2.159575
1.549199 2.155854
1.548694 2.156644
1.551396 2.160416
1.548188 2.157435
1.550868 2.161257
1.547683 2.158225
1.550339 2.162098
1.547178 2.159015
1.549811 2.162939
1.546672 2.159806
1.549282 2.163780
1.546167 2.160596
1.548753 2.164621
1.545662 2.161386
1.548225 2.165462
1.545156 2.162177
1.547696 2.166302
1.544651 2.162967
1.547168 2.167143
1.544146 2.163757
1.546639 2.167984
1.543640 2.164548
1.546111 2.168825
1.543135 2.165338
1.545582 2.169666
1.542629 2.166129
1.545054 2.170507
1.542124 2.166919
1.544525 2.171348
1.541619 2.167709
1.543997 2.172189
1.541113 2.168500
1.543468 2.173030
1.540608 2.169290
1.542939 2.173871
1.540103 2.170080
1.539979 2.170305
1.539854 2.170530
1.539730 2.170755
1.542411 2.174712
1.539606 2.170979
1.539482 2.171204
1.539358 2.171429
1.539234 2.171653
1.541882 2.175553
1.539110 2.171878
1.538986 2.172103
1.538861 2.172328
1.538737 2.172552
1.541354 2.176394
1.538613 2.172777
1.538489 2.173002
1.538365 2.173227
1.538241 2.173451
1.540825 2.177235
1.538117 2.173676
1.537992 2.173901
1.537868 2.174125
1.537744 2.174350
1.540297 2.178076
1.537620 2.174575
1.537496 2.174800
1.537372 2.175024
1.537248 2.175249
1.539768 2.178917
1.537123 2.175474
1.536999 2.175699
1.536875 2.175923
1.536751 2.176148
1.539240 2.179757
1.536627 2.176373
1.536503 2.176598
1.536379 2.176822
1.536255 2.177047
1.538711 2.180598
1.536130 2.177272
1.536006 2.177496
1.535882 2.177721
1.535758 2.177946
1.538183 2.181439
1.535634 2.178171
1.535510 2.178395
1.535386 2.178620
1.535261 2.178845
1.537654 2.182280
1.535137 2.179070
1.535013 2.179294
1.534889 2.179519
1.534765 2.179744
1.537126 2.183121
1.534641 2.179968
1.534517 2.180193
1.534393 2.180418
1.534268 2.180643
1.536597 2.183962
1.534144 2.180867
1.534020 2.181092
1.533896 2.181317
1.536068 2.184803
1.533772 2.181542
1.533648 2.181766
1.533524 2.181991
1.533399 2.182216
1.535540 2.185644
1.533275 2.182441
1.533151 2.182665
1.533027 2.182890
1.532903 2.183115
1.535011 2.186485
1.532779 2.183339
1.532655 2.183564
1.532531 2.183789
1.532406 2.184014
1.534483 2.187326
1.532282 2.184238
1.532158 2.184463
1.532034 2.184688
1.531910 2.184913
1.533954 2.188167
1.531786 2.185137
1.531662 2.185362
1.531537 2.185587
1.531413 2.185811
1.533426 2.189008
1.531289 2.186036
1.531165 2.186261
1.531041 2.186486
1.530917 2.186710
1.532897 2.189849
1.530793 2.186935
1.530668 2.187160
1.530544 2.187385
1.530420 2.187609
1.532369 2.190690
1.530296 2.187834
1.530172 2.188059
1.530048 2.188284
1.529924 2.188508
1.531840 2.191531
1.529800 2.188733
1.529675 2.188958
1.529551 2.189182
1.529427 2.189407
1.531312 2.192372
1.529303 2.189632
1.529179 2.189857
1.529055 2.190081
1.528931 2.190306
1.530783 2.193212
1.528806 2.190531
1.528682 2.190756
1.528558 2.190980
1.528434 2.191205
1.530254 2.194053
1.528310 2.191430
1.528186 2.191654
1.528062 2.191879
1.527938 2.192104
1.529726 2.194894
1.527813 2.192329
1.527689 2.192553
1.527565 2.192778
1.527441 2.193003
1.529197 2.195735
1.527317 2.193228
1.527193 2.193452
1.527069 2.193677
1.526944 2.193902
1.528669 2.196576
1.526820 2.194127
1.526696 2.194351
1.526572 2.194576
1.526448 2.194801
1.528140 2.197417
1.526324 2.195025
1.526200 2.195250
1.526076 2.195475
1.525951 2.195700
1.527612 2.198258
1.525827 2.195924
1.525703 2.196149
1.525579 2.196374
1.525455 2.196599
1.527083 2.199099
1.525331 2.196823
1.525207 2.197048
1.525082 2.197273
1.524958 2.197497
1.526555 2.199940
1.524834 2.197722
1.524710 2.197947
1.524586 2.198172
1.524462 2.198396
1.526026 2.200781
1.524338 2.198621
1.524213 2.198846
1.524089 2.199071
1.523965 2.199295
1.525498 2.201622
1.523841 2.199520
1.523717 2.199745
1.523593 2.199970
1.523469 2.200194
1.524969 2.202463
1.523345 2.200419
1.523220 2.200644
1.523096 2.200868
1.522972 2.201093
1.524440 2.203304
1.522848 2.201318
1.522724 2.201543
1.522600 2.201767
1.522476 2.201992
1.523912 2.204145
1.522351 2.202217
1.522227 2.202442
1.522103 2.202666
1.521979 2.202891
1.523383 2.204986
1.521855 2.203116
1.521731 2.203340
1.521607 2.203565
1.521483 2.203790
1.522855 2.205827
1.521358 2.204015
1.521234 2.204239
1.521110 2.204464
1.520986 2.204689
1.522326 2.206668
1.520862 2.204914
1.520738 2.205138
1.520614 2.205363
1.520489 2.205588
1.521798 2.207508
1.520365 2.205812
1.520241 2.206037
1.520117 2.206262
1.519993 2.206487
1.521269 2.208349
1.519869 2.206711
1.519745 2.206936
1.519620 2.207161
1.520741 2.209190
1.519496 2.207386
1.519372 2.207610
1.519248 2.207835
1.519124 2.208060
1.520212 2.210031
1.519000 2.208285
1.518876 2.208509
1.518752 2.208734
1.518627 2.208959
1.519684 2.210872
1.518503 2.209183
1.518379 2.209408
1.518255 2.209633
1.518131 2.209858
1.519155 2.211713
1.518007 2.210082
1.517883 2.210307
1.517758 2.210532
1.517634 2.210757
1.518626 2.212554
1.517510 2.210981
1.517386 2.211206
1.517262 2.211431
1.517138 2.211655
1.518098 2.213395
1.517014 2.211880
1.516890 2.212105
1.516765 2.212330
1.516641 2.212554
1.517569 2.214236
1.516517 2.212779
1.516393 2.213004
1.516269 2.213229
1.516145 2.213453
1.517041 2.215077
1.516021 2.213678
1.515896 2.213903
1.515772 2.214128
1.515648 2.214352
1.516512 2.215918
1.515524 2.214577
1.515400 2.214802
1.515276 2.215026
1.515152 2.215251
1.515984 2.216759
1.515028 2.215476
1.514903 2.215701
1.514779 2.215925
1.514655 2.216150
1.515455 2.217600
1.514531 2.216375
1.514407 2.216600
1.514283 2.216824
1.514159 2.217049
1.514927 2.218441
1.514034 2.217274
1.513910 2.217498
1.513786 2.217723
1.513662 2.217948
1.514398 2.219282
1.513538 2.218173
1.513414 2.218397
1.513290 2.218622
1.513165 2.218847
1.513870 2.220123
1.513041 2.219072
1.512917 2.219296
1.512793 2.219521
1.512669 2.219746
1.513341 2.220963
1.512545 2.219971
1.512421 2.220195
1.512297 2.220420
1.512172 2.220645
1.512812 2.221804
1.512048 2.220869
1.511924 2.221094
1.511800 2.221319
1.511676 2.221544
1.512284 2.222645
1.511552 2.221768
1.511428 2.221993
1.511303 2.222218
1.511179 2.222443
1.511755 2.223486
1.511055 2.222667
1.510931 2.222892
1.510807 2.223117
1.510683 2.223341
1.511227 2.224327
1.510559 2.223566
1.510435 2.223791
1.510310 2.224016
1.510186 2.224240
1.510698 2.225168
1.510062 2.224465
1.509938 2.224690
1.509814 2.224915
1.509690 2.225139
1.510170 2.226009
1.509566 2.225364
1.509441 2.225589
1.509317 2.225814
1.509193 2.226038
1.509641 2.226850
1.509069 2.226263
1.508945 2.226488
1.508821 2.226712
1.508697 2.226937
1.509113 2.227691
1.508572 2.227162
1.508448 2.227387
1.508324 2.227611
1.508200 2.227836
1.508584 2.228532
1.508076 2.228061
1.507952 2.228286
1.507828 2.228510
1.507704 2.228735
1.508056 2.229373
1.507579 2.228960
1.507455 2.229184
1.507331 2.229409
1.507207 2.229634
1.507527 2.230214
1.507083 2.229859
1.506959 2.230083
1.506835 2.230308
1.506710 2.230533
1.506999 2.231055
1.506586 2.230758
1.506462 2.230982
1.506338 2.231207
1.506214 2.231432
1.506470 2.231896
1.506090 2.231657
1.505966 2.231881
1.505842 2.232106
1.505717 2.232331
1.505941 2.232737
1.505593 2.232555
1.505469 2.232780
1.505345 2.233005
1.505221 2.233230
1.505413 2.233578
1.505097 2.233454
1.504973 2.233679
1.504848 2.233904
1.504724 2.234129
1.504884 2.234418
1.504600 2.234353
1.504476 2.234578
1.504352 2.234803
1.504228 2.235027
1.504356 2.235259
1.504104 2.235252
1.503980 2.235477
1.503855 2.235702
1.503731 2.235926
1.503827 2.236100
1.503607 2.236151
1.503483 2.236376
1.503359 2.236601
1.503235 2.236825
1.503299 2.236941
1.503111 2.237050
1.502986 2.237275
1.502862 2.237500
1.502738 2.237724
1.502770 2.237782
1.502614 2.237949
1.502490 2.238174