3.019073 -2.423542
3.019050 -2.423288
3.019026 -2.423034
3.019002 -2.422780
3.019007 -2.422553
3.018979 -2.422527
3.018955 -2.422273
3.018932 -2.422019
3.018908 -2.421765
3.018941 -2.421565
3.018884 -2.421511
3.018861 -2.421258
3.018837 -2.421004
3.018814 -2.420750
3.018874 -2.420576
3.018790 -2.420496
3.018766 -2.420242
3.018743 -2.419988
3.018719 -2.419735
3.018808 -2.419587
3.018696 -2.419481
3.018672 -2.419227
3.018648 -2.418973
3.018625 -2.418719
3.018742 -2.418599
3.018601 -2.418466
3.018578 -2.418212
3.018554 -2.417958
3.018530 -2.417704
3.018676 -2.417610
3.018507 -2.417450
3.018483 -2.417196
3.018460 -2.416943
3.018436 -2.416689
3.018609 -2.416621
3.018412 -2.416435
3.018389 -2.416181
3.018365 -2.415927
3.018341 -2.415674
3.018543 -2.415633
3.018318 -2.415420
3.018294 -2.415166
3.018271 -2.414912
3.018247 -2.414658
3.018477 -2.414644
3.018223 -2.414404
3.018200 -2.414151
3.018176 -2.413897
3.018153 -2.413643
3.018410 -2.413655
3.018129 -2.413389
3.018105 -2.413135
3.018082 -2.412882
3.018058 -2.412628
3.018344 -2.412667
3.018035 -2.412374
3.018011 -2.412120
3.017987 -2.411866
3.017964 -2.411612
3.018278 -2.411678
3.017940 -2.411359
3.017917 -2.411105
3.017893 -2.410851
3.017869 -2.410597
3.018211 -2.410690
3.017846 -2.410343
3.017822 -2.410090
3.017798 -2.409836
3.017775 -2.409582
3.018145 -2.409701
3.017751 -2.409328
3.017728 -2.409074
3.017704 -2.408820
3.017680 -2.408567
3.018079 -2.408712
3.017657 -2.408313
3.017633 -2.408059
3.017610 -2.407805
3.017586 -2.407551
3.018013 -2.407724
3.017562 -2.407298
3.017539 -2.407044
3.017515 -2.406790
3.017492 -2.406536
3.017946 -2.406735
3.017468 -2.406282
3.017444 -2.406028
3.017421 -2.405775
3.017397 -2.405521
3.017880 -2.405746
3.017374 -2.405267
3.017350 -2.405013
3.017326 -2.404759
3.017303 -2.404505
3.017814 -2.404758
3.017279 -2.404252
3.017256 -2.403998
3.017232 -2.403744
3.017208 -2.403490
3.017747 -2.403769
3.017185 -2.403236
3.017161 -2.402983
3.017137 -2.402729
3.017114 -2.402475
3.017681 -2.402780
3.017090 -2.402221
3.017067 -2.401967
3.017043 -2.401713
3.017019 -2.401460
3.017615 -2.401792
3.016996 -2.401206
3.016972 -2.400952
3.016949 -2.400698
3.016925 -2.400444
3.017548 -2.400803
3.016901 -2.400191
3.016878 -2.399937
3.016854 -2.399683
3.016831 -2.399429
3.017482 -2.399814
3.016807 -2.399175
3.016783 -2.398921
3.016760 -2.398668
3.016736 -2.398414
3.017416 -2.398826
3.016713 -2.398160
3.016689 -2.397906
3.016665 -2.397652
3.016642 -2.397399
3.017350 -2.397837
3.016618 -2.397145
3.016594 -2.396891
3.016571 -2.396637
3.016547 -2.396383
3.017283 -2.396848
3.016524 -2.396129
3.016500 -2.395876
3.016476 -2.395622
3.016453 -2.395368
3.017217 -2.395860
3.016429 -2.395114
3.016406 -2.394860
3.016382 -2.394607
3.016358 -2.394353
3.017151 -2.394871
3.016335 -2.394099
3.016311 -2.393845
3.016288 -2.393591
3.016264 -2.393337
3.017084 -2.393883
3.016240 -2.393084
3.016217 -2.392830
3.016193 -2.392576
3.016170 -2.392322
3.017018 -2.392894
3.016146 -2.392068
3.016122 -2.391815
3.016099 -2.391561
3.016075 -2.391307
3.016952 -2.391905
3.016052 -2.391053
3.016028 -2.390799
3.016004 -2.390545
3.015981 -2.390292
3.016885 -2.390917
3.015957 -2.390038
3.015933 -2.389784
3.015910 -2.389530
3.015886 -2.389276
3.016819 -2.389928
3.015863 -2.389023
3.015839 -2.388769
3.015815 -2.388515
3.015792 -2.388261
3.016753 -2.388939
3.015768 -2.388007
3.015745 -2.387753
3.015721 -2.387500
3.015697 -2.387246
3.016687 -2.387951
3.015674 -2.386992
3.015650 -2.386738
3.015627 -2.386484
3.015603 -2.386231
3.016620 -2.386962
3.015579 -2.385977
3.015556 -2.385723
3.015532 -2.385469
3.015509 -2.385215
3.016554 -2.385973
3.015485 -2.384961
3.015461 -2.384708
3.015438 -2.384454
3.015414 -2.384200
3.016488 -2.384985
3.015390 -2.383946
3.015367 -2.383692
3.015343 -2.383439
3.015320 -2.383185
3.016421 -2.383996
3.015296 -2.382931
3.015272 -2.382677
3.015249 -2.382423
3.015225 -2.382169
3.016355 -2.383007
3.015202 -2.381916
3.015178 -2.381662
3.015154 -2.381408
3.015131 -2.381154
3.016289 -2.382019
3.015107 -2.380900
3.015084 -2.380647
3.015060 -2.380393
3.015036 -2.380139
3.016222 -2.381030
3.015013 -2.379885
3.014989 -2.379631
3.014966 -2.379377
3.014942 -2.379124
3.016156 -2.380042
3.014918 -2.378870
3.014895 -2.378616
3.014871 -2.378362
3.014848 -2.378108
3.016090 -2.379053
3.014824 -2.377855
3.014800 -2.377601
3.014777 -2.377347
3.014753 -2.377093
3.016024 -2.378064
3.014729 -2.376839
3.014706 -2.376585
3.014682 -2.376332
3.014659 -2.376078
3.015957 -2.377076
3.014635 -2.375824
3.014611 -2.375570
3.014588 -2.375316
3.014564 -2.375063
3.015891 -2.376087
3.014541 -2.374809
3.014517 -2.374555
3.014493 -2.374301
3.014470 -2.374047
3.015825 -2.375098
3.014446 -2.373793
3.014423 -2.373540
3.014399 -2.373286
3.014375 -2.373032
3.015758 -2.374110
3.014352 -2.372778
3.014328 -2.372524
3.014305 -2.372271
3.014281 -2.372017
3.015692 -2.373121
3.014257 -2.371763
3.014234 -2.371509
3.014210 -2.371255
3.014186 -2.371001
3.015626 -2.372132
3.014163 -2.370748
3.014139 -2.370494
3.014116 -2.370240
3.015559 -2.371144
3.014092 -2.369986
3.014068 -2.369732
3.014045 -2.369479
3.014021 -2.369225
3.015493 -2.370155
3.013998 -2.368971
3.013974 -2.368717
3.013950 -2.368463
3.013927 -2.368209
3.015427 -2.369166
3.013903 -2.367956
3.013880 -2.367702
3.013856 -2.367448
3.013832 -2.367194
3.015361 -2.368178
3.013809 -2.366940
3.013785 -2.366687
3.013762 -2.366433
3.013738 -2.366179
3.015294 -2.367189
3.013714 -2.365925
3.013691 -2.365671
3.013667 -2.365417
3.013644 -2.365164
3.015228 -2.366200
3.013620 -2.364910
3.013596 -2.364656
3.013573 -2.364402
3.013549 -2.364148
3.015162 -2.365212
3.013525 -2.363894
3.013502 -2.363641
3.013478 -2.363387
3.013455 -2.363133
3.015095 -2.364223
3.013431 -2.362879
3.013407 -2.362625
3.013384 -2.362372
3.013360 -2.362118
3.015029 -2.363235
3.013337 -2.361864
3.013313 -2.361610
3.013289 -2.361356
3.013266 -2.361102
3.014963 -2.362246
3.013242 -2.360849
3.013219 -2.360595
3.013195 -2.360341
3.013171 -2.360087
3.014896 -2.361257
3.013148 -2.359833
3.013124 -2.359580
3.013101 -2.359326
3.013077 -2.359072
3.014830 -2.360269
3.013053 -2.358818
3.013030 -2.358564
3.013006 -2.358310
3.012982 -2.358057
3.014764 -2.359280
3.012959 -2.357803
3.012935 -2.357549
3.012912 -2.357295
3.012888 -2.357041
3.014698 -2.358291
3.012864 -2.356788
3.012841 -2.356534
3.012817 -2.356280
3.012794 -2.356026
3.014631 -2.357303
3.012770 -2.355772
3.012746 -2.355518
3.012723 -2.355265
3.012699 -2.355011
3.014565 -2.356314
3.012676 -2.354757
3.012652 -2.354503
3.012628 -2.354249
3.012605 -2.353996
3.014499 -2.355325
3.012581 -2.353742
3.012558 -2.353488
3.012534 -2.353234
3.012510 -2.352980
3.014432 -2.354337
3.012487 -2.352726
3.012463 -2.352473
3.012440 -2.352219
3.012416 -2.351965
3.014366 -2.353348
3.012392 -2.351711
3.012369 -2.351457
3.012345 -2.351204
3.012321 -2.350950
3.014300 -2.352359
3.012298 -2.350696
3.012274 -2.350442
3.012251 -2.350188
3.012227 -2.349934
3.014234 -2.351371
3.012203 -2.349681
3.012180 -2.349427
3.012156 -2.349173
3.012133 -2.348919
3.014167 -2.350382
3.012109 -2.348665
3.012085 -2.348412
3.012062 -2.348158
3.012038 -2.347904
3.014101 -2.349394
3.012015 -2.347650
3.011991 -2.347396
3.011967 -2.347142
3.011944 -2.346889
3.014035 -2.348405
3.011920 -2.346635
3.011897 -2.346381
3.011873 -2.346127
3.011849 -2.345873
3.013968 -2.347416
3.011826 -2.345620
3.011802 -2.345366
3.011778 -2.345112
3.011755 -2.344858
3.013902 -2.346428
3.011731 -2.344604
3.011708 -2.344350
3.011684 -2.344097
3.011660 -2.343843
3.013836 -2.345439
3.011637 -2.343589
3.011613 -2.343335
3.011590 -2.343081
3.011566 -2.342828
3.013769 -2.344450
3.011542 -2.342574
3.011519 -2.342320
3.011495 -2.342066
3.011472 -2.341812
3.013703 -2.343462
3.011448 -2.341558
3.011424 -2.341305
3.011401 -2.341051
3.011377 -2.340797
3.013637 -2.342473
3.011354 -2.340543
3.011330 -2.340289
3.011306 -2.340036
3.011283 -2.339782
3.013571 -2.341484
3.011259 -2.339528
3.011236 -2.339274
3.011212 -2.339020
3.011188 -2.338766
3.013504 -2.340496
3.011165 -2.338513
3.011141 -2.338259
3.011117 -2.338005
3.011094 -2.337751
3.013438 -2.339507
3.011070 -2.337497
3.011047 -2.337244
3.011023 -2.336990
3.010999 -2.336736
3.013372 -2.338518
3.010976 -2.336482
3.010952 -2.336228
3.010929 -2.335974
3.010905 -2.335721
3.013305 -2.337530
3.010881 -2.335467
3.010858 -2.335213
3.010834 -2.334959
3.010811 -2.334705
3.013239 -2.336541
3.010787 -2.334452
3.010763 -2.334198
3.010740 -2.333944
3.010716 -2.333690
3.013173 -2.335552
3.010693 -2.333436
3.010669 -2.333182
3.010645 -2.332929
3.010622 -2.332675
3.013106 -2.334564
3.010598 -2.332421
3.010574 -2.332167
3.010551 -2.331913
3.010527 -2.331660
3.013040 -2.333575
3.010504 -2.331406
3.010480 -2.331152
3.010456 -2.330898
3.010433 -2.330644
3.012974 -2.332587
3.010379 -2.329776
3.012908 -2.331598
3.010325 -2.328908
3.012841 -2.330609
3.010271 -2.328040
3.012775 -2.329621
3.010218 -2.327172
3.012709 -2.328632
3.010164 -2.326304
3.012642 -2.327643
3.010110 -2.325436
3.012576 -2.326655
3.010056 -2.324568
3.012510 -2.325666
3.010002 -2.323700
3.009948 -2.322832
3.012443 -2.324677
3.009895 -2.321964
3.012377 -2.323689
3.009841 -2.321096
3.012311 -2.322700
3.009787 -2.320228
3.012245 -2.321711
3.009733 -2.319360
3.012178 -2.320723
3.009679 -2.318491
3.012112 -2.319734
3.009626 -2.317623
3.012046 -2.318746
3.009572 -2.316755
3.009518 -2.315887
3.011979 -2.317757
3.009464 -2.315019
3.011913 -2.316768
3.009410 -2.314151
3.011847 -2.315780
3.009356 -2.313283
3.011780 -2.314791
3.009303 -2.312415
3.011714 -2.313802
3.009249 -2.311547
3.011648 -2.312814
3.009195 -2.310679
3.011582 -2.311825
3.009141 -2.309811
3.011515 -2.310836
3.009087 -2.308943
3.009034 -2.308075
3.011449 -2.309848
3.008980 -2.307207
3.011383 -2.308859
3.008926 -2.306339
3.011316 -2.307870
3.008872 -2.305471
3.011250 -2.306882
3.008818 -2.304603
3.011184 -2.305893
3.008764 -2.303735
3.011117 -2.304904
3.008711 -2.302866
3.011051 -2.303916
3.008657 -2.301998
3.008603 -2.301130
3.010985 -2.302927
3.008549 -2.300262
3.010919 -2.301939
3.008495 -2.299394
3.010852 -2.300950
3.008441 -2.298526
3.010786 -2.299961
3.008388 -2.297658
3.010720 -2.298973
3.008334 -2.296790
3.010653 -2.297984
3.008280 -2.295922
3.010587 -2.296995
3.008226 -2.295054
3.010521 -2.296007
3.008172 -2.294186
3.008119 -2.293318
3.010454 -2.295018
3.008065 -2.292450
3.010388 -2.294029
3.008011 -2.291582
3.010322 -2.293041
3.007957 -2.290714
3.010256 -2.292052
3.007903 -2.289846
3.010189 -2.291063
3.007849 -2.288978
3.010123 -2.290075
3.007796 -2.288110
3.010057 -2.289086
3.007742 -2.287242
3.007688 -2.286373
3.009990 -2.288098
3.007634 -2.285505
3.009924 -2.287109
3.007580 -2.284637
3.009858 -2.286120
3.007527 -2.283769
3.009792 -2.285132
3.007473 -2.282901
3.009725 -2.284143
3.007419 -2.282033
3.009659 -2.283154
3.007365 -2.281165
3.009593 -2.282166
3.007311 -2.280297
3.009526 -2.281177
3.007257 -2.279429
3.007204 -2.278561
3.009460 -2.280188
3.007150 -2.277693
3.009394 -2.279200
3.007096 -2.276825
3.009327 -2.278211
3.007042 -2.275957
3.009261 -2.277222
3.006988 -2.275089
3.009195 -2.276234
3.006935 -2.274221
3.009129 -2.275245
3.006881 -2.273353
3.009062 -2.274256
3.006827 -2.272485
3.006773 -2.271617
3.008996 -2.273268
3.006719 -2.270748
3.008930 -2.272279
3.006665 -2.269880
3.008863 -2.271291
3.006612 -2.269012
3.008797 -2.270302
3.006558 -2.268144
3.008731 -2.269313
3.006504 -2.267276
3.008664 -2.268325
3.006450 -2.266408
3.008598 -2.267336
3.006396 -2.265540
3.008532 -2.266347
3.006342 -2.264672
3.006289 -2.263804
3.008466 -2.265359
3.006235 -2.262936
3.008399 -2.264370
3.006181 -2.262068
3.008333 -2.263381
3.006127 -2.261200
3.008267 -2.262393
3.006073 -2.260332
3.008200 -2.261404
3.006020 -2.259464
3.008134 -2.260415
3.005966 -2.258596
3.008068 -2.259427
3.005912 -2.257728
3.005858 -2.256860
3.008001 -2.258438
3.005804 -2.255992
3.007935 -2.257450
3.005750 -2.255123
3.007869 -2.256461
3.005697 -2.254255
3.007803 -2.255472
3.005643 -2.253387
3.007736 -2.254484
3.005589 -2.252519
3.007670 -2.253495
3.005535 -2.251651
3.007604 -2.252506
3.005481 -2.250783
3.007537 -2.251518
3.005428 -2.249915
3.005374 -2.249047
3.007471 -2.250529
3.005320 -2.248179
3.007405 -2.249540
3.005266 -2.247311
3.007338 -2.248552
3.005212 -2.246443
3.007272 -2.247563
3.005158 -2.245575
3.007206 -2.246574
3.005105 -2.244707
3.007140 -2.245586
3.005051 -2.243839
3.007073 -2.244597
3.004997 -2.242971
3.004943 -2.242103
3.007007 -2.243608
3.004889 -2.241235
3.006941 -2.242620
3.004836 -2.240367
3.006874 -2.241631
3.004782 -2.239499
3.006808 -2.240643
3.004728 -2.238630
3.006742 -2.239654
3.004674 -2.237762
3.006675 -2.238665
3.004620 -2.236894
3.006609 -2.237677
3.004566 -2.236026
3.006543 -2.236688
3.004513 -2.235158
3.004459 -2.234290
3.006477 -2.235699
3.004405 -2.233422
3.006410 -2.234711
3.004351 -2.232554
3.006344 -2.233722
3.004297 -2.231686
3.006278 -2.232733
3.004243 -2.230818
3.006211 -2.231745
3.004190 -2.229950
3.006145 -2.230756
3.004136 -2.229082
3.006079 -2.229767
3.004082 -2.228214
3.004028 -2.227346
3.006012 -2.228779
3.003974 -2.226478
3.005946 -2.227790
3.003921 -2.225610
3.005880 -2.226802
3.003867 -2.224742
3.005814 -2.225813
3.003813 -2.223874
3.005747 -2.224824
3.003759 -2.223005
3.005681 -2.223836
3.003705 -2.222137
3.005615 -2.222847
3.003651 -2.221269
3.005548 -2.221858
3.003598 -2.220401
3.003544 -2.219533
3.005482 -2.220870
3.003490 -2.218665
3.005416 -2.219881
3.003436 -2.217797
3.005350 -2.218892
3.003382 -2.216929
3.005283 -2.217904
3.003329 -2.216061
3.005217 -2.216915
3.003275 -2.215193
3.005151 -2.215926
3.003221 -2.214325
3.005084 -2.214938
3.003167 -2.213457
3.003113 -2.212589
3.005018 -2.213949
3.003059 -2.211721
3.004952 -2.212960
3.003006 -2.210853
3.004885 -2.211972
3.002952 -2.209985
3.004819 -2.210983
3.002898 -2.209117
3.004753 -2.209995
3.002844 -2.208249
3.004687 -2.209006
3.002790 -2.207380
3.004620 -2.208017
3.002737 -2.206512
3.004554 -2.207029
3.002683 -2.205644
3.002629 -2.204776
3.004488 -2.206040
3.002575 -2.203908
3.004421 -2.205051
3.002521 -2.203040
3.004355 -2.204063
3.002467 -2.202172
3.004289 -2.203074
3.002414 -2.201304
3.004222 -2.202085
3.002360 -2.200436
3.004156 -2.201097
3.002306 -2.199568
3.004090 -2.200108
3.002252 -2.198700
3.002198 -2.197832
3.004024 -2.199119
3.002144 -2.196964
3.003957 -2.198131
3.002091 -2.196096
3.003891 -2.197142
3.002037 -2.195228
3.003825 -2.196154
3.001983 -2.194360
3.003758 -2.195165
3.001929 -2.193492
3.003692 -2.194176
3.001875 -2.192624
3.003626 -2.193188
3.001822 -2.191756
3.003559 -2.192199
3.001768 -2.190887
3.001714 -2.190019
3.003493 -2.191210
3.001660 -2.189151
3.003427 -2.190222
3.001606 -2.188283
3.003361 -2.189233
3.001552 -2.187415
3.003294 -2.188244
3.001499 -2.186547
3.003228 -2.187256
3.001445 -2.185679
3.003162 -2.186267
3.001391 -2.184811
3.003095 -2.185278
3.001337 -2.183943
3.001283 -2.183075
3.003029 -2.184290
3.001230 -2.182207
3.002963 -2.183301
3.001176 -2.181339
3.002896 -2.182312
3.001122 -2.180471
3.002830 -2.181324
3.001068 -2.179603
3.002764 -2.180335
3.001014 -2.178735
3.002698 -2.179347
3.000960 -2.177867
3.002631 -2.178358
3.000907 -2.176999
3.000853 -2.176131
3.002565 -2.177369
3.000799 -2.175262
3.002499 -2.176381
3.000745 -2.174394
3.002432 -2.175392
3.000691 -2.173526
3.002366 -2.174403
3.000638 -2.172658
3.002300 -2.173415
3.000584 -2.171790
3.002233 -2.172426
3.000530 -2.170922
3.002167 -2.171437
3.000476 -2.170054
3.002101 -2.170449
3.000422 -2.169186
3.000368 -2.168318
3.002035 -2.169460
3.000315 -2.167450
3.001968 -2.168471
3.000261 -2.166582
3.001902 -2.167483
3.000207 -2.165714
3.001836 -2.166494
3.000153 -2.164846
3.001769 -2.165506
3.000099 -2.163978
3.001703 -2.164517
3.000045 -2.163110
3.001637 -2.163528
2.999992 -2.162242
2.999938 -2.161374
3.001570 -2.162540
2.999884 -2.160506
3.001504 -2.161551
2.999830 -2.159638
3.001438 -2.160562
2.999776 -2.158769
3.001372 -2.159574
2.999723 -2.157901
3.001305 -2.158585
2.999669 -2.157033
3.001239 -2.157596
2.999615 -2.156165
3.001173 -2.156608
2.999561 -2.155297
3.001106 -2.155619
2.999507 -2.154429
2.999453 -2.153561
3.001040 -2.154630
2.999400 -2.152693
3.000974 -2.153642
2.999346 -2.151825
3.000908 -2.152653
2.999292 -2.150957
3.000841 -2.151665
2.999238 -2.150089
3.000775 -2.150676
2.999184 -2.149221
3.000709 -2.149687
2.999131 -2.148353
3.000642 -2.148699
2.999077 -2.147485
2.999023 -2.146617
3.000576 -2.147710
2.998969 -2.145749
3.000510 -2.146721
2.998915 -2.144881
3.000443 -2.145733
2.998861 -2.144013
3.000377 -2.144744
2.998808 -2.143144
3.000311 -2.143755
2.998754 -2.142276
3.000245 -2.142767
2.998700 -2.141408
3.000178 -2.141778
2.998646 -2.140540
3.000112 -2.140789
2.998592 -2.139672
2.998539 -2.138804
3.000046 -2.139801
2.998485 -2.137936
2.999979 -2.138812
2.998431 -2.137068
2.999913 -2.137823
2.998377 -2.136200
2.999847 -2.136835
2.998323 -2.135332
2.999780 -2.135846
2.998269 -2.134464
2.999714 -2.134858
2.998216 -2.133596
2.999648 -2.133869
2.998162 -2.132728
2.998108 -2.131860
2.999582 -2.132880
2.998054 -2.130992
2.999515 -2.131892
2.998000 -2.130124
2.999449 -2.130903
2.997946 -2.129256
2.999383 -2.129914
2.997893 -2.128388
2.999316 -2.128926
2.997839 -2.127519
2.999250 -2.127937
2.997785 -2.126651
2.999184 -2.126948
2.997731 -2.125783
2.999117 -2.125960
2.997677 -2.124915
2.997624 -2.124047
2.999051 -2.124971
2.997570 -2.123179
2.998985 -2.123982
2.997516 -2.122311
2.998919 -2.122994
2.997462 -2.121443
2.998852 -2.122005
2.997408 -2.120575
2.998786 -2.121017
2.997354 -2.119707
2.998720 -2.120028
2.997301 -2.118839
2.998653 -2.119039
2.997247 -2.117971
2.997193 -2.117103
2.998587 -2.118051
2.997139 -2.116235
2.998521 -2.117062
2.997085 -2.115367
2.998454 -2.116073
2.997032 -2.114499
2.998388 -2.115085
2.996978 -2.113631
2.998322 -2.114096
2.996924 -2.112763
2.998256 -2.113107
2.996870 -2.111895
2.998189 -2.112119
2.996816 -2.111026
2.998123 -2.111130
2.996762 -2.110158
2.996709 -2.109290
2.998057 -2.110141
2.996655 -2.108422
2.997990 -2.109153
2.996601 -2.107554
2.997924 -2.108164
2.996547 -2.106686
2.997858 -2.107175
2.996493 -2.105818
2.997791 -2.106187
2.996440 -2.104950
2.997725 -2.105198
2.996386 -2.104082
2.997659 -2.104210
2.996332 -2.103214
2.996278 -2.102346
2.997593 -2.103221
2.996224 -2.101478
2.997526 -2.102232
2.996170 -2.100610
2.997460 -2.101244
2.996117 -2.099742
2.997394 -2.100255
2.996063 -2.098874
2.997327 -2.099266
2.996009 -2.098006
2.997261 -2.098278
2.995955 -2.097138
2.997195 -2.097289
2.995901 -2.096270
2.997128 -2.096300
2.995847 -2.095401
2.995794 -2.094533
2.997062 -2.095312
2.995740 -2.093665
2.996996 -2.094323
2.995686 -2.092797
2.996930 -2.093334
2.995632 -2.091929
2.996863 -2.092346
2.995578 -2.091061
2.996797 -2.091357
2.995525 -2.090193
2.996731 -2.090369
2.995471 -2.089325
2.996664 -2.089380
2.995417 -2.088457
2.995363 -2.087589
2.996598 -2.088391
2.995309 -2.086721
2.996532 -2.087403
2.995255 -2.085853
2.996466 -2.086414
2.995202 -2.084985
2.996399 -2.085425
2.995148 -2.084117
2.996333 -2.084437
2.995094 -2.083249
2.996267 -2.083448
2.995040 -2.082381
2.996200 -2.082459
2.994986 -2.081513
2.994933 -2.080645
2.996134 -2.081471
2.994879 -2.079776
2.996068 -2.080482
2.994825 -2.078908
2.996001 -2.079493
2.994771 -2.078040
2.995935 -2.078505
2.994717 -2.077172
2.995869 -2.077516
2.994663 -2.076304
2.995803 -2.076527
2.994610 -2.075436
2.995736 -2.075539
2.994556 -2.074568
2.995670 -2.074550
2.994502 -2.073700
2.994448 -2.072832
2.995604 -2.073562
2.994394 -2.071964
2.995537 -2.072573
2.994340 -2.071096
2.995471 -2.071584
2.994287 -2.070228
2.995405 -2.070596
2.994233 -2.069360
2.995338 -2.069607
2.994179 -2.068492
2.995272 -2.068618
2.994125 -2.067624
2.995206 -2.067630
2.994071 -2.066756
2.994018 -2.065888
2.995140 -2.066641
2.993964 -2.065020
2.995073 -2.065652
2.993910 -2.064152
2.995007 -2.064664
2.993856 -2.063283
2.994941 -2.063675
2.993802 -2.062415
2.994874 -2.062686
2.993748 -2.061547
2.994808 -2.061698
2.993695 -2.060679
2.994742 -2.060709
2.993641 -2.059811
2.994675 -2.059721
2.993587 -2.058943
2.993533 -2.058075
2.994609 -2.058732
2.993479 -2.057207
2.994543 -2.057743
2.993426 -2.056339
2.994477 -2.056755
2.993372 -2.055471
2.994410 -2.055766
2.993318 -2.054603
2.994344 -2.054777
2.993264 -2.053735
2.994278 -2.053789
2.993210 -2.052867
2.994211 -2.052800
2.993156 -2.051999
2.993103 -2.051131
2.994145 -2.051811
2.993049 -2.050263
2.994079 -2.050823
2.992995 -2.049395
2.994012 -2.049834
2.992941 -2.048527
2.993946 -2.048845
2.992887 -2.047658
2.993880 -2.047857
2.992834 -2.046790
2.993814 -2.046868
2.992780 -2.045922
2.993747 -2.045879
2.992726 -2.045054
2.993681 -2.044891
2.992672 -2.044186
2.992618 -2.043318
2.993615 -2.043902
2.992564 -2.042450
2.993548 -2.042914
2.992511 -2.041582
2.993482 -2.041925
2.992457 -2.040714
2.993416 -2.040936
2.992403 -2.039846
2.993349 -2.039948
2.992349 -2.038978
2.993283 -2.038959
2.992295 -2.038110
2.993217 -2.037970
2.992241 -2.037242
2.992188 -2.036374
2.993151 -2.036982
2.992134 -2.035506
2.993084 -2.035993
2.992080 -2.034638
2.993018 -2.035004
2.992026 -2.033770
2.992952 -2.034016
2.991972 -2.032902
2.992885 -2.033027
2.991919 -2.032033
2.992819 -2.032038
2.991865 -2.031165
2.992753 -2.031050
2.991811 -2.030297
2.992686 -2.030061
2.991757 -2.029429
2.991703 -2.028561
2.992620 -2.029073
2.991649 -2.027693
2.992554 -2.028084
2.991596 -2.026825
2.992488 -2.027095
2.991542 -2.025957
2.992421 -2.026107
2.991488 -2.025089
2.992355 -2.025118
2.991434 -2.024221
2.992289 -2.024129
2.991380 -2.023353
2.992222 -2.023141
2.991327 -2.022485
2.991273 -2.021617
2.992156 -2.022152
2.991219 -2.020749
2.992090 -2.021163
2.991165 -2.019881
2.992024 -2.020175
2.991111 -2.019013
2.991957 -2.019186
2.991057 -2.018145
2.991891 -2.018197
2.991004 -2.017277
2.991825 -2.017209
2.990950 -2.016409
2.991758 -2.016220
2.990896 -2.015540
2.990842 -2.014672
2.991692 -2.015231
2.990788 -2.013804
2.991626 -2.014243
2.990735 -2.012936
2.991559 -2.013254
2.990681 -2.012068
2.991493 -2.012266
2.990627 -2.011200
2.991427 -2.011277
2.990573 -2.010332
2.991361 -2.010288
2.990519 -2.009464
2.991294 -2.009300
2.990465 -2.008596
2.991228 -2.008311
2.990412 -2.007728
2.990358 -2.006860
2.991162 -2.007322
2.990304 -2.005992
2.991095 -2.006334
2.990250 -2.005124
2.991029 -2.005345
2.990196 -2.004256
2.990963 -2.004356
2.990142 -2.003388
2.990896 -2.003368
2.990089 -2.002520
2.990830 -2.002379
2.990035 -2.001652
2.990764 -2.001390
2.989981 -2.000784
2.989927 -1.999915
2.990698 -2.000402
2.989873 -1.999047
2.990631 -1.999413
2.989820 -1.998179
2.990565 -1.998425
2.989766 -1.997311
2.990499 -1.997436
2.989712 -1.996443
2.990432 -1.996447
2.989658 -1.995575
2.990366 -1.995459
2.989604 -1.994707
2.990300 -1.994470
2.989550 -1.993839
2.990233 -1.993481
2.989497 -1.992971
2.989443 -1.992103
2.990167 -1.992493
2.989389 -1.991235
2.990101 -1.991504
2.989335 -1.990367
2.990035 -1.990515
2.989281 -1.989499
2.989968 -1.989527
2.989228 -1.988631
2.989902 -1.988538
2.989174 -1.987763
2.989836 -1.987549
2.989120 -1.986895
2.989769 -1.986561
2.989066 -1.986027
2.989012 -1.985159
2.989703 -1.985572
2.988958 -1.984290
2.989637 -1.984583
2.988905 -1.983422
2.989570 -1.983595
2.988851 -1.982554
2.989504 -1.982606
2.988797 -1.981686
2.989438 -1.981618
2.988743 -1.980818
2.989372 -1.980629
2.988689 -1.979950
2.989305 -1.979640
2.988636 -1.979082
2.989239 -1.978652
2.988582 -1.978214
2.988528 -1.977346
2.989173 -1.977663
2.988474 -1.976478
2.989106 -1.976674
2.988420 -1.975610
2.989040 -1.975686
2.988366 -1.974742
2.988974 -1.974697
2.988313 -1.973874
2.988907 -1.973708
2.988259 -1.973006
2.988841 -1.972720
2.988205 -1.972138
2.988775 -1.971731
2.988151 -1.971270
2.988097 -1.970402
2.988709 -1.970742
2.988043 -1.969534
2.988642 -1.969754
2.987990 -1.968666
2.988576 -1.968765
2.987936 -1.967797
2.988510 -1.967777
2.987882 -1.966929
2.988443 -1.966788
2.987828 -1.966061
2.988377 -1.965799
2.987774 -1.965193
2.988311 -1.964811
2.987721 -1.964325
2.987667 -1.963457
2.988244 -1.963822
2.987613 -1.962589
2.988178 -1.962833
2.987559 -1.961721
2.988112 -1.961845
2.987505 -1.960853
2.988046 -1.960856
2.987451 -1.959985
2.987979 -1.959867
2.987398 -1.959117
2.987913 -1.958879
2.987344 -1.958249
2.987847 -1.957890
2.987290 -1.957381
2.987780 -1.956901
2.987236 -1.956513
2.987182 -1.955645
2.987714 -1.955913
2.987129 -1.954777
2.987648 -1.954924
2.987075 -1.953909
2.987582 -1.953935
2.987021 -1.953041
2.987515 -1.952947
2.986967 -1.952172
2.987449 -1.951958
2.986913 -1.951304
2.987383 -1.950970
2.986859 -1.950436
2.987316 -1.949981
2.986806 -1.949568
2.986752 -1.948700
2.987250 -1.948992
2.986698 -1.947832
2.987184 -1.948004
2.986644 -1.946964
2.987117 -1.947015
2.986590 -1.946096
2.987051 -1.946026
2.986537 -1.945228
2.986985 -1.945038
2.986483 -1.944360
2.986919 -1.944049
2.986429 -1.943492
2.986852 -1.943060
2.986375 -1.942624
2.986786 -1.942072
2.986321 -1.941756
2.986267 -1.940888
2.986720 -1.941083
2.986214 -1.940020
2.986653 -1.940094
2.986160 -1.939152
2.986587 -1.939106
2.986106 -1.938284
2.986521 -1.938117
2.986052 -1.937416
2.986454 -1.937129
2.985998 -1.936547
2.986388 -1.936140
2.985944 -1.935679
2.986322 -1.935151
2.985891 -1.934811
2.985837 -1.933943
2.986256 -1.934163
2.985783 -1.933075
2.986189 -1.933174
2.985729 -1.932207
2.986123 -1.932185
2.985675 -1.931339
2.986057 -1.931197
2.985622 -1.930471
2.985990 -1.930208
2.985568 -1.929603
2.985924 -1.929219
2.985514 -1.928735
2.985858 -1.928231
2.985460 -1.927867
2.985406 -1.926999
2.985791 -1.927242
2.985352 -1.926131
2.985725 -1.926253
2.985299 -1.925263
2.985659 -1.925265
2.985245 -1.924395
2.985593 -1.924276
2.985191 -1.923527
2.985526 -1.923287
2.985137 -1.922659
2.985460 -1.922299
2.985083 -1.921791
2.985394 -1.921310
2.985030 -1.920923
2.985327 -1.920322
2.984976 -1.920054
2.984922 -1.919186
2.985261 -1.919333
2.984868 -1.918318
2.985195 -1.918344
2.984814 -1.917450
2.985128 -1.917356
2.984760 -1.916582
2.985062 -1.916367
2.984707 -1.915714
2.984996 -1.915378
2.984653 -1.914846
2.984930 -1.914390
2.984599 -1.913978
2.984863 -1.913401
2.984545 -1.913110
2.984491 -1.912242
2.984797 -1.912412
2.984438 -1.911374
2.984731 -1.911424
2.984384 -1.910506
2.984664 -1.910435
2.984330 -1.909638
2.984598 -1.909446
2.984276 -1.908770
2.984532 -1.908458
2.984222 -1.907902
2.984465 -1.907469
2.984168 -1.907034
2.984399 -1.906481
2.984115 -1.906166
2.984333 -1.905492
2.984061 -1.905298
2.984007 -1.904429
2.984267 -1.904503
2.983953 -1.903561
2.984200 -1.903515
2.983899 -1.902693
2.984134 -1.902526
2.983845 -1.901825
2.984068 -1.901537
2.983792 -1.900957
2.984001 -1.900549
2.983738 -1.900089
2.983935 -1.899560
2.983684 -1.899221
2.983869 -1.898571
2.983630 -1.898353
2.983576 -1.897485
2.983802 -1.897583
2.983523 -1.896617
2.983736 -1.896594
2.983469 -1.895749
2.983670 -1.895605
2.983415 -1.894881
2.983604 -1.894617
2.983361 -1.894013
2.983537 -1.893628
2.983307 -1.893145
2.983471 -1.892639
2.983253 -1.892277
2.983405 -1.891651
2.983200 -1.891409
2.983146 -1.890541
2.983338 -1.890662
2.983092 -1.889673
2.983272 -1.889674
2.983038 -1.888805
2.983206 -1.888685
2.982984 -1.887936
2.983140 -1.887696
2.982931 -1.887068
2.983073 -1.886708
2.982877 -1.886200
2.983007 -1.885719
2.982823 -1.885332
2.982941 -1.884730
2.982769 -1.884464
2.982874 -1.883742
2.982715 -1.883596
2.982661 -1.882728
2.982808 -1.882753
2.982608 -1.881860
2.982742 -1.881764
2.982554 -1.880992
2.982675 -1.880776
2.982500 -1.880124
2.982609 -1.879787
2.982446 -1.879256
2.982543 -1.878798
2.982392 -1.878388
2.982477 -1.877810
2.982339 -1.877520
2.982410 -1.876821
2.982285 -1.876652
2.982231 -1.875784
2.982344 -1.875833
2.982177 -1.874916
2.982278 -1.874844
2.982123 -1.874048
2.982211 -1.873855
2.982069 -1.873180
2.982145 -1.872867
2.982016 -1.872311
2.982079 -1.871878
2.981962 -1.871443
2.982012 -1.870889
2.981908 -1.870575
2.981946 -1.869901
2.981854 -1.869707
2.981880 -1.868912
2.981800 -1.868839
2.981746 -1.867971
2.981814 -1.867923
2.981693 -1.867103
2.981747 -1.866935
2.981639 -1.866235
2.981681 -1.865946
2.981585 -1.865367
2.981615 -1.864957
2.981531 -1.864499
2.981548 -1.863969
2.981477 -1.863631
2.981482 -1.862980
2.981424 -1.862763
2.981416 -1.861991
2.981370 -1.861895
2.981316 -1.861027
2.981349 -1.861003
2.981262 -1.860159
2.981283 -1.860014
2.981208 -1.859291
2.981217 -1.859026
2.981154 -1.858423
2.981151 -1.858037
2.981101 -1.857555
2.981084 -1.857048
2.981047 -1.856686
2.981018 -1.856060
2.980993 -1.855818
2.980952 -1.855071
2.980939 -1.854950
2.980885 -1.854082