3.018217 -3.147274
3.018203 -3.147047
3.018189 -3.146821
3.018175 -3.146594
3.018161 -3.146367
3.018232 -3.146277
3.018148 -3.146140
3.018134 -3.145913
3.018120 -3.145686
3.018106 -3.145459
3.018092 -3.145232
3.018247 -3.145279
3.018079 -3.145005
3.018065 -3.144778
3.018051 -3.144552
3.018037 -3.144325
3.018023 -3.144098
3.018263 -3.144281
3.018009 -3.143871
3.017996 -3.143644
3.017982 -3.143417
3.017968 -3.143190
3.017954 -3.142963
3.018278 -3.143283
3.017940 -3.142736
3.017927 -3.142509
3.017913 -3.142282
3.017899 -3.142056
3.018294 -3.142286
3.017885 -3.141829
3.017871 -3.141602
3.017858 -3.141375
3.017844 -3.141148
3.017830 -3.140921
3.018309 -3.141288
3.017816 -3.140694
3.017802 -3.140467
3.017789 -3.140240
3.017775 -3.140013
3.017761 -3.139786
3.018324 -3.140290
3.017747 -3.139560
3.017733 -3.139333
3.017720 -3.139106
3.017706 -3.138879
3.017692 -3.138652
3.018340 -3.139293
3.017678 -3.138425
3.017664 -3.138198
3.017650 -3.137971
3.017637 -3.137744
3.018355 -3.138295
3.017623 -3.137517
3.017609 -3.137290
3.017595 -3.137064
3.017581 -3.136837
3.017568 -3.136610
3.018371 -3.137297
3.017554 -3.136383
3.017540 -3.136156
3.017526 -3.135929
3.017512 -3.135702
3.017499 -3.135475
3.018386 -3.136299
3.017485 -3.135248
3.017471 -3.135021
3.017457 -3.134795
3.017443 -3.134568
3.017430 -3.134341
3.018401 -3.135302
3.017416 -3.134114
3.017402 -3.133887
3.017388 -3.133660
3.017374 -3.133433
3.018417 -3.134304
3.017361 -3.133206
3.017347 -3.132979
3.017333 -3.132752
3.017319 -3.132525
3.017305 -3.132299
3.018432 -3.133306
3.017292 -3.132072
3.017278 -3.131845
3.017264 -3.131618
3.017250 -3.131391
3.017236 -3.131164
3.018448 -3.132309
3.017222 -3.130937
3.017209 -3.130710
3.017195 -3.130483
3.017181 -3.130256
3.017167 -3.130029
3.018463 -3.131311
3.017153 -3.129803
3.017140 -3.129576
3.017126 -3.129349
3.017112 -3.129122
3.017098 -3.128895
3.018478 -3.130313
3.017084 -3.128668
3.017071 -3.128441
3.017057 -3.128214
3.017043 -3.127987
3.018494 -3.129315
3.017029 -3.127760
3.017015 -3.127533
3.017002 -3.127307
3.016988 -3.127080
3.016974 -3.126853
3.018509 -3.128318
3.016960 -3.126626
3.016946 -3.126399
3.016933 -3.126172
3.016919 -3.125945
3.016905 -3.125718
3.018525 -3.127320
3.016891 -3.125491
3.016877 -3.125264
3.016863 -3.125038
3.016850 -3.124811
3.016836 -3.124584
3.018540 -3.126322
3.016822 -3.124357
3.016808 -3.124130
3.016794 -3.123903
3.016781 -3.123676
3.018555 -3.125324
3.016767 -3.123449
3.016753 -3.123222
3.016739 -3.122995
3.016725 -3.122768
3.016712 -3.122542
3.018571 -3.124327
3.016698 -3.122315
3.016684 -3.122088
3.016670 -3.121861
3.016656 -3.121634
3.016643 -3.121407
3.018586 -3.123329
3.016629 -3.121180
3.016615 -3.120953
3.016601 -3.120726
3.016587 -3.120499
3.016574 -3.120272
3.018602 -3.122331
3.016560 -3.120046
3.016546 -3.119819
3.016532 -3.119592
3.016518 -3.119365
3.018617 -3.121334
3.016505 -3.119138
3.016491 -3.118911
3.016477 -3.118684
3.016463 -3.118457
3.016449 -3.118230
3.018632 -3.120336
3.016435 -3.118003
3.016422 -3.117777
3.016408 -3.117550
3.016394 -3.117323
3.016380 -3.117096
3.018648 -3.119338
3.016366 -3.116869
3.016353 -3.116642
3.016339 -3.116415
3.016325 -3.116188
3.016311 -3.115961
3.018663 -3.118340
3.016297 -3.115734
3.016284 -3.115507
3.016270 -3.115281
3.016256 -3.115054
3.016242 -3.114827
3.018679 -3.117343
3.016228 -3.114600
3.016215 -3.114373
3.016201 -3.114146
3.016187 -3.113919
3.018694 -3.116345
3.016173 -3.113692
3.016159 -3.113465
3.016146 -3.113238
3.016132 -3.113011
3.016118 -3.112785
3.018709 -3.115347
3.016104 -3.112558
3.016090 -3.112331
3.016076 -3.112104
3.016063 -3.111877
3.016049 -3.111650
3.018725 -3.114350
3.016035 -3.111423
3.016021 -3.111196
3.016007 -3.110969
3.015994 -3.110742
3.015980 -3.110515
3.018740 -3.113352
3.015966 -3.110289
3.015952 -3.110062
3.015938 -3.109835
3.015925 -3.109608
3.018756 -3.112354
3.015911 -3.109381
3.015897 -3.109154
3.015883 -3.108927
3.015869 -3.108700
3.015856 -3.108473
3.018771 -3.111356
3.015842 -3.108246
3.015828 -3.108020
3.015814 -3.107793
3.015800 -3.107566
3.015787 -3.107339
3.018786 -3.110359
3.015773 -3.107112
3.015759 -3.106885
3.015745 -3.106658
3.015731 -3.106431
3.015718 -3.106204
3.018802 -3.109361
3.015704 -3.105977
3.015690 -3.105750
3.015676 -3.105524
3.015662 -3.105297
3.018817 -3.108363
3.015648 -3.105070
3.015635 -3.104843
3.015621 -3.104616
3.015607 -3.104389
3.015593 -3.104162
3.018833 -3.107365
3.015579 -3.103935
3.015566 -3.103708
3.015552 -3.103481
3.015538 -3.103254
3.015524 -3.103028
3.018848 -3.106368
3.015510 -3.102801
3.015497 -3.102574
3.015483 -3.102347
3.015469 -3.102120
3.015455 -3.101893
3.018863 -3.105370
3.015441 -3.101666
3.015428 -3.101439
3.015414 -3.101212
3.015400 -3.100985
3.018879 -3.104372
3.015386 -3.100758
3.015372 -3.100532
3.015359 -3.100305
3.015345 -3.100078
3.015331 -3.099851
3.018894 -3.103375
3.015317 -3.099624
3.015303 -3.099397
3.015289 -3.099170
3.015276 -3.098943
3.015262 -3.098716
3.018910 -3.102377
3.015248 -3.098489
3.015234 -3.098263
3.015220 -3.098036
3.015207 -3.097809
3.015193 -3.097582
3.018925 -3.101379
3.015179 -3.097355
3.015165 -3.097128
3.015151 -3.096901
3.015138 -3.096674
3.018940 -3.100381
3.015124 -3.096447
3.015110 -3.096220
3.015096 -3.095993
3.015082 -3.095767
3.015069 -3.095540
3.018956 -3.099384
3.015055 -3.095313
3.015041 -3.095086
3.015027 -3.094859
3.015013 -3.094632
3.015000 -3.094405
3.018971 -3.098386
3.014986 -3.094178
3.014972 -3.093951
3.014958 -3.093724
3.014944 -3.093497
3.014931 -3.093271
3.018987 -3.097388
3.014917 -3.093044
3.014903 -3.092817
3.014889 -3.092590
3.014875 -3.092363
3.019002 -3.096390
3.014861 -3.092136
3.014848 -3.091909
3.014834 -3.091682
3.014820 -3.091455
3.014806 -3.091228
3.019017 -3.095393
3.014792 -3.091002
3.014779 -3.090775
3.014765 -3.090548
3.014751 -3.090321
3.014737 -3.090094
3.019033 -3.094395
3.014723 -3.089867
3.014710 -3.089640
3.014696 -3.089413
3.014682 -3.089186
3.014668 -3.088959
3.019048 -3.093397
3.014654 -3.088732
3.014641 -3.088506
3.014627 -3.088279
3.014613 -3.088052
3.019064 -3.092400
3.014599 -3.087825
3.014585 -3.087598
3.014572 -3.087371
3.014558 -3.087144
3.014544 -3.086917
3.019079 -3.091402
3.014530 -3.086690
3.014516 -3.086463
3.014502 -3.086236
3.014489 -3.086010
3.014475 -3.085783
3.019094 -3.090404
3.014461 -3.085556
3.014447 -3.085329
3.014433 -3.085102
3.014420 -3.084875
3.014406 -3.084648
3.019110 -3.089406
3.014392 -3.084421
3.014378 -3.084194
3.014364 -3.083967
3.014351 -3.083740
3.014337 -3.083514
3.019125 -3.088409
3.014323 -3.083287
3.014309 -3.083060
3.014295 -3.082833
3.014282 -3.082606
3.019141 -3.087411
3.014268 -3.082379
3.014254 -3.082152
3.014240 -3.081925
3.014226 -3.081698
3.014213 -3.081471
3.019156 -3.086413
3.014199 -3.081245
3.014185 -3.081018
3.014171 -3.080791
3.014157 -3.080564
3.014144 -3.080337
3.019171 -3.085416
3.014130 -3.080110
3.014116 -3.079883
3.014102 -3.079656
3.014088 -3.079429
3.014074 -3.079202
3.019187 -3.084418
3.014061 -3.078975
3.014047 -3.078749
3.014033 -3.078522
3.014019 -3.078295
3.019202 -3.083420
3.014005 -3.078068
3.013992 -3.077841
3.013978 -3.077614
3.013964 -3.077387
3.013950 -3.077160
3.019217 -3.082422
3.013936 -3.076933
3.013923 -3.076706
3.013909 -3.076479
3.013895 -3.076253
3.013881 -3.076026
3.019233 -3.081425
3.013867 -3.075799
3.013854 -3.075572
3.013840 -3.075345
3.013826 -3.075118
3.013812 -3.074891
3.019248 -3.080427
3.013798 -3.074664
3.013785 -3.074437
3.013771 -3.074210
3.013757 -3.073983
3.019264 -3.079429
3.013743 -3.073757
3.013729 -3.073530
3.013715 -3.073303
3.013702 -3.073076
3.013688 -3.072849
3.019279 -3.078431
3.013674 -3.072622
3.013660 -3.072395
3.013646 -3.072168
3.013633 -3.071941
3.013619 -3.071714
3.019294 -3.077434
3.013605 -3.071488
3.013591 -3.071261
3.013577 -3.071034
3.013564 -3.070807
3.013550 -3.070580
3.019310 -3.076436
3.013536 -3.070353
3.013522 -3.070126
3.013508 -3.069899
3.013495 -3.069672
3.019325 -3.075438
3.013481 -3.069445
3.013467 -3.069218
3.013453 -3.068992
3.013439 -3.068765
3.013426 -3.068538
3.019341 -3.074441
3.013412 -3.068311
3.013398 -3.068084
3.013384 -3.067857
3.013370 -3.067630
3.013357 -3.067403
3.019356 -3.073443
3.013343 -3.067176
3.013329 -3.066949
3.013315 -3.066722
3.013301 -3.066496
3.013287 -3.066269
3.019371 -3.072445
3.013274 -3.066042
3.013260 -3.065815
3.013246 -3.065588
3.013232 -3.065361
3.019387 -3.071447
3.013218 -3.065134
3.013205 -3.064907
3.013191 -3.064680
3.013177 -3.064453
3.013163 -3.064226
3.019402 -3.070450
3.013149 -3.064000
3.013136 -3.063773
3.013122 -3.063546
3.013108 -3.063319
3.013094 -3.063092
3.019418 -3.069452
3.013080 -3.062865
3.013067 -3.062638
3.013053 -3.062411
3.013039 -3.062184
3.013025 -3.061957
3.019433 -3.068454
3.013011 -3.061731
3.012998 -3.061504
3.012984 -3.061277
3.012970 -3.061050
3.019448 -3.067456
3.012956 -3.060823
3.012942 -3.060596
3.012928 -3.060369
3.012915 -3.060142
3.012901 -3.059915
3.019464 -3.066459
3.012887 -3.059688
3.012873 -3.059461
3.012859 -3.059235
3.012846 -3.059008
3.012832 -3.058781
3.019479 -3.065461
3.012818 -3.058554
3.012804 -3.058327
3.012790 -3.058100
3.012777 -3.057873
3.012763 -3.057646
3.019495 -3.064463
3.012749 -3.057419
3.012735 -3.057192
3.012721 -3.056965
3.012708 -3.056739
3.019510 -3.063466
3.012694 -3.056512
3.012680 -3.056285
3.012666 -3.056058
3.012652 -3.055831
3.012639 -3.055604
3.019525 -3.062468
3.012625 -3.055377
3.012611 -3.055150
3.012597 -3.054923
3.012583 -3.054696
3.012570 -3.054470
3.019541 -3.061470
3.012556 -3.054243
3.012542 -3.054016
3.012528 -3.053789
3.012514 -3.053562
3.012500 -3.053335
3.019556 -3.060472
3.012487 -3.053108
3.012473 -3.052881
3.012459 -3.052654
3.012445 -3.052427
3.019572 -3.059475
3.012431 -3.052200
3.012418 -3.051974
3.012404 -3.051747
3.012390 -3.051520
3.012376 -3.051293
3.019587 -3.058477
3.012362 -3.051066
3.012349 -3.050839
3.012335 -3.050612
3.012321 -3.050385
3.012307 -3.050158
3.019602 -3.057479
3.012293 -3.049931
3.012280 -3.049704
3.012266 -3.049478
3.012252 -3.049251
3.012238 -3.049024
3.019618 -3.056482
3.012224 -3.048797
3.012211 -3.048570
3.012197 -3.048343
3.012183 -3.048116
3.019633 -3.055484
3.012205 -3.047578
3.012228 -3.047040
3.019649 -3.054486
3.012250 -3.046502
3.019664 -3.053488
3.012272 -3.045964
3.012295 -3.045426
3.019679 -3.052491
3.012317 -3.044888
3.012339 -3.044350
3.019695 -3.051493
3.012362 -3.043813
3.012384 -3.043275
3.019710 -3.050495
3.012406 -3.042737
3.012429 -3.042199
3.019726 -3.049497
3.012451 -3.041661
3.019741 -3.048500
3.012473 -3.041123
3.012496 -3.040585
3.019756 -3.047502
3.012518 -3.040047
3.012540 -3.039509
3.019772 -3.046504
3.012563 -3.038971
3.012585 -3.038433
3.019787 -3.045507
3.012607 -3.037895
3.012630 -3.037357
3.019803 -3.044509
3.012652 -3.036819
3.019818 -3.043511
3.012674 -3.036281
3.012697 -3.035743
3.019833 -3.042513
3.012719 -3.035205
3.012741 -3.034667
3.019849 -3.041516
3.012764 -3.034129
3.012786 -3.033592
3.019864 -3.040518
3.012808 -3.033054
3.012831 -3.032516
3.019880 -3.039520
3.012853 -3.031978
3.019895 -3.038522
3.012875 -3.031440
3.012898 -3.030902
3.019910 -3.037525
3.012920 -3.030364
3.012942 -3.029826
3.019926 -3.036527
3.012965 -3.029288
3.012987 -3.028750
3.019941 -3.035529
3.013009 -3.028212
3.013032 -3.027674
3.019957 -3.034532
3.013054 -3.027136
3.019972 -3.033534
3.013076 -3.026598
3.013099 -3.026060
3.019987 -3.032536
3.013121 -3.025522
3.013143 -3.024984
3.020003 -3.031538
3.013166 -3.024446
3.013188 -3.023908
3.020018 -3.030541
3.013210 -3.023371
3.013233 -3.022833
3.020034 -3.029543
3.013255 -3.022295
3.013277 -3.021757
3.020049 -3.028545
3.013300 -3.021219
3.020064 -3.027548
3.013322 -3.020681
3.013344 -3.020143
3.020080 -3.026550
3.013367 -3.019605
3.013389 -3.019067
3.020095 -3.025552
3.013411 -3.018529
3.013434 -3.017991
3.020111 -3.024554
3.013456 -3.017453
3.013478 -3.016915
3.020126 -3.023557
3.013501 -3.016377
3.020141 -3.022559
3.013523 -3.015839
3.013545 -3.015301
3.020157 -3.021561
3.013568 -3.014763
3.013590 -3.014225
3.020172 -3.020563
3.013612 -3.013687
3.013635 -3.013149
3.020188 -3.019566
3.013657 -3.012612
3.013679 -3.012074
3.020203 -3.018568
3.013702 -3.011536
3.020218 -3.017570
3.013724 -3.010998
3.013746 -3.010460
3.020234 -3.016573
3.013769 -3.009922
3.013791 -3.009384
3.020249 -3.015575
3.013813 -3.008846
3.013836 -3.008308
3.020265 -3.014577
3.013858 -3.007770
3.013880 -3.007232
3.020280 -3.013579
3.013903 -3.006694
3.020295 -3.012582
3.013925 -3.006156
3.013947 -3.005618
3.020311 -3.011584
3.013970 -3.005080
3.013992 -3.004542
3.020326 -3.010586
3.014014 -3.004004
3.014037 -3.003466
3.020342 -3.009588
3.014059 -3.002928
3.014081 -3.002391
3.020357 -3.008591
3.014104 -3.001853
3.020372 -3.007593
3.014126 -3.001315
3.014148 -3.000777
3.020388 -3.006595
3.014171 -3.000239
3.014193 -2.999701
3.020403 -3.005598
3.014215 -2.999163
3.014238 -2.998625
3.020419 -3.004600
3.014260 -2.998087
3.014283 -2.997549
3.020434 -3.003602
3.014305 -2.997011
3.020449 -3.002604
3.014327 -2.996473
3.014350 -2.995935
3.020465 -3.001607
3.014372 -2.995397
3.014394 -2.994859
3.020480 -3.000609
3.014417 -2.994321
3.014439 -2.993783
3.020496 -2.999611
3.014461 -2.993245
3.014484 -2.992707
3.020511 -2.998614
3.014506 -2.992170
3.020526 -2.997616
3.014528 -2.991632
3.014551 -2.991094
3.020542 -2.996618
3.014573 -2.990556
3.014595 -2.990018
3.020557 -2.995620
3.014618 -2.989480
3.014640 -2.988942
3.020573 -2.994623
3.014662 -2.988404
3.014685 -2.987866
3.020588 -2.993625
3.014707 -2.987328
3.020603 -2.992627
3.014729 -2.986790
3.014752 -2.986252
3.020619 -2.991629
3.014774 -2.985714
3.014796 -2.985176
3.020634 -2.990632
3.014819 -2.984638
3.014841 -2.984100
3.020650 -2.989634
3.014863 -2.983562
3.014886 -2.983024
3.020665 -2.988636
3.014908 -2.982486
3.020680 -2.987639
3.014930 -2.981948
3.014953 -2.981411
3.020696 -2.986641
3.014975 -2.980873
3.014997 -2.980335
3.020711 -2.985643
3.015020 -2.979797
3.015042 -2.979259
3.020727 -2.984645
3.015064 -2.978721
3.015087 -2.978183
3.020742 -2.983648
3.015109 -2.977645
3.015131 -2.977107
3.020757 -2.982650
3.015154 -2.976569
3.020773 -2.981652
3.015176 -2.976031
3.015198 -2.975493
3.020788 -2.980654
3.015221 -2.974955
3.015243 -2.974417
3.020804 -2.979657
3.015265 -2.973879
3.015288 -2.973341
3.020819 -2.978659
3.015310 -2.972803
3.015332 -2.972265
3.020834 -2.977661
3.015355 -2.971727
3.020850 -2.976664
3.015377 -2.971190
3.015399 -2.970652
3.020865 -2.975666
3.015422 -2.970114
3.015444 -2.969576
3.020881 -2.974668
3.015466 -2.969038
3.015489 -2.968500
3.020896 -2.973670
3.015511 -2.967962
3.015533 -2.967424
3.020911 -2.972673
3.015556 -2.966886
3.020927 -2.971675
3.015578 -2.966348
3.015600 -2.965810
3.020942 -2.970677
3.015623 -2.965272
3.015645 -2.964734
3.020958 -2.969680
3.015667 -2.964196
3.015690 -2.963658
3.020973 -2.968682
3.015712 -2.963120
3.015734 -2.962582
3.020988 -2.967684
3.015757 -2.962044
3.021004 -2.966686
3.015779 -2.961506
3.015801 -2.960969
3.021019 -2.965689
3.015824 -2.960431
3.015846 -2.959893
3.021035 -2.964691
3.015868 -2.959355
3.015891 -2.958817
3.021050 -2.963693
3.015913 -2.958279
3.015935 -2.957741
3.021065 -2.962695
3.015958 -2.957203
3.021081 -2.961698
3.015980 -2.956665
3.016002 -2.956127
3.021096 -2.960700
3.016025 -2.955589
3.016047 -2.955051
3.021112 -2.959702
3.016069 -2.954513
3.016092 -2.953975
3.021127 -2.958705
3.016114 -2.953437
3.016136 -2.952899
3.021142 -2.957707
3.016159 -2.952361
3.021158 -2.956709
3.016181 -2.951823
3.016203 -2.951285
3.021173 -2.955711
3.016226 -2.950748
3.016248 -2.950210
3.021189 -2.954714
3.016270 -2.949672
3.016293 -2.949134
3.021204 -2.953716
3.016315 -2.948596
3.016337 -2.948058
3.021219 -2.952718
3.016360 -2.947520
3.016382 -2.946982
3.021235 -2.951721
3.016404 -2.946444
3.021250 -2.950723
3.016427 -2.945906
3.016449 -2.945368
3.021266 -2.949725
3.016471 -2.944830
3.016494 -2.944292
3.021281 -2.948727
3.016516 -2.943754
3.016538 -2.943216
3.021296 -2.947730
3.016561 -2.942678
3.016583 -2.942140
3.021312 -2.946732
3.016605 -2.941602
3.021327 -2.945734
3.016628 -2.941064
3.016650 -2.940526
3.021343 -2.944736
3.016672 -2.939989
3.016695 -2.939451
3.021358 -2.943739
3.016717 -2.938913
3.016739 -2.938375
3.021373 -2.942741
3.016762 -2.937837
3.016784 -2.937299
3.021389 -2.941743
3.016806 -2.936761
3.021404 -2.940746
3.016829 -2.936223
3.016851 -2.935685
3.021419 -2.939748
3.016873 -2.935147
3.016896 -2.934609
3.021435 -2.938750
3.016918 -2.934071
3.016940 -2.933533
3.021450 -2.937752
3.016963 -2.932995
3.016985 -2.932457
3.021466 -2.936755
3.017008 -2.931919
3.021481 -2.935757
3.017030 -2.931381
3.017052 -2.930843
3.021496 -2.934759
3.017075 -2.930305
3.017097 -2.929768
3.021512 -2.933761
3.017119 -2.929230
3.017142 -2.928692
3.021527 -2.932764
3.017164 -2.928154
3.017186 -2.927616
3.021543 -2.931766
3.017209 -2.927078
3.021558 -2.930768
3.017231 -2.926540
3.017253 -2.926002
3.021573 -2.929771
3.017276 -2.925464
3.017298 -2.924926
3.021589 -2.928773
3.017320 -2.924388
3.017343 -2.923850
3.021604 -2.927775
3.017365 -2.923312
3.017387 -2.922774
3.021620 -2.926777
3.017410 -2.922236
3.021635 -2.925780
3.017432 -2.921698
3.017454 -2.921160
3.021650 -2.924782
3.017477 -2.920622
3.017499 -2.920084
3.021666 -2.923784
3.017521 -2.919547
3.017544 -2.919009
3.021681 -2.922787
3.017566 -2.918471
3.017588 -2.917933
3.021697 -2.921789
3.017611 -2.917395
3.017633 -2.916857
3.021712 -2.920791
3.017655 -2.916319
3.021727 -2.919793
3.017678 -2.915781
3.017700 -2.915243
3.021743 -2.918796
3.017722 -2.914705
3.017745 -2.914167
3.021758 -2.917798
3.017767 -2.913629
3.017789 -2.913091
3.021774 -2.916800
3.017812 -2.912553
3.017834 -2.912015
3.021789 -2.915802
3.017856 -2.911477
3.021804 -2.914805
3.017879 -2.910939
3.017901 -2.910401
3.021820 -2.913807
3.017923 -2.909863
3.017946 -2.909325
3.021835 -2.912809
3.017968 -2.908788
3.017990 -2.908250
3.021851 -2.911812
3.018013 -2.907712
3.018035 -2.907174
3.021866 -2.910814
3.018057 -2.906636
3.021881 -2.909816
3.018080 -2.906098
3.018102 -2.905560
3.021897 -2.908818
3.018124 -2.905022
3.018147 -2.904484
3.021912 -2.907821
3.018169 -2.903946
3.018191 -2.903408
3.021928 -2.906823
3.018214 -2.902870
3.018236 -2.902332
3.021943 -2.905825
3.018258 -2.901794
3.021958 -2.904827
3.018281 -2.901256
3.018303 -2.900718
3.021974 -2.903830
3.018325 -2.900180
3.018348 -2.899642
3.021989 -2.902832
3.018370 -2.899104
3.018392 -2.898567
3.022005 -2.901834
3.018415 -2.898029
3.018437 -2.897491
3.022020 -2.900837
3.018459 -2.896953
3.022035 -2.899839
3.018482 -2.896415
3.018504 -2.895877
3.022051 -2.898841
3.018526 -2.895339
3.018549 -2.894801
3.022066 -2.897843
3.018571 -2.894263
3.018593 -2.893725
3.022082 -2.896846
3.018616 -2.893187
3.018638 -2.892649
3.022097 -2.895848
3.018660 -2.892111
3.018683 -2.891573
3.022112 -2.894850
3.018705 -2.891035
3.022128 -2.893853
3.018727 -2.890497
3.018750 -2.889959
3.022143 -2.892855
3.018772 -2.889421
3.018794 -2.888883
3.022159 -2.891857
3.018817 -2.888346
3.018839 -2.887808
3.022174 -2.890859
3.018861 -2.887270
3.018884 -2.886732
3.022189 -2.889862
3.018906 -2.886194
3.022205 -2.888864
3.018928 -2.885656
3.018951 -2.885118
3.022220 -2.887866
3.018973 -2.884580
3.018995 -2.884042
3.022236 -2.886868
3.019018 -2.883504
3.019040 -2.882966
3.022251 -2.885871
3.019062 -2.882428
3.019085 -2.881890
3.022266 -2.884873
3.019107 -2.881352
3.022282 -2.883875
3.019129 -2.880814
3.019152 -2.880276
3.022297 -2.882878
3.019174 -2.879738
3.019196 -2.879200
3.022313 -2.881880
3.019219 -2.878662
3.019241 -2.878125
3.022328 -2.880882
3.019263 -2.877587
3.019286 -2.877049
3.022343 -2.879884
3.019308 -2.876511
3.022359 -2.878887
3.019330 -2.875973
3.019353 -2.875435
3.022374 -2.877889
3.019375 -2.874897
3.019397 -2.874359
3.022390 -2.876891
3.019420 -2.873821
3.019442 -2.873283
3.022405 -2.875893
3.019464 -2.872745
3.019487 -2.872207
3.022420 -2.874896
3.019509 -2.871669
3.022436 -2.873898
3.019531 -2.871131
3.019554 -2.870593
3.022451 -2.872900
3.019576 -2.870055
3.019598 -2.869517
3.022467 -2.871903
3.019621 -2.868979
3.019643 -2.868441
3.022482 -2.870905
3.019665 -2.867903
3.019688 -2.867366
3.022497 -2.869907
3.019710 -2.866828
3.019732 -2.866290
3.022513 -2.868909
3.019755 -2.865752
3.022528 -2.867912
3.019777 -2.865214
3.019800 -2.864676
3.022544 -2.866914
3.019822 -2.864138
3.019844 -2.863600
3.022559 -2.865916
3.019867 -2.863062
3.019889 -2.862524
3.022574 -2.864919
3.019911 -2.861986
3.019934 -2.861448
3.022590 -2.863921
3.019956 -2.860910
3.022605 -2.862923
3.019978 -2.860372
3.020001 -2.859834
3.022621 -2.861925
3.020023 -2.859296
3.020045 -2.858758
3.022636 -2.860928
3.020068 -2.858220
3.020090 -2.857682
3.022651 -2.859930
3.020112 -2.857145
3.020135 -2.856607
3.022667 -2.858932
3.020157 -2.856069
3.022682 -2.857934
3.020179 -2.855531
3.020202 -2.854993
3.022698 -2.856937
3.020224 -2.854455
3.020246 -2.853917
3.022713 -2.855939
3.020269 -2.853379
3.020291 -2.852841
3.022728 -2.854941
3.020313 -2.852303
3.020336 -2.851765
3.022744 -2.853944
3.020358 -2.851227
3.022759 -2.852946
3.020380 -2.850689
3.020403 -2.850151
3.022775 -2.851948
3.020425 -2.849613
3.020447 -2.849075
3.022790 -2.850950
3.020470 -2.848537
3.020492 -2.847999
3.022805 -2.849953
3.020514 -2.847461
3.020537 -2.846924
3.022821 -2.848955
3.020559 -2.846386
3.020581 -2.845848
3.022836 -2.847957
3.020604 -2.845310
3.022852 -2.846959
3.020626 -2.844772
3.020648 -2.844234
3.022867 -2.845962
3.020671 -2.843696
3.020693 -2.843158
3.022882 -2.844964
3.020715 -2.842620
3.020738 -2.842082
3.022898 -2.843966
3.020760 -2.841544
3.020782 -2.841006
3.022913 -2.842969
3.020805 -2.840468
3.022929 -2.841971
3.020827 -2.839930
3.020849 -2.839392
3.022944 -2.840973
3.020872 -2.838854
3.020894 -2.838316
3.022959 -2.839975
3.020916 -2.837778
3.020939 -2.837240
3.022975 -2.838978
3.020961 -2.836702
3.020983 -2.836165
3.022990 -2.837980
3.021006 -2.835627
3.023006 -2.836982
3.021028 -2.835089
3.021050 -2.834551
3.023021 -2.835985
3.021073 -2.834013
3.021095 -2.833475
3.023036 -2.834987
3.021117 -2.832937
3.021140 -2.832399
3.023052 -2.833989
3.021162 -2.831861
3.021184 -2.831323
3.023067 -2.832991
3.021207 -2.830785
3.023083 -2.831994
3.021229 -2.830247
3.021251 -2.829709
3.023098 -2.830996
3.021274 -2.829171
3.021296 -2.828633
3.023113 -2.829998
3.021318 -2.828095
3.021341 -2.827557
3.023129 -2.829000
3.021363 -2.827019
3.021385 -2.826481
3.023144 -2.828003
3.021408 -2.825944
3.021430 -2.825406
3.023160 -2.827005
3.021452 -2.824868
3.023175 -2.826007
3.021475 -2.824330
3.021497 -2.823792
3.023190 -2.825010
3.021519 -2.823254
3.021542 -2.822716
3.023206 -2.824012
3.021564 -2.822178
3.021586 -2.821640
3.023221 -2.823014
3.021609 -2.821102
3.021631 -2.820564
3.023237 -2.822016
3.021653 -2.820026
3.023252 -2.821019
3.021676 -2.819488
3.021698 -2.818950
3.023267 -2.820021
3.021720 -2.818412
3.021743 -2.817874
3.023283 -2.819023
3.021765 -2.817336
3.021787 -2.816798
3.023298 -2.818026
3.021810 -2.816260
3.021832 -2.815723
3.023314 -2.817028
3.021854 -2.815185
3.023329 -2.816030
3.021877 -2.814647
3.021899 -2.814109
3.023344 -2.815032
3.021921 -2.813571
3.021944 -2.813033
3.023360 -2.814035
3.021966 -2.812495
3.021988 -2.811957
3.023375 -2.813037
3.022011 -2.811419
3.022033 -2.810881
3.023391 -2.812039
3.022055 -2.810343
3.023406 -2.811041
3.022078 -2.809805
3.022100 -2.809267
3.023421 -2.810044
3.022122 -2.808729
3.022145 -2.808191
3.023437 -2.809046
3.022167 -2.807653
3.022189 -2.807115
3.023452 -2.808048
3.022212 -2.806577
3.022234 -2.806039
3.023468 -2.807051
3.022256 -2.805502
3.022279 -2.804964
3.023483 -2.806053
3.022301 -2.804426
3.023498 -2.805055
3.022323 -2.803888
3.022346 -2.803350
3.023514 -2.804057
3.022368 -2.802812
3.022390 -2.802274
3.023529 -2.803060
3.022413 -2.801736
3.022435 -2.801198
3.023545 -2.802062
3.022457 -2.800660
3.022480 -2.800122
3.023560 -2.801064
3.022502 -2.799584
3.023575 -2.800066
3.022525 -2.799046
3.022547 -2.798508
3.023591 -2.799069
3.022569 -2.797970
3.022592 -2.797432
3.023606 -2.798071
3.022614 -2.796894
3.022636 -2.796356
3.023621 -2.797073
3.022659 -2.795818
3.022681 -2.795280
3.023637 -2.796076
3.022703 -2.794743
3.023652 -2.795078
3.022726 -2.794205
3.022748 -2.793667
3.023668 -2.794080
3.022770 -2.793129
3.022793 -2.792591
3.023683 -2.793082
3.022815 -2.792053
3.022837 -2.791515
3.023698 -2.792085
3.022860 -2.790977
3.022882 -2.790439
3.023714 -2.791087
3.022904 -2.789901
3.022927 -2.789363
3.023729 -2.790089
3.022949 -2.788825
3.023745 -2.789092
3.022971 -2.788287
3.022994 -2.787749
3.023760 -2.788094
3.023016 -2.787211
3.023038 -2.786673
3.023775 -2.787096
3.023061 -2.786135
3.023083 -2.785597
3.023791 -2.786098
3.023105 -2.785059
3.023128 -2.784522
3.023806 -2.785101
3.023150 -2.783984
3.023822 -2.784103
3.023172 -2.783446
3.023195 -2.782908
3.023837 -2.783105
3.023217 -2.782370
3.023239 -2.781832
3.023852 -2.782107
3.023262 -2.781294
3.023284 -2.780756
3.023868 -2.781110
3.023306 -2.780218
3.023329 -2.779680
3.023883 -2.780112
3.023351 -2.779142
3.023899 -2.779114
3.023373 -2.778604
3.023396 -2.778066
3.023914 -2.778117
3.023418 -2.777528
3.023440 -2.776990
3.023929 -2.777119
3.023463 -2.776452
3.023485 -2.775914
3.023945 -2.776121
3.023507 -2.775376
3.023530 -2.774838
3.023960 -2.775123
3.023552 -2.774301
3.023574 -2.773763
3.023976 -2.774126
3.023597 -2.773225
3.023991 -2.773128
3.023619 -2.772687
3.023641 -2.772149
3.024006 -2.772130
3.023664 -2.771611
3.023686 -2.771073
3.024022 -2.771132
3.023708 -2.770535
3.023731 -2.769997
3.024037 -2.770135
3.023753 -2.769459
3.023775 -2.768921
3.024053 -2.769137
3.023798 -2.768383
3.024068 -2.768139
3.023820 -2.767845
3.023842 -2.767307
3.024083 -2.767142
3.023865 -2.766769
3.023887 -2.766231
3.024099 -2.766144
3.023909 -2.765693
3.023932 -2.765155
3.024114 -2.765146
3.023954 -2.764617
3.023976 -2.764079
3.024130 -2.764148
3.023999 -2.763542
3.024145 -2.763151
3.024021 -2.763004
3.024043 -2.762466
3.024160 -2.762153
3.024066 -2.761928
3.024088 -2.761390
3.024176 -2.761155
3.024110 -2.760852
3.024133 -2.760314
3.024191 -2.760158
3.024155 -2.759776
3.024177 -2.759238
3.024207 -2.759160
3.024200 -2.758700