0.294367 3.280173
0.294196 3.280230
0.294026 3.280287
0.293855 3.280344
0.293684 3.280401
0.293582 3.280480
0.293514 3.280458
0.293343 3.280515
0.293172 3.280572
0.293002 3.280629
0.292831 3.280686
0.292798 3.280787
0.292660 3.280743
0.292489 3.280800
0.292319 3.280857
0.292148 3.280914
0.292013 3.281093
0.291977 3.280971
0.291807 3.281028
0.291636 3.281085
0.291465 3.281142
0.291294 3.281199
0.291228 3.281400
0.291124 3.281256
0.290953 3.281313
0.290782 3.281371
0.290612 3.281428
0.290441 3.281485
0.290443 3.281707
0.290270 3.281542
0.290100 3.281599
0.289929 3.281656
0.289758 3.281713
0.289659 3.282014
0.289587 3.281770
0.289417 3.281827
0.289246 3.281884
0.289075 3.281941
0.288905 3.281998
0.288874 3.282321
0.288734 3.282055
0.288563 3.282112
0.288392 3.282169
0.288222 3.282226
0.288089 3.282628
0.288051 3.282283
0.287880 3.282340
0.287710 3.282397
0.287539 3.282454
0.287368 3.282511
0.287304 3.282935
0.287198 3.282568
0.287027 3.282625
0.286856 3.282682
0.286685 3.282739
0.286515 3.282796
0.286519 3.283242
0.286344 3.282853
0.286173 3.282910
0.286003 3.282967
0.285832 3.283024
0.285735 3.283548
0.285661 3.283081
0.285490 3.283138
0.285320 3.283195
0.285149 3.283252
0.284978 3.283310
0.284950 3.283855
0.284808 3.283367
0.284637 3.283424
0.284466 3.283481
0.284296 3.283538
0.284125 3.283595
0.284165 3.284162
0.283954 3.283652
0.283783 3.283709
0.283613 3.283766
0.283442 3.283823
0.283380 3.284469
0.283271 3.283880
0.283101 3.283937
0.282930 3.283994
0.282759 3.284051
0.282588 3.284108
0.282596 3.284776
0.282418 3.284165
0.282247 3.284222
0.282076 3.284279
0.281906 3.284336
0.281811 3.285083
0.281735 3.284393
0.281564 3.284450
0.281394 3.284507
0.281223 3.284564
0.281052 3.284621
0.281026 3.285390
0.280881 3.284678
0.280711 3.284735
0.280540 3.284792
0.280369 3.284849
0.280199 3.284906
0.280241 3.285696
0.280028 3.284963
0.279857 3.285020
0.279686 3.285077
0.279516 3.285134
0.279457 3.286003
0.279345 3.285191
0.279174 3.285248
0.279004 3.285306
0.278833 3.285363
0.278662 3.285420
0.278672 3.286310
0.278492 3.285477
0.278321 3.285534
0.278150 3.285591
0.277979 3.285648
0.277887 3.286617
0.277809 3.285705
0.277638 3.285762
0.277467 3.285819
0.277297 3.285876
0.277126 3.285933
0.277102 3.286924
0.276955 3.285990
0.276784 3.286047
0.276614 3.286104
0.276443 3.286161
0.276272 3.286218
0.276317 3.287231
0.276102 3.286275
0.275931 3.286332
0.275760 3.286389
0.275590 3.286446
0.275533 3.287538
0.275419 3.286503
0.275248 3.286560
0.275077 3.286617
0.274907 3.286674
0.274736 3.286731
0.274748 3.287844
0.274565 3.286788
0.274395 3.286845
0.274224 3.286902
0.274053 3.286959
0.273883 3.287016
0.273963 3.288151
0.273712 3.287073
0.273541 3.287130
0.273370 3.287187
0.273200 3.287244
0.273178 3.288458
0.273029 3.287302
0.272858 3.287359
0.272688 3.287416
0.272517 3.287473
0.272346 3.287530
0.272394 3.288765
0.272175 3.287587
0.272005 3.287644
0.271834 3.287701
0.271663 3.287758
0.271609 3.289072
0.271493 3.287815
0.271322 3.287872
0.271151 3.287929
0.270981 3.287986
0.270810 3.288043
0.270824 3.289379
0.270639 3.288100
0.270468 3.288157
0.270298 3.288214
0.270127 3.288271
0.269956 3.288328
0.270039 3.289686
0.269786 3.288385
0.269615 3.288442
0.269444 3.288499
0.269273 3.288556
0.269255 3.289992
0.269103 3.288613
0.268932 3.288670
0.268761 3.288727
0.268591 3.288784
0.268420 3.288841
0.268470 3.290299
0.268249 3.288898
0.268079 3.288955
0.267908 3.289012
0.267737 3.289069
0.267566 3.289126
0.267685 3.290606
0.267396 3.289183
0.267225 3.289241
0.267054 3.289298
0.266884 3.289355
0.266900 3.290913
0.266713 3.289412
0.266542 3.289469
0.266371 3.289526
0.266201 3.289583
0.266030 3.289640
0.266116 3.291220
0.265859 3.289697
0.265689 3.289754
0.265518 3.289811
0.265347 3.289868
0.265331 3.291527
0.265177 3.289925
0.265006 3.289982
0.264835 3.290039
0.264664 3.290096
0.264494 3.290153
0.264546 3.291834
0.264323 3.290210
0.264152 3.290267
0.263982 3.290324
0.263811 3.290381
0.263640 3.290438
0.263761 3.292141
0.263469 3.290495
0.263299 3.290552
0.263128 3.290609
0.262957 3.290666
0.262976 3.292447
0.262787 3.290723
0.262616 3.290780
0.262445 3.290837
0.262275 3.290894
0.262104 3.290951
0.262192 3.292754
0.261933 3.291008
0.261762 3.291065
0.261592 3.291122
0.261421 3.291179
0.261407 3.293061
0.261250 3.291237
0.261080 3.291294
0.260909 3.291351
0.260738 3.291408
0.260567 3.291465
0.260622 3.293368
0.260397 3.291522
0.260226 3.291579
0.260055 3.291636
0.259885 3.291693
0.259714 3.291750
0.259837 3.293675
0.259543 3.291807
0.259373 3.291864
0.259202 3.291921
0.259031 3.291978
0.259053 3.293982
0.258860 3.292035
0.258690 3.292092
0.258519 3.292149
0.258348 3.292206
0.258178 3.292263
0.258268 3.294289
0.258007 3.292320
0.257836 3.292377
0.257665 3.292434
0.257495 3.292491
0.257324 3.292548
0.257483 3.294595
0.257153 3.292605
0.256983 3.292662
0.256812 3.292719
0.256641 3.292776
0.256698 3.294902
0.256471 3.292833
0.256300 3.292890
0.256129 3.292947
0.255958 3.293004
0.255788 3.293061
0.255914 3.295209
0.255617 3.293118
0.255446 3.293176
0.255276 3.293233
0.255105 3.293290
0.255129 3.295516
0.254934 3.293347
0.254764 3.293404
0.254593 3.293461
0.254422 3.293518
0.254251 3.293575
0.254344 3.295823
0.254081 3.293632
0.253910 3.293689
0.253739 3.293746
0.253569 3.293803
0.253398 3.293860
0.253559 3.296130
0.253227 3.293917
0.253056 3.293974
0.252886 3.294031
0.252715 3.294088
0.252774 3.296437
0.252544 3.294145
0.252374 3.294202
0.252203 3.294259
0.252032 3.294316
0.251862 3.294373
0.251990 3.296743
0.251691 3.294430
0.251520 3.294487
0.251349 3.294544
0.251179 3.294601
0.251205 3.297050
0.251008 3.294658
0.250837 3.294715
0.250667 3.294772
0.250496 3.294829
0.250325 3.294886
0.250420 3.297357
0.250154 3.294943
0.249984 3.295000
0.249813 3.295057
0.249642 3.295114
0.249472 3.295172
0.249635 3.297664
0.249301 3.295229
0.249130 3.295286
0.248960 3.295343
0.248789 3.295400
0.248851 3.297971
0.248618 3.295457
0.248447 3.295514
0.248277 3.295571
0.248106 3.295628
0.247935 3.295685
0.248066 3.298278
0.247765 3.295742
0.247594 3.295799
0.247423 3.295856
0.247252 3.295913
0.247281 3.298585
0.247082 3.295970
0.246911 3.296027
0.246740 3.296084
0.246570 3.296141
0.246399 3.296198
0.246496 3.298891
0.246228 3.296255
0.246058 3.296312
0.245887 3.296369
0.245716 3.296426
0.245545 3.296483
0.245712 3.299198
0.245375 3.296540
0.245204 3.296597
0.245033 3.296654
0.244863 3.296711
0.244927 3.299505
0.244692 3.296768
0.244521 3.296825
0.244350 3.296882
0.244180 3.296939
0.244009 3.296996
0.244142 3.299812
0.243838 3.297053
0.243668 3.297110
0.243497 3.297168
0.243326 3.297225
0.243156 3.297282
0.243357 3.300119
0.242985 3.297339
0.242814 3.297396
0.242643 3.297453
0.242473 3.297510
0.242572 3.300426
0.242302 3.297567
0.242131 3.297624
0.241961 3.297681
0.241790 3.297738
0.241619 3.297795
0.241788 3.300733
0.241448 3.297852
0.241278 3.297909
0.241107 3.297966
0.240936 3.298023
0.241003 3.301039
0.240766 3.298080
0.240595 3.298137
0.240424 3.298194
0.240254 3.298251
0.240083 3.298308
0.240218 3.301346
0.239912 3.298365
0.239741 3.298422
0.239571 3.298479
0.239400 3.298536
0.239229 3.298593
0.239433 3.301653
0.239059 3.298650
0.238888 3.298707
0.238717 3.298764
0.238546 3.298821
0.238649 3.301960
0.238376 3.298878
0.238205 3.298935
0.238034 3.298992
0.237864 3.299049
0.237693 3.299107
0.237864 3.302267
0.237522 3.299164
0.237352 3.299221
0.237181 3.299278
0.237079 3.302574
0.236255 3.299648
0.236294 3.302881
0.235330 3.300018
0.235510 3.303188
0.234725 3.303494
0.234404 3.300388
0.233940 3.303801
0.233479 3.300758
0.233155 3.304108
0.232553 3.301128
0.232371 3.304415
0.231627 3.301498
0.231586 3.304722
0.230702 3.301868
0.230801 3.305029
0.230016 3.305336
0.229776 3.302238
0.229231 3.305642
0.228851 3.302608
0.228447 3.305949
0.227925 3.302978
0.227662 3.306256
0.227000 3.303348
0.226877 3.306563
0.226074 3.303718
0.226092 3.306870
0.225148 3.304088
0.225308 3.307177
0.224523 3.307484
0.224223 3.304458
0.223738 3.307790
0.223297 3.304828
0.222953 3.308097
0.222372 3.305198
0.222169 3.308404
0.221446 3.305568
0.221384 3.308711
0.220520 3.305938
0.220599 3.309018
0.219814 3.309325
0.219595 3.306308
0.219029 3.309632
0.218669 3.306678
0.218245 3.309938
0.217744 3.307048
0.217460 3.310245
0.216818 3.307418
0.216675 3.310552
0.215893 3.307788
0.215890 3.310859
0.214967 3.308158
0.215106 3.311166
0.214321 3.311473
0.214041 3.308528
0.213536 3.311780
0.213116 3.308898
0.212751 3.312086
0.212190 3.309268
0.211967 3.312393
0.211265 3.309638
0.211182 3.312700
0.210339 3.310008
0.210397 3.313007
0.209612 3.313314
0.209414 3.310378
0.208827 3.313621
0.208488 3.310748
0.208043 3.313928
0.207562 3.311118
0.207258 3.314235
0.206637 3.311488
0.206473 3.314541
0.205711 3.311858
0.205688 3.314848
0.204786 3.312228
0.204904 3.315155
0.204119 3.315462
0.203860 3.312598
0.203334 3.315769
0.202935 3.312968
0.202549 3.316076
0.202009 3.313338
0.201765 3.316383
0.201083 3.313708
0.200980 3.316689
0.200158 3.314078
0.200195 3.316996
0.199410 3.317303
0.199232 3.314448
0.198625 3.317610
0.198307 3.314818
0.197841 3.317917
0.197381 3.315189
0.197056 3.318224
0.196455 3.315559
0.196271 3.318531
0.195530 3.315929
0.195486 3.318837
0.194604 3.316299
0.194702 3.319144
0.193917 3.319451
0.193679 3.316669
0.193132 3.319758
0.192753 3.317039
0.192347 3.320065
0.191828 3.317409
0.191563 3.320372
0.190902 3.317779
0.190778 3.320679
0.189976 3.318149
0.189993 3.320985
0.189051 3.318519
0.189208 3.321292
0.188424 3.321599
0.188125 3.318889
0.187639 3.321906
0.187200 3.319259
0.186854 3.322213
0.186274 3.319629
0.186069 3.322520
0.185349 3.319999
0.185284 3.322827
0.184423 3.320369
0.184500 3.323134
0.183715 3.323440
0.183497 3.320739
0.182930 3.323747
0.182572 3.321109
0.182145 3.324054
0.181646 3.321479
0.181361 3.324361
0.180721 3.321849
0.180576 3.324668
0.179795 3.322219
0.179791 3.324975
0.178870 3.322589
0.179006 3.325282
0.178222 3.325588
0.177944 3.322959
0.177437 3.325895
0.177018 3.323329
0.176652 3.326202
0.176093 3.323699
0.175867 3.326509
0.175167 3.324069
0.175082 3.326816
0.174242 3.324439
0.174298 3.327123
0.173513 3.327430
0.173316 3.324809
0.172728 3.327736
0.172391 3.325179
0.171943 3.328043
0.171465 3.325549
0.171159 3.328350
0.170539 3.325919
0.170374 3.328657
0.169614 3.326289
0.169589 3.328964
0.168688 3.326659
0.168804 3.329271
0.168020 3.329578
0.167763 3.327029
0.167235 3.329884
0.166837 3.327399
0.166450 3.330191
0.165911 3.327769
0.165665 3.330498
0.164986 3.328139
0.164880 3.330805
0.164060 3.328509
0.164096 3.331112
0.163311 3.331419
0.163135 3.328879
0.162526 3.331726
0.162209 3.329249
0.161741 3.332032
0.161284 3.329619
0.160957 3.332339
0.160358 3.329989
0.160172 3.332646
0.159432 3.330359
0.159387 3.332953
0.158507 3.330729
0.158602 3.333260
0.157818 3.333567
0.157581 3.331099
0.157033 3.333874
0.156656 3.331469
0.156248 3.334181
0.155730 3.331839
0.155463 3.334487
0.154805 3.332209
0.154678 3.334794
0.153879 3.332579
0.153894 3.335101
0.153109 3.335408
0.152953 3.332950
0.152324 3.335715
0.152028 3.333320
0.151539 3.336022
0.151102 3.333690
0.150755 3.336329
0.150177 3.334060
0.149970 3.336635
0.149251 3.334430
0.149185 3.336942
0.148326 3.334800
0.148400 3.337249
0.147616 3.337556
0.147400 3.335170
0.146831 3.337863
0.146474 3.335540
0.146046 3.338170
0.145549 3.335910
0.145261 3.338477
0.144623 3.336280
0.144477 3.338783
0.143698 3.336650
0.143692 3.339090
0.142907 3.339397
0.142772 3.337020
0.142122 3.339704
0.141846 3.337390
0.141337 3.340011
0.140921 3.337760
0.140553 3.340318
0.139995 3.338130
0.139768 3.340625
0.139070 3.338500
0.138983 3.340931
0.138144 3.338870
0.138198 3.341238
0.137414 3.341545
0.137219 3.339240
0.136629 3.341852
0.136293 3.339610
0.135844 3.342159
0.135367 3.339980
0.135059 3.342466
0.134442 3.340350
0.134275 3.342773
0.133516 3.340720
0.133490 3.343079
0.132705 3.343386
0.132591 3.341090
0.131920 3.343693
0.131665 3.341460
0.131135 3.344000
0.130740 3.341830
0.130351 3.344307
0.129814 3.342200
0.129566 3.344614
0.128888 3.342570
0.128781 3.344921
0.127963 3.342940
0.127996 3.345228
0.127212 3.345534
0.127037 3.343310
0.126427 3.345841
0.126112 3.343680
0.125642 3.346148
0.125186 3.344050
0.124857 3.346455
0.124261 3.344420
0.124073 3.346762
0.123335 3.344790
0.123288 3.347069
0.122503 3.347376
0.122409 3.345160
0.121718 3.347682
0.121484 3.345530
0.120933 3.347989
0.120558 3.345900
0.120149 3.348296
0.119633 3.346270
0.119364 3.348603
0.118707 3.346640
0.118579 3.348910
0.117782 3.347010
0.117794 3.349217
0.117010 3.349524
0.116856 3.347380
0.116225 3.349830
0.115930 3.347750
0.115440 3.350137
0.115005 3.348120
0.114655 3.350444
0.114079 3.348490
0.113871 3.350751
0.113154 3.348860
0.113086 3.351058
0.112301 3.351365
0.112228 3.349230
0.111516 3.351672
0.111302 3.349600
0.110731 3.351978
0.110377 3.349970
0.109947 3.352285
0.109451 3.350341
0.109162 3.352592
0.108526 3.350711
0.108377 3.352899
0.107600 3.351081
0.107592 3.353206
0.106808 3.353513
0.106675 3.351451
0.106023 3.353820
0.105749 3.351821
0.105238 3.354127
0.104823 3.352191
0.104453 3.354433
0.103898 3.352561
0.103669 3.354740
0.102972 3.352931
0.102884 3.355047
0.102047 3.353301
0.102099 3.355354
0.101314 3.355661
0.101121 3.353671
0.100530 3.355968
0.100196 3.354041
0.099745 3.356275
0.099270 3.354411
0.098960 3.356581
0.098344 3.354781
0.098175 3.356888
0.097419 3.355151
0.097390 3.357195
0.096606 3.357502
0.096493 3.355521
0.095821 3.357809
0.095568 3.355891
0.095036 3.358116
0.094642 3.356261
0.094251 3.358423
0.093717 3.356631
0.093467 3.358729
0.092791 3.357001
0.092682 3.359036
0.091865 3.357371
0.091897 3.359343
0.091112 3.359650
0.090940 3.357741
0.090328 3.359957
0.090014 3.358111
0.089543 3.360264
0.089089 3.358481
0.088758 3.360571
0.088163 3.358851
0.087973 3.360877
0.087237 3.359221
0.087188 3.361184
0.086404 3.361491
0.086312 3.359591
0.085619 3.361798
0.085386 3.359961
0.084834 3.362105
0.084461 3.360331
0.084049 3.362412
0.083535 3.360701
0.083265 3.362719
0.082610 3.361071
0.082480 3.363025
0.081684 3.361441
0.081695 3.363332
0.080910 3.363639
0.080758 3.361811
0.080126 3.363946
0.079833 3.362181
0.079341 3.364253
0.078907 3.362551
0.078556 3.364560
0.077982 3.362921
0.077771 3.364867
0.077056 3.363291
0.076986 3.365174
0.076202 3.365480
0.076131 3.363661
0.075417 3.365787
0.075205 3.364031
0.074632 3.366094
0.074279 3.364401
0.073847 3.366401
0.073354 3.364771
0.073063 3.366708
0.072428 3.365141
0.072278 3.367015
0.071503 3.365511
0.071493 3.367322
0.070708 3.367628
0.070577 3.365881
0.069924 3.367935
0.069652 3.366251
0.069139 3.368242
0.068726 3.366621
0.068354 3.368549
0.067800 3.366991
0.067569 3.368856
0.066875 3.367361
0.066785 3.369163
0.066000 3.369470
0.065949 3.367731
0.065215 3.369776
0.065024 3.368102
0.064430 3.370083
0.064098 3.368472
0.063645 3.370390
0.063173 3.368842
0.062861 3.370697
0.062247 3.369212
0.062076 3.371004
0.061321 3.369582
0.061291 3.371311
0.060506 3.371618
0.060396 3.369952
0.059722 3.371924
0.059470 3.370322
0.058937 3.372231
0.058545 3.370692
0.058152 3.372538
0.057619 3.371062
0.057367 3.372845
0.056693 3.371432
0.056583 3.373152
0.055798 3.373459
0.055768 3.371802
0.055013 3.373766
0.054842 3.372172
0.054228 3.374072
0.053917 3.372542
0.053443 3.374379
0.052991 3.372912
0.052659 3.374686
0.052066 3.373282
0.051874 3.374993
0.051140 3.373652
0.051089 3.375300
0.050304 3.375607
0.050214 3.374022
0.049520 3.375914
0.049289 3.374392
0.048735 3.376221
0.048363 3.374762
0.047950 3.376527
0.047438 3.375132
0.047165 3.376834
0.046512 3.375502
0.046381 3.377141
0.045587 3.375872
0.045596 3.377448
0.044811 3.377755
0.044661 3.376242
0.044026 3.378062
0.043735 3.376612
0.043241 3.378369
0.042810 3.376982
0.042457 3.378675
0.041884 3.377352
0.041672 3.378982
0.040959 3.377722
0.040887 3.379289
0.040102 3.379596
0.040033 3.378092
0.039318 3.379903
0.039108 3.378462
0.038533 3.380210
0.038182 3.378832
0.037748 3.380517
0.037256 3.379202
0.036963 3.380823
0.036331 3.379572
0.036179 3.381130
0.035405 3.379942
0.035394 3.381437
0.034609 3.381744
0.034480 3.380312
0.033824 3.382051
0.033554 3.380682
0.033039 3.382358
0.032628 3.381052
0.032255 3.382665
0.031703 3.381422
0.031470 3.382971
0.030777 3.381792
0.030685 3.383278
0.029900 3.383585
0.029852 3.382162
0.029116 3.383892
0.028926 3.382532
0.028331 3.384199
0.028001 3.382902
0.027546 3.384506
0.027075 3.383272
0.026761 3.384813
0.026149 3.383642
0.025977 3.385119
0.025224 3.384012
0.025192 3.385426
0.024407 3.385733
0.024298 3.384382
0.023622 3.386040
0.023373 3.384752
0.022838 3.386347
0.022447 3.385122
0.022053 3.386654
0.021522 3.385493
0.021268 3.386961
0.020596 3.385863
0.020483 3.387268
0.019698 3.387574
0.019670 3.386233
0.018914 3.387881
0.018745 3.386603
0.018129 3.388188
0.017819 3.386973
0.017344 3.388495
0.016894 3.387343
0.016559 3.388802
0.015968 3.387713
0.015775 3.389109
0.015043 3.388083
0.014990 3.389416
0.014205 3.389722
0.014117 3.388453
0.013420 3.390029
0.013191 3.388823
0.012636 3.390336
0.012266 3.389193
0.011851 3.390643
0.011340 3.389563
0.011066 3.390950
0.010415 3.389933
0.010281 3.391257
0.009496 3.391564
0.009489 3.390303
0.008712 3.391870
0.008564 3.390673
0.007927 3.392177
0.007638 3.391043
0.007142 3.392484
0.006712 3.391413
0.006357 3.392791
0.005787 3.391783
0.005573 3.393098
0.004861 3.392153
0.004788 3.393405
0.004003 3.393712
0.003936 3.392523
0.003218 3.394018
0.003010 3.392893
0.002434 3.394325
0.002084 3.393263
0.001649 3.394632
0.001159 3.393633
0.000864 3.394939
0.000233 3.394003
0.000079 3.395246
-0.000692 3.394373
-0.000706 3.395553
-0.001490 3.395860
-0.001618 3.394743
-0.002275 3.396167
-0.002543 3.395113
-0.003060 3.396473
-0.003469 3.395483
-0.003845 3.396780
-0.004395 3.395853
-0.004629 3.397087
-0.005320 3.396223
-0.005414 3.397394
-0.006199 3.397701
-0.006246 3.396593
-0.006984 3.398008
-0.007171 3.396963
-0.007768 3.398315
-0.008097 3.397333
-0.008553 3.398621
-0.009022 3.397703
-0.009338 3.398928
-0.009948 3.398073
-0.010123 3.399235
-0.010874 3.398443
-0.010908 3.399542
-0.011692 3.399849
-0.011799 3.398813
-0.012477 3.400156
-0.012725 3.399183
-0.013262 3.400463
-0.013650 3.399553
-0.014047 3.400769
-0.014576 3.399923
-0.014831 3.401076
-0.015501 3.400293
-0.015616 3.401383
-0.016401 3.401690
-0.016427 3.400663
-0.017186 3.401997
-0.017353 3.401033
-0.017970 3.402304
-0.018278 3.401403
-0.018755 3.402611
-0.019204 3.401773
-0.019540 3.402917
-0.020129 3.402143
-0.020325 3.403224
-0.021055 3.402513
-0.021109 3.403531
-0.021894 3.403838
-0.021981 3.402884
-0.022679 3.404145
-0.022906 3.403254
-0.023464 3.404452
-0.023832 3.403624
-0.024249 3.404759
-0.024757 3.403994
-0.025033 3.405065
-0.025683 3.404364
-0.025818 3.405372
-0.026603 3.405679
-0.026608 3.404734
-0.027388 3.405986
-0.027534 3.405104
-0.028172 3.406293
-0.028460 3.405474
-0.028957 3.406600
-0.029385 3.405844
-0.029742 3.406907
-0.030311 3.406214
-0.030527 3.407214
-0.031236 3.406584
-0.031311 3.407520
-0.032096 3.407827
-0.032162 3.406954
-0.032881 3.408134
-0.033087 3.407324
-0.033666 3.408441
-0.034013 3.407694
-0.034451 3.408748
-0.034939 3.408064
-0.035235 3.409055
-0.035864 3.408434
-0.036020 3.409362
-0.036790 3.408804
-0.036805 3.409668
-0.037590 3.409975
-0.037715 3.409174
-0.038374 3.410282
-0.038641 3.409544
-0.039159 3.410589
-0.039566 3.409914
-0.039944 3.410896
-0.040492 3.410284
-0.040729 3.411203
-0.041418 3.410654
-0.041513 3.411510
-0.042298 3.411816
-0.042343 3.411024
-0.043083 3.412123
-0.043269 3.411394
-0.043868 3.412430
-0.044194 3.411764
-0.044653 3.412737
-0.045120 3.412134
-0.045437 3.413044
-0.046045 3.412504
-0.046222 3.413351
-0.046971 3.412874
-0.047007 3.413658
-0.047792 3.413964
-0.047897 3.413244
-0.048576 3.414271
-0.048822 3.413614
-0.049361 3.414578
-0.049748 3.413984
-0.050146 3.414885
-0.050673 3.414354
-0.050931 3.415192
-0.051599 3.414724
-0.051715 3.415499
-0.052500 3.415806
-0.052525 3.415094
-0.053285 3.416112
-0.053450 3.415464
-0.054070 3.416419
-0.054376 3.415834
-0.054855 3.416726
-0.055301 3.416204
-0.055639 3.417033
-0.056227 3.416574
-0.056424 3.417340
-0.057152 3.416944
-0.057209 3.417647
-0.057994 3.417954
-0.058078 3.417314
-0.058778 3.418261
-0.059004 3.417684
-0.059563 3.418567
-0.059929 3.418054
-0.060348 3.418874
-0.060855 3.418424
-0.061133 3.419181
-0.061780 3.418794
-0.061917 3.419488
-0.062702 3.419795
-0.062706 3.419164
-0.063487 3.420102
-0.063631 3.419534
-0.064272 3.420409
-0.064557 3.419904
-0.065056 3.420715
-0.065483 3.420274
-0.065841 3.421022
-0.066408 3.420645
-0.066626 3.421329
-0.067334 3.421015
-0.067411 3.421636
-0.068196 3.421943
-0.068259 3.421385
-0.068980 3.422250
-0.069185 3.421755
-0.069765 3.422557
-0.070110 3.422125
-0.070550 3.422863
-0.071036 3.422495
-0.071335 3.423170
-0.071962 3.422865
-0.072119 3.423477
-0.072887 3.423235
-0.072904 3.423784
-0.073689 3.424091
-0.073813 3.423605
-0.074474 3.424398
-0.074738 3.423975
-0.075258 3.424705
-0.075664 3.424345
-0.076043 3.425011
-0.076590 3.424715
-0.076828 3.425318
-0.077515 3.425085
-0.077613 3.425625
-0.078398 3.425932
-0.078441 3.425455
-0.079182 3.426239
-0.079366 3.425825
-0.079967 3.426546
-0.080292 3.426195
-0.080752 3.426853
-0.081217 3.426565
-0.081537 3.427160
-0.082143 3.426935
-0.082321 3.427466
-0.083069 3.427305
-0.083106 3.427773
-0.083891 3.428080
-0.083994 3.427675
-0.084676 3.428387
-0.084920 3.428045
-0.085460 3.428694
-0.085845 3.428415
-0.086245 3.429001
-0.086771 3.428785
-0.087030 3.429308
-0.087696 3.429155
-0.087815 3.429614
-0.088600 3.429921
-0.088622 3.429525
-0.089384 3.430228
-0.089548 3.429895
-0.090169 3.430535
-0.090473 3.430265
-0.090954 3.430842
-0.091399 3.430635
-0.091739 3.431149
-0.092324 3.431005
-0.092523 3.431456
-0.093250 3.431375
-0.093308 3.431762
-0.094093 3.432069
-0.094175 3.431745
-0.094878 3.432376
-0.095101 3.432115
-0.095662 3.432683
-0.096027 3.432485
-0.096447 3.432990
-0.096952 3.432855
-0.097232 3.433297
-0.097878 3.433225
-0.098017 3.433604
-0.098801 3.433910
-0.098803 3.433595
-0.099586 3.434217
-0.099729 3.433965
-0.100371 3.434524
-0.100654 3.434335
-0.101156 3.434831
-0.101580 3.434705
-0.101941 3.435138
-0.102506 3.435075
-0.102725 3.435445
-0.103431 3.435445
-0.103510 3.435752
-0.104295 3.436058
-0.104357 3.435815
-0.105080 3.436365
-0.105282 3.436185
-0.105864 3.436672
-0.106208 3.436555
-0.106649 3.436979
-0.107134 3.436925
-0.107434 3.437286
-0.108059 3.437295
-0.108219 3.437593
-0.108985 3.437665
-0.109003 3.437900
-0.109788 3.438207
-0.109910 3.438036
-0.110573 3.438513
-0.110836 3.438406
-0.111358 3.438820
-0.111761 3.438776
-0.112143 3.439127
-0.112687 3.439146
-0.112927 3.439434
-0.113613 3.439516
-0.113712 3.439741
-0.114497 3.440048
-0.114538 3.439886
-0.115282 3.440355
-0.115464 3.440256
-0.116066 3.440661
-0.116389 3.440626
-0.116851 3.440968
-0.117315 3.440996
-0.117636 3.441275
-0.118240 3.441366
-0.118421 3.441582
-0.119166 3.441736
-0.119205 3.441889
-0.119990 3.442196
-0.120092 3.442106
-0.120775 3.442503
-0.121017 3.442476
-0.121560 3.442809
-0.121943 3.442846
-0.122345 3.443116
-0.122868 3.443216
-0.123129 3.443423
-0.123794 3.443586
-0.123914 3.443730
-0.124699 3.444037
-0.124719 3.443956
-0.125484 3.444344
-0.125645 3.444326
-0.126268 3.444651
-0.126571 3.444696
-0.127053 3.444957
-0.127496 3.445066
-0.127838 3.445264
-0.128422 3.445436
-0.128623 3.445571
-0.129347 3.445806
-0.129407 3.445878
-0.130192 3.446185
-0.130273 3.446176
-0.130977 3.446492
-0.131199 3.446546
-0.131762 3.446799
-0.132124 3.446916
-0.132547 3.447105
-0.133050 3.447286
-0.133331 3.447412