-0.134116 3.447719
-0.134901 3.448026
-0.134901 3.448026
-0.135156 3.448073
-0.135410 3.448119
-0.135625 3.448166
-0.135665 3.448165
-0.135920 3.448212
-0.136175 3.448258
-0.136349 3.448305
-0.136430 3.448305
-0.136684 3.448351
-0.136939 3.448398
-0.137072 3.448445
-0.137194 3.448444
-0.137449 3.448491
-0.137704 3.448537
-0.137796 3.448584
-0.137958 3.448583
-0.138213 3.448630
-0.138468 3.448676
-0.138520 3.448724
-0.138723 3.448723
-0.138978 3.448769
-0.139232 3.448816
-0.139244 3.448863
-0.139487 3.448862
-0.139742 3.448909
-0.139968 3.449003
-0.139997 3.448955
-0.140252 3.449001
-0.140506 3.449048
-0.140692 3.449142
-0.140761 3.449094
-0.141016 3.449141
-0.141271 3.449187
-0.141416 3.449282
-0.141526 3.449234
-0.141780 3.449280
-0.142035 3.449327
-0.142139 3.449421
-0.142290 3.449373
-0.142545 3.449419
-0.142800 3.449466
-0.142863 3.449561
-0.143054 3.449512
-0.143309 3.449559
-0.143564 3.449605
-0.143587 3.449700
-0.143819 3.449652
-0.144074 3.449698
-0.144311 3.449840
-0.144328 3.449745
-0.144583 3.449791
-0.144838 3.449838
-0.145035 3.449979
-0.145093 3.449884
-0.145348 3.449930
-0.145602 3.449977
-0.145759 3.450119
-0.145857 3.450023
-0.146112 3.450070
-0.146367 3.450116
-0.146483 3.450258
-0.146622 3.450163
-0.146876 3.450209
-0.147131 3.450256
-0.147206 3.450397
-0.147386 3.450302
-0.147641 3.450348
-0.147896 3.450395
-0.147930 3.450537
-0.148150 3.450441
-0.148405 3.450488
-0.148654 3.450676
-0.148660 3.450534
-0.148915 3.450581
-0.149170 3.450627
-0.149378 3.450816
-0.149424 3.450674
-0.149679 3.450720
-0.149934 3.450766
-0.150102 3.450955
-0.150189 3.450813
-0.150444 3.450859
-0.150698 3.450906
-0.150826 3.451095
-0.150953 3.450952
-0.151208 3.450999
-0.151463 3.451045
-0.151550 3.451234
-0.151718 3.451092
-0.151972 3.451138
-0.152227 3.451184
-0.152273 3.451374
-0.152482 3.451231
-0.152737 3.451277
-0.152997 3.451513
-0.152992 3.451324
-0.153246 3.451370
-0.153501 3.451417
-0.153721 3.451653
-0.153756 3.451463
-0.154011 3.451510
-0.154265 3.451556
-0.154445 3.451792
-0.154520 3.451603
-0.154775 3.451649
-0.155030 3.451695
-0.155169 3.451932
-0.155285 3.451742
-0.155539 3.451788
-0.155794 3.451835
-0.155893 3.452071
-0.156049 3.451881
-0.156304 3.451928
-0.156559 3.451974
-0.156617 3.452211
-0.156813 3.452021
-0.157068 3.452067
-0.157323 3.452113
-0.157340 3.452350
-0.157578 3.452160
-0.157833 3.452206
-0.158064 3.452490
-0.158087 3.452253
-0.158342 3.452299
-0.158597 3.452346
-0.158788 3.452629
-0.158852 3.452392
-0.159107 3.452439
-0.159361 3.452485
-0.159512 3.452769
-0.159616 3.452531
-0.159871 3.452578
-0.160126 3.452624
-0.160236 3.452908
-0.160381 3.452671
-0.160635 3.452717
-0.160890 3.452764
-0.160960 3.453048
-0.161145 3.452810
-0.161400 3.452857
-0.161655 3.452903
-0.161684 3.453187
-0.161909 3.452949
-0.162164 3.452996
-0.162407 3.453327
-0.162419 3.453042
-0.162674 3.453089
-0.162929 3.453135
-0.163131 3.453466
-0.163183 3.453182
-0.163438 3.453228
-0.163693 3.453275
-0.163855 3.453606
-0.163948 3.453321
-0.164203 3.453368
-0.164457 3.453414
-0.164579 3.453745
-0.164712 3.453460
-0.164967 3.453507
-0.165222 3.453553
-0.165303 3.453885
-0.165477 3.453600
-0.165731 3.453646
-0.165986 3.453693
-0.166027 3.454024
-0.166241 3.453739
-0.166496 3.453786
-0.166751 3.454164
-0.166751 3.453832
-0.167005 3.453878
-0.167260 3.453925
-0.167474 3.454303
-0.167515 3.453971
-0.167770 3.454018
-0.168025 3.454064
-0.168198 3.454443
-0.168279 3.454111
-0.168534 3.454157
-0.168789 3.454204
-0.168922 3.454582
-0.169044 3.454250
-0.169299 3.454296
-0.169553 3.454343
-0.169646 3.454722
-0.169808 3.454389
-0.170063 3.454436
-0.170318 3.454482
-0.170370 3.454861
-0.170573 3.454529
-0.170827 3.454575
-0.171094 3.455001
-0.171082 3.454622
-0.171337 3.454668
-0.171592 3.454714
-0.171818 3.455140
-0.171847 3.454761
-0.172101 3.454807
-0.172356 3.454854
-0.172541 3.455280
-0.172611 3.454900
-0.172866 3.454947
-0.173121 3.454993
-0.173265 3.455419
-0.173375 3.455040
-0.173630 3.455086
-0.173885 3.455133
-0.173989 3.455559
-0.174140 3.455179
-0.174395 3.455225
-0.174649 3.455272
-0.174713 3.455698
-0.174904 3.455318
-0.175159 3.455365
-0.175414 3.455411
-0.175437 3.455838
-0.175669 3.455458
-0.175923 3.455504
-0.176161 3.455977
-0.176178 3.455551
-0.176433 3.455597
-0.176688 3.455643
-0.176885 3.456117
-0.176943 3.455690
-0.177197 3.455736
-0.177452 3.455783
-0.177608 3.456256
-0.177707 3.455829
-0.177962 3.455876
-0.178217 3.455922
-0.178332 3.456396
-0.178471 3.455969
-0.178726 3.456015
-0.178981 3.456061
-0.179056 3.456535
-0.179236 3.456108
-0.179491 3.456154
-0.179745 3.456201
-0.179780 3.456675
-0.180000 3.456247
-0.180255 3.456294
-0.180504 3.456814
-0.180510 3.456340
-0.180765 3.456387
-0.181019 3.456433
-0.181228 3.456954
-0.181274 3.456479
-0.181529 3.456526
-0.181784 3.456572
-0.181952 3.457093
-0.182039 3.456619
-0.182293 3.456665
-0.182548 3.456712
-0.182675 3.457233
-0.182803 3.456758
-0.183058 3.456805
-0.183313 3.456851
-0.183399 3.457372
-0.183567 3.456898
-0.183822 3.456944
-0.184077 3.456990
-0.184123 3.457512
-0.184332 3.457037
-0.184587 3.457083
-0.184847 3.457651
-0.184841 3.457130
-0.185096 3.457176
-0.185351 3.457223
-0.185571 3.457791
-0.185606 3.457269
-0.185861 3.457316
-0.186115 3.457362
-0.186295 3.457930
-0.186370 3.457408
-0.186625 3.457455
-0.186880 3.457501
-0.187019 3.458070
-0.187135 3.457548
-0.187389 3.457594
-0.187644 3.457641
-0.187742 3.458209
-0.187899 3.457687
-0.188154 3.457734
-0.188408 3.457780
-0.188466 3.458349
-0.188663 3.457826
-0.188918 3.457873
-0.189190 3.458488
-0.189173 3.457919
-0.189428 3.457966
-0.189682 3.458012
-0.189914 3.458628
-0.189937 3.458059
-0.190192 3.458105
-0.190447 3.458152
-0.190638 3.458767
-0.190702 3.458198
-0.190956 3.458244
-0.191211 3.458291
-0.191362 3.458907
-0.191466 3.458337
-0.191721 3.458384
-0.191976 3.458430
-0.192086 3.459046
-0.192230 3.458477
-0.192485 3.458523
-0.192740 3.458570
-0.192809 3.459186
-0.192995 3.458616
-0.193250 3.458663
-0.193533 3.459325
-0.193504 3.458709
-0.193759 3.458755
-0.194014 3.458802
-0.194257 3.459465
-0.194269 3.458848
-0.194524 3.458895
-0.194778 3.458941
-0.194981 3.459604
-0.195033 3.458988
-0.195288 3.459034
-0.195543 3.459081
-0.195705 3.459744
-0.195798 3.459127
-0.196052 3.459173
-0.196307 3.459220
-0.196429 3.459883
-0.196562 3.459266
-0.196817 3.459313
-0.197072 3.459359
-0.197153 3.460023
-0.197326 3.459406
-0.197581 3.459452
-0.197836 3.459499
-0.197876 3.460162
-0.198091 3.459545
-0.198346 3.459591
-0.198600 3.460302
-0.198600 3.459638
-0.198855 3.459684
-0.199110 3.459731
-0.199324 3.460441
-0.199365 3.459777
-0.199620 3.459824
-0.199874 3.459870
-0.200048 3.460581
-0.200129 3.459917
-0.200384 3.459963
-0.200639 3.460009
-0.200772 3.460720
-0.200894 3.460056
-0.201148 3.460102
-0.201403 3.460149
-0.201496 3.460860
-0.201658 3.460195
-0.201913 3.460242
-0.202168 3.460288
-0.202220 3.460999
-0.202422 3.460335
-0.202677 3.460381
-0.202943 3.461139
-0.202932 3.460428
-0.203187 3.460474
-0.203442 3.460520
-0.203667 3.461278
-0.203696 3.460567
-0.203951 3.460613
-0.204206 3.460660
-0.204391 3.461418
-0.204461 3.460706
-0.204716 3.460753
-0.204970 3.460799
-0.205115 3.461557
-0.205225 3.460846
-0.205480 3.460892
-0.205735 3.460938
-0.205839 3.461697
-0.205990 3.460985
-0.206244 3.461031
-0.206499 3.461078
-0.206563 3.461836
-0.206754 3.461124
-0.207009 3.461171
-0.207287 3.461976
-0.207264 3.461217
-0.207518 3.461264
-0.207773 3.461310
-0.208010 3.462115
-0.208028 3.461356
-0.208283 3.461403
-0.208538 3.461449
-0.208734 3.462255
-0.208792 3.461496
-0.209047 3.461542
-0.209302 3.461589
-0.209458 3.462394
-0.209557 3.461635
-0.209812 3.461682
-0.210066 3.461728
-0.210182 3.462534
-0.210321 3.461774
-0.210576 3.461821
-0.210831 3.461867
-0.210906 3.462673
-0.211086 3.461914
-0.211340 3.461960
-0.211630 3.462813
-0.211595 3.462007
-0.211850 3.462053
-0.212105 3.462100
-0.212354 3.462952
-0.212360 3.462146
-0.212614 3.462193
-0.212869 3.462239
-0.213077 3.463092
-0.213124 3.462285
-0.213379 3.462332
-0.213634 3.462378
-0.213801 3.463231
-0.213888 3.462425
-0.214143 3.462471
-0.214398 3.462518
-0.214525 3.463371
-0.214653 3.462564
-0.214908 3.462611
-0.215162 3.462657
-0.215249 3.463510
-0.215417 3.462703
-0.215672 3.462750
-0.215973 3.463650
-0.215927 3.462796
-0.216182 3.462843
-0.216436 3.462889
-0.216697 3.463789
-0.216691 3.462936
-0.216946 3.462982
-0.217201 3.463029
-0.217421 3.463928
-0.217456 3.463075
-0.217710 3.463121
-0.217965 3.463168
-0.218144 3.464068
-0.218220 3.463214
-0.218475 3.463261
-0.218730 3.463307
-0.218868 3.464207
-0.218984 3.463354
-0.219239 3.463400
-0.219494 3.463447
-0.219592 3.464347
-0.219749 3.463493
-0.220004 3.463539
-0.220258 3.463586
-0.220316 3.464486
-0.220513 3.463632
-0.220768 3.463679
-0.221040 3.464626
-0.221023 3.463725
-0.221278 3.463772
-0.221532 3.463818
-0.221764 3.464765
-0.221787 3.463865
-0.222042 3.463911
-0.222297 3.463958
-0.222488 3.464905
-0.222551 3.464004
-0.222806 3.464050
-0.223061 3.464097
-0.223211 3.465044
-0.223316 3.464143
-0.223571 3.464190
-0.223825 3.464236
-0.223935 3.465184
-0.224080 3.464283
-0.224335 3.464329
-0.224590 3.464376
-0.224659 3.465323
-0.224845 3.464422
-0.225099 3.464468
-0.225383 3.465463
-0.225354 3.464515
-0.225609 3.464561
-0.225864 3.464608
-0.226107 3.465602
-0.226119 3.464654
-0.226373 3.464701
-0.226628 3.464747
-0.226831 3.465742
-0.226883 3.464794
-0.227138 3.464840
-0.227393 3.464886
-0.227555 3.465881
-0.227647 3.464933
-0.227902 3.464979
-0.228157 3.465026
-0.228278 3.466021
-0.228412 3.465072
-0.228667 3.465119
-0.228921 3.465165
-0.229002 3.466160
-0.229176 3.465212
-0.229431 3.465258
-0.229726 3.466300
-0.229686 3.465304
-0.229941 3.465351
-0.230195 3.465397
-0.230450 3.466439
-0.230450 3.465444
-0.230705 3.465490
-0.230960 3.465537
-0.231174 3.466579
-0.231215 3.465583
-0.231469 3.465630
-0.231724 3.465676
-0.231898 3.466718
-0.231979 3.465723
-0.232234 3.465769
-0.232489 3.465815
-0.232622 3.466858
-0.232743 3.465862
-0.232998 3.465908
-0.233253 3.465955
-0.233345 3.466997
-0.233508 3.466001
-0.233763 3.466048
-0.234069 3.467137
-0.234017 3.466094
-0.234272 3.466141
-0.234527 3.466187
-0.234793 3.467276
-0.234782 3.466233
-0.235037 3.466280
-0.235291 3.466326
-0.235517 3.467416
-0.235546 3.466373
-0.235801 3.466419
-0.236056 3.466466
-0.236241 3.467555
-0.236311 3.466512
-0.236565 3.466559
-0.236820 3.466605
-0.236965 3.467695
-0.237075 3.466651
-0.237330 3.466698
-0.237585 3.466744
-0.237689 3.467834
-0.237839 3.466791
-0.238094 3.466837
-0.238412 3.467974
-0.238349 3.466884
-0.238604 3.466930
-0.238859 3.466977
-0.239136 3.468113
-0.239113 3.467023
-0.239368 3.467069
-0.239623 3.467116
-0.239860 3.468253
-0.239878 3.467162
-0.240133 3.467209
-0.240387 3.467255
-0.240584 3.468392
-0.240642 3.467302
-0.240897 3.467348
-0.241152 3.467395
-0.241308 3.468532
-0.241407 3.467441
-0.241661 3.467488
-0.241916 3.467534
-0.242032 3.468671
-0.242171 3.467580
-0.242426 3.467627
-0.242756 3.468811
-0.242681 3.467673
-0.242935 3.467720
-0.243190 3.467766
-0.243479 3.468950
-0.243445 3.467813
-0.243700 3.467859
-0.243955 3.467906
-0.244203 3.469090
-0.244209 3.467952
-0.244464 3.467998
-0.244927 3.469229
-0.245395 3.468182
-0.245651 3.469369
-0.246375 3.469508
-0.246327 3.468366
-0.247099 3.469648
-0.247258 3.468550
-0.247823 3.469787
-0.248189 3.468734
-0.248546 3.469927
-0.249120 3.468917
-0.249270 3.470066
-0.249994 3.470206
-0.250052 3.469101
-0.250718 3.470345
-0.250983 3.469285
-0.251442 3.470485
-0.251914 3.469469
-0.252166 3.470624
-0.252890 3.470764
-0.252845 3.469653
-0.253613 3.470903
-0.253777 3.469836
-0.254337 3.471043
-0.254708 3.470020
-0.255061 3.471182
-0.255639 3.470204
-0.255785 3.471322
-0.256509 3.471461
-0.256570 3.470388
-0.257233 3.471601
-0.257502 3.470571
-0.257957 3.471740
-0.258433 3.470755
-0.258680 3.471880
-0.259404 3.472019
-0.259364 3.470939
-0.260128 3.472159
-0.260295 3.471123
-0.260852 3.472298
-0.261227 3.471307
-0.261576 3.472438
-0.262158 3.471490
-0.262300 3.472577
-0.263024 3.472717
-0.263089 3.471674
-0.263747 3.472856
-0.264020 3.471858
-0.264471 3.472996
-0.264952 3.472042
-0.265195 3.473135
-0.265919 3.473275
-0.265883 3.472226
-0.266643 3.473414
-0.266814 3.472409
-0.267367 3.473554
-0.267745 3.472593
-0.268091 3.473693
-0.268677 3.472777
-0.268814 3.473833
-0.269538 3.473972
-0.269608 3.472961
-0.270262 3.474112
-0.270539 3.473144
-0.270986 3.474251
-0.271470 3.473328
-0.271710 3.474391
-0.272434 3.474530
-0.272402 3.473512
-0.273158 3.474670
-0.273333 3.473696
-0.273881 3.474809
-0.274264 3.473880
-0.274605 3.474949
-0.275195 3.474063
-0.275329 3.475088
-0.276053 3.475228
-0.276127 3.474247
-0.276777 3.475367
-0.277058 3.474431
-0.277501 3.475507
-0.277989 3.474615
-0.278225 3.475646
-0.278948 3.475786
-0.278920 3.474799
-0.279672 3.475925
-0.279852 3.474982
-0.280396 3.476065
-0.280783 3.475166
-0.281120 3.476204
-0.281714 3.475350
-0.281844 3.476344
-0.282568 3.476483
-0.282646 3.475534
-0.283292 3.476623
-0.283577 3.475717
-0.284015 3.476762
-0.284508 3.475901
-0.284739 3.476902
-0.285463 3.477041
-0.285439 3.476085
-0.286187 3.477181
-0.286371 3.476269
-0.286911 3.477320
-0.287302 3.476453
-0.287635 3.477460
-0.288233 3.476636
-0.288359 3.477599
-0.289082 3.477738
-0.289164 3.476820
-0.289806 3.477878
-0.290096 3.477004
-0.290530 3.478017
-0.291027 3.477188
-0.291254 3.478157
-0.291978 3.478296
-0.291958 3.477372
-0.292702 3.478436
-0.292889 3.477555
-0.293426 3.478575
-0.293821 3.477739
-0.294149 3.478715
-0.294752 3.477923
-0.294873 3.478854
-0.295597 3.478994
-0.295683 3.478107
-0.296321 3.479133
-0.296614 3.478290
-0.297045 3.479273
-0.297546 3.478474
-0.297769 3.479412
-0.298493 3.479552
-0.298477 3.478658
-0.299216 3.479691
-0.299408 3.478842
-0.299940 3.479831
-0.300339 3.479026
-0.300664 3.479970
-0.301271 3.479209
-0.301388 3.480110
-0.302112 3.480249
-0.302202 3.479393
-0.302836 3.480389
-0.303133 3.479577
-0.303560 3.480528
-0.304064 3.479761
-0.304283 3.480668
-0.305007 3.480807
-0.304996 3.479945
-0.305731 3.480947
-0.305927 3.480128
-0.306455 3.481086
-0.306858 3.480312
-0.307179 3.481226
-0.307789 3.480496
-0.307903 3.481365
-0.308627 3.481505
-0.308721 3.480680
-0.309350 3.481644
-0.309652 3.480863
-0.310074 3.481784
-0.310583 3.481047
-0.310798 3.481923
-0.311522 3.482063
-0.311514 3.481231
-0.312246 3.482202
-0.312446 3.481415
-0.312970 3.482342
-0.313377 3.481599
-0.313694 3.482481
-0.314308 3.481782
-0.314417 3.482621
-0.315141 3.482760
-0.315239 3.481966
-0.315865 3.482900
-0.316171 3.482150
-0.316589 3.483039
-0.317102 3.482334
-0.317313 3.483179
-0.318037 3.483318
-0.318033 3.482518
-0.318761 3.483458
-0.318964 3.482701
-0.319484 3.483597
-0.319896 3.482885
-0.320208 3.483737
-0.320827 3.483069
-0.320932 3.483876
-0.321656 3.484016
-0.321758 3.483253
-0.322380 3.484155
-0.322689 3.483437
-0.323104 3.484295
-0.323621 3.483620
-0.323828 3.484434
-0.324551 3.484574
-0.324552 3.483804
-0.325275 3.484713
-0.325483 3.483988
-0.325999 3.484853
-0.326414 3.484172
-0.326723 3.484992
-0.327346 3.484355
-0.327447 3.485132
-0.328171 3.485271
-0.328277 3.484539
-0.328895 3.485411
-0.329208 3.484723
-0.329618 3.485550
-0.330139 3.484907
-0.330342 3.485690
-0.331066 3.485829
-0.331071 3.485091
-0.331790 3.485969
-0.332002 3.485274
-0.332514 3.486108
-0.332933 3.485458
-0.333238 3.486248
-0.333864 3.485642
-0.333962 3.486387
-0.334685 3.486527
-0.334796 3.485826
-0.335409 3.486666
-0.335727 3.486010
-0.336133 3.486806
-0.336658 3.486193
-0.336857 3.486945
-0.337581 3.487085
-0.337589 3.486377
-0.338305 3.487224
-0.338521 3.486561
-0.339029 3.487364
-0.339452 3.486745
-0.339752 3.487503
-0.340383 3.486928
-0.340476 3.487643
-0.341200 3.487782
-0.341314 3.487112
-0.341924 3.487922
-0.342246 3.487296
-0.342648 3.488061
-0.343177 3.487480
-0.343372 3.488201
-0.344096 3.488340
-0.344108 3.487664
-0.344819 3.488480
-0.345039 3.487847
-0.345543 3.488619
-0.345971 3.488031
-0.346267 3.488759
-0.346902 3.488215
-0.346991 3.488898
-0.347715 3.489038
-0.347833 3.488399
-0.348439 3.489177
-0.348764 3.488583
-0.349163 3.489317
-0.349696 3.488766
-0.349886 3.489456
-0.350610 3.489596
-0.350627 3.488950
-0.351334 3.489735
-0.351558 3.489134
-0.352058 3.489875
-0.352489 3.489318
-0.352782 3.490014
-0.353421 3.489501
-0.353506 3.490154
-0.354230 3.490293
-0.354352 3.489685
-0.354953 3.490433
-0.355283 3.489869
-0.355677 3.490572
-0.356214 3.490053
-0.356401 3.490712
-0.357125 3.490851
-0.357146 3.490237
-0.357849 3.490991
-0.358077 3.490420
-0.358573 3.491130
-0.359008 3.490604
-0.359297 3.491269
-0.359939 3.490788
-0.360020 3.491409
-0.360744 3.491548
-0.360871 3.490972
-0.361468 3.491688
-0.361802 3.491156
-0.362192 3.491827
-0.362733 3.491339
-0.362916 3.491967
-0.363640 3.492106
-0.363664 3.491523
-0.364364 3.492246
-0.364596 3.491707
-0.365087 3.492385
-0.365527 3.491891
-0.365811 3.492525
-0.366458 3.492074
-0.366535 3.492664
-0.367259 3.492804
-0.367389 3.492258
-0.367983 3.492943
-0.368321 3.492442
-0.368707 3.493083
-0.369252 3.492626
-0.369431 3.493222
-0.370154 3.493362
-0.370183 3.492810
-0.370878 3.493501
-0.371114 3.492993
-0.371602 3.493641
-0.372046 3.493177
-0.372326 3.493780
-0.372977 3.493361
-0.373050 3.493920
-0.373774 3.494059
-0.373908 3.493545
-0.374498 3.494199
-0.374839 3.493729
-0.375221 3.494338
-0.375771 3.493912
-0.375945 3.494478
-0.376669 3.494617
-0.376702 3.494096
-0.377393 3.494757
-0.377633 3.494280
-0.378117 3.494896
-0.378564 3.494464
-0.378841 3.495036
-0.379496 3.494647
-0.379565 3.495175
-0.380288 3.495315
-0.380427 3.494831
-0.381012 3.495454
-0.381358 3.495015
-0.381736 3.495594
-0.382289 3.495199
-0.382460 3.495733
-0.383184 3.495873
-0.383221 3.495383
-0.383908 3.496012
-0.384152 3.495566
-0.384632 3.496152
-0.385083 3.495750
-0.385355 3.496291
-0.386014 3.495934
-0.386079 3.496431
-0.386803 3.496570
-0.386946 3.496118
-0.387527 3.496710
-0.387877 3.496302
-0.388251 3.496849
-0.388808 3.496485
-0.388975 3.496989
-0.389699 3.497128
-0.389739 3.496669
-0.390422 3.497268
-0.390671 3.496853
-0.391146 3.497407
-0.391602 3.497037
-0.391870 3.497547
-0.392533 3.497220
-0.392594 3.497686
-0.393318 3.497826
-0.393465 3.497404
-0.394042 3.497965
-0.394396 3.497588
-0.394766 3.498105
-0.395327 3.497772
-0.395489 3.498244
-0.396213 3.498384
-0.396258 3.497956
-0.396937 3.498523
-0.397190 3.498139
-0.397661 3.498663
-0.398121 3.498323
-0.398385 3.498802
-0.399052 3.498507
-0.399109 3.498942
-0.399833 3.499081
-0.399983 3.498691
-0.400556 3.499221
-0.400915 3.498875
-0.401280 3.499360
-0.401846 3.499058
-0.402004 3.499500
-0.402728 3.499639
-0.402777 3.499242
-0.403452 3.499779
-0.403708 3.499426
-0.404176 3.499918
-0.404640 3.499610
-0.404900 3.500058
-0.405571 3.499794
-0.405623 3.500197
-0.406347 3.500337
-0.406502 3.499977
-0.407071 3.500476
-0.407433 3.500161
-0.407795 3.500616
-0.408365 3.500345
-0.408519 3.500755
-0.409243 3.500895
-0.409296 3.500529
-0.409967 3.501034
-0.410227 3.500712
-0.410690 3.501174
-0.411158 3.500896
-0.411414 3.501313
-0.412090 3.501080
-0.412138 3.501453
-0.412862 3.501592
-0.413021 3.501264
-0.413586 3.501732
-0.413952 3.501448
-0.414310 3.501871
-0.414883 3.501631
-0.415034 3.502011
-0.415757 3.502150
-0.415815 3.501815
-0.416481 3.502290
-0.416746 3.501999
-0.417205 3.502429
-0.417677 3.502183
-0.417929 3.502569
-0.418608 3.502367
-0.418653 3.502708
-0.419377 3.502848
-0.419540 3.502550
-0.420101 3.502987
-0.420471 3.502734
-0.420824 3.503127
-0.421402 3.502918
-0.421548 3.503266
-0.422272 3.503406
-0.422333 3.503102
-0.422996 3.503545
-0.423265 3.503285
-0.423720 3.503685
-0.424196 3.503469
-0.424444 3.503824
-0.425127 3.503653
-0.425168 3.503964
-0.425891 3.504103
-0.426058 3.503837
-0.426615 3.504243
-0.426990 3.504021
-0.427339 3.504382
-0.427921 3.504204
-0.428063 3.504522
-0.428787 3.504661
-0.428852 3.504388
-0.429511 3.504801
-0.429783 3.504572
-0.430235 3.504940
-0.430715 3.504756
-0.430958 3.505079
-0.431646 3.504940
-0.431682 3.505219
-0.432406 3.505358
-0.432577 3.505123
-0.433130 3.505498
-0.433508 3.505307
-0.433854 3.505637
-0.434440 3.505491
-0.434578 3.505777
-0.435302 3.505916
-0.435371 3.505675
-0.436025 3.506056
-0.436302 3.505858
-0.436749 3.506195
-0.437233 3.506042
-0.437473 3.506335
-0.438165 3.506226
-0.438197 3.506474
-0.438921 3.506614
-0.439096 3.506410
-0.439645 3.506753
-0.440027 3.506594
-0.440369 3.506893
-0.440958 3.506777
-0.441092 3.507032
-0.441816 3.507172
-0.441890 3.506961
-0.442540 3.507311
-0.442821 3.507145
-0.443264 3.507451
-0.443752 3.507329
-0.443988 3.507590
-0.444683 3.507513
-0.444712 3.507730
-0.445436 3.507869
-0.445615 3.507696
-0.446159 3.508009
-0.446546 3.507880
-0.446883 3.508148
-0.447477 3.508064
-0.447607 3.508288
-0.448331 3.508427
-0.448408 3.508248
-0.449055 3.508567
-0.449340 3.508431
-0.449779 3.508706
-0.450271 3.508615
-0.450503 3.508846
-0.451202 3.508799
-0.451226 3.508985
-0.451950 3.509125
-0.452133 3.508983
-0.452674 3.509264
-0.453065 3.509167
-0.453398 3.509404
-0.453996 3.509350
-0.454122 3.509543
-0.454846 3.509683
-0.454927 3.509534
-0.455570 3.509822
-0.455858 3.509718
-0.456293 3.509962
-0.456790 3.509902
-0.457017 3.510101
-0.457721 3.510086
-0.457741 3.510241
-0.458465 3.510380
-0.458652 3.510269
-0.459189 3.510520
-0.459583 3.510453
-0.459913 3.510659
-0.460515 3.510637
-0.460637 3.510799
-0.461360 3.510938
-0.461446 3.510821
-0.462084 3.511078
-0.462377 3.511004
-0.462808 3.511217
-0.463308 3.511188
-0.463532 3.511357
-0.464256 3.511496
-0.464240 3.511372
-0.464980 3.511636
-0.465171 3.511556
-0.465704 3.511775
-0.466102 3.511740
-0.466427 3.511915
-0.467033 3.511923
-0.467151 3.512054
-0.467875 3.512194
-0.467965 3.512107
-0.468599 3.512333
-0.468896 3.512291
-0.469323 3.512473
-0.469827 3.512475
-0.470047 3.512612
-0.470771 3.512752
-0.470758 3.512659
-0.471494 3.512891
-0.471690 3.512842
-0.472218 3.513031
-0.472621 3.513026
-0.472942 3.513170
-0.473552 3.513210
-0.473666 3.513310
-0.474390 3.513449
-0.474483 3.513394
-0.475114 3.513589
-0.475415 3.513577
-0.475838 3.513728
-0.476346 3.513761
-0.476561 3.513868
-0.477285 3.514007
-0.477277 3.513945
-0.478009 3.514147
-0.478208 3.514129
-0.478733 3.514286
-0.479140 3.514313
-0.479457 3.514426
-0.480071 3.514496
-0.480181 3.514565
-0.480905 3.514705
-0.481002 3.514680
-0.481628 3.514844
-0.481933 3.514864
-0.482352 3.514984
-0.482865 3.515048
-0.483076 3.515123
-0.483800 3.515263
-0.483796 3.515232
-0.484524 3.515402
-0.484727 3.515415
-0.485248 3.515542
-0.485658 3.515599
-0.485972 3.515681
-0.486590 3.515783
-0.486695 3.515821
-0.487419 3.515960
-0.487521 3.515967
-0.488143 3.516100
-0.488452 3.516151
-0.488867 3.516239
-0.489383 3.516334
-0.489591 3.516379