2.740652 -0.516593
2.740652 -0.516593
2.740499 -0.516121
2.740397 -0.515768
2.740397 -0.515768
2.740346 -0.515650
2.740365 -0.515639
2.740193 -0.515178
2.740142 -0.514944
2.740142 -0.514944
2.740039 -0.514707
2.740079 -0.514685
2.739886 -0.514235
2.739887 -0.514119
2.739887 -0.514119
2.739733 -0.513764
2.739792 -0.513731
2.739580 -0.513292
2.739632 -0.513294
2.739632 -0.513294
2.739427 -0.512821
2.739505 -0.512777
2.739378 -0.512470
2.739378 -0.512470
2.739273 -0.512349
2.739120 -0.511878
2.739218 -0.511823
2.739123 -0.511645
2.739123 -0.511645
2.738967 -0.511406
2.738814 -0.510934
2.738932 -0.510868
2.738868 -0.510820
2.738868 -0.510820
2.738661 -0.510463
2.738507 -0.509991
2.738613 -0.509995
2.738613 -0.509995
2.738645 -0.509914
2.738354 -0.509520
2.738358 -0.509171
2.738358 -0.509171
2.738201 -0.509048
2.738358 -0.508960
2.738048 -0.508577
2.738103 -0.508346
2.738103 -0.508346
2.737895 -0.508105
2.738071 -0.508006
2.737741 -0.507634
2.737848 -0.507521
2.737848 -0.507521
2.737588 -0.507162
2.737785 -0.507052
2.737435 -0.506691
2.737593 -0.506697
2.737593 -0.506697
2.737282 -0.506219
2.737498 -0.506098
2.737338 -0.505872
2.737338 -0.505872
2.737128 -0.505747
2.736975 -0.505276
2.737211 -0.505144
2.737083 -0.505047
2.737083 -0.505047
2.736822 -0.504804
2.736669 -0.504333
2.736828 -0.504223
2.736828 -0.504223
2.736924 -0.504190
2.736516 -0.503861
2.736362 -0.503390
2.736573 -0.503398
2.736573 -0.503398
2.736638 -0.503236
2.736209 -0.502918
2.736318 -0.502573
2.736318 -0.502573
2.736056 -0.502447
2.736351 -0.502282
2.735903 -0.501975
2.736063 -0.501749
2.736063 -0.501749
2.735750 -0.501504
2.736064 -0.501328
2.735596 -0.501032
2.735808 -0.500924
2.735808 -0.500924
2.735443 -0.500560
2.735777 -0.500374
2.735290 -0.500089
2.735553 -0.500099
2.735553 -0.500099
2.735137 -0.499617
2.735491 -0.499419
2.735298 -0.499275
2.735298 -0.499275
2.734984 -0.499146
2.734830 -0.498674
2.735043 -0.498450
2.735043 -0.498450
2.735204 -0.498465
2.734677 -0.498203
2.734524 -0.497731
2.734788 -0.497625
2.734788 -0.497625
2.734917 -0.497511
2.734371 -0.497260
2.734218 -0.496788
2.734534 -0.496801
2.734534 -0.496801
2.734630 -0.496557
2.734064 -0.496317
2.734279 -0.495976
2.734279 -0.495976
2.733911 -0.495845
2.734343 -0.495603
2.733758 -0.495373
2.734024 -0.495151
2.734024 -0.495151
2.733605 -0.494902
2.734057 -0.494649
2.733452 -0.494430
2.733769 -0.494326
2.733769 -0.494326
2.733298 -0.493959
2.733770 -0.493695
2.733145 -0.493487
2.733514 -0.493502
2.733514 -0.493502
2.732992 -0.493016
2.733483 -0.492741
2.733259 -0.492677
2.733259 -0.492677
2.732839 -0.492544
2.732685 -0.492073
2.733004 -0.491852
2.733004 -0.491852
2.733196 -0.491787
2.732532 -0.491601
2.732379 -0.491130
2.732749 -0.491028
2.732749 -0.491028
2.732910 -0.490833
2.732226 -0.490658
2.732073 -0.490186
2.732494 -0.490203
2.732494 -0.490203
2.732623 -0.489879
2.731919 -0.489715
2.732239 -0.489378
2.732239 -0.489378
2.731766 -0.489243
2.732336 -0.488925
2.731613 -0.488772
2.731984 -0.488554
2.731984 -0.488554
2.731460 -0.488300
2.732049 -0.487970
2.731307 -0.487829
2.731729 -0.487729
2.731729 -0.487729
2.731153 -0.487357
2.731000 -0.486886
2.731763 -0.487016
2.731474 -0.486904
2.731474 -0.486904
2.730847 -0.486414
2.731219 -0.486080
2.731219 -0.486080
2.730694 -0.485943
2.731476 -0.486062
2.730541 -0.485471
2.730964 -0.485255
2.730964 -0.485255
2.730387 -0.484999
2.731189 -0.485108
2.730234 -0.484528
2.730709 -0.484430
2.730709 -0.484430
2.730081 -0.484056
2.730902 -0.484154
2.729928 -0.483585
2.730454 -0.483606
2.730454 -0.483606
2.729775 -0.483113
2.730616 -0.483200
2.730199 -0.482781
2.730199 -0.482781
2.729621 -0.482642
2.729468 -0.482170
2.730329 -0.482246
2.729945 -0.481956
2.729945 -0.481956
2.729315 -0.481699
2.729162 -0.481227
2.730042 -0.481292
2.729690 -0.481132
2.729690 -0.481132
2.729009 -0.480756
2.728855 -0.480284
2.729435 -0.480307
2.729435 -0.480307
2.729755 -0.480338
2.728702 -0.479813
2.729180 -0.479482
2.729180 -0.479482
2.728549 -0.479341
2.729469 -0.479384
2.728396 -0.478869
2.728925 -0.478657
2.728925 -0.478657
2.728243 -0.478398
2.729182 -0.478430
2.728089 -0.477926
2.728670 -0.477833
2.728670 -0.477833
2.727936 -0.477455
2.728895 -0.477476
2.727783 -0.476983
2.728415 -0.477008
2.728415 -0.477008
2.727630 -0.476512
2.728608 -0.476521
2.728160 -0.476183
2.728160 -0.476183
2.727476 -0.476040
2.727323 -0.475569
2.728321 -0.475567
2.727905 -0.475359
2.727905 -0.475359
2.727170 -0.475097
2.727017 -0.474626
2.728035 -0.474613
2.727650 -0.474534
2.727650 -0.474534
2.726864 -0.474154
2.726710 -0.473682
2.727395 -0.473709
2.727395 -0.473709
2.727748 -0.473659
2.726557 -0.473211
2.727140 -0.472885
2.727140 -0.472885
2.726404 -0.472739
2.727461 -0.472705
2.726251 -0.472268
2.726885 -0.472060
2.726885 -0.472060
2.726098 -0.471796
2.727174 -0.471751
2.725944 -0.471325
2.726630 -0.471235
2.726630 -0.471235
2.725791 -0.470853
2.726888 -0.470797
2.725638 -0.470382
2.726375 -0.470411
2.726375 -0.470411
2.725485 -0.469910
2.726601 -0.469843
2.726120 -0.469586
2.726120 -0.469586
2.725332 -0.469439
2.725178 -0.468967
2.726314 -0.468889
2.725865 -0.468761
2.725865 -0.468761
2.725025 -0.468495
2.724872 -0.468024
2.725610 -0.467937
2.725610 -0.467937
2.726027 -0.467935
2.724719 -0.467552
2.724566 -0.467081
2.725355 -0.467112
2.725355 -0.467112
2.725741 -0.466981
2.724412 -0.466609
2.725101 -0.466287
2.725101 -0.466287
2.724259 -0.466138
2.725454 -0.466027
2.724106 -0.465666
2.724846 -0.465463
2.724846 -0.465463
2.723953 -0.465195
2.725167 -0.465072
2.723800 -0.464723
2.724591 -0.464638
2.724591 -0.464638
2.723646 -0.464252
2.724880 -0.464118
2.723493 -0.463780
2.724336 -0.463813
2.724336 -0.463813
2.723340 -0.463308
2.724594 -0.463164
2.723187 -0.462837
2.724081 -0.462988
2.724081 -0.462988
2.723033 -0.462365
2.723826 -0.462164
2.723826 -0.462164
2.724307 -0.462210
2.722880 -0.461894
2.722727 -0.461422
2.723571 -0.461339
2.723571 -0.461339
2.724020 -0.461256
2.722574 -0.460951
2.722421 -0.460479
2.723316 -0.460514
2.723316 -0.460514
2.723733 -0.460302
2.722267 -0.460008
2.722114 -0.459536
2.723061 -0.459690
2.723061 -0.459690
2.723446 -0.459348
2.721961 -0.459065
2.722806 -0.458865
2.722806 -0.458865
2.721808 -0.458593
2.723160 -0.458394
2.721655 -0.458121
2.722551 -0.458040
2.722551 -0.458040
2.721501 -0.457650
2.722873 -0.457440
2.721348 -0.457178
2.722296 -0.457216
2.722296 -0.457216
2.721195 -0.456707
2.721042 -0.456235
2.722586 -0.456486
2.722041 -0.456391
2.722041 -0.456391
2.720889 -0.455764
2.721786 -0.455566
2.721786 -0.455566
2.720735 -0.455292
2.722299 -0.455532
2.720582 -0.454821
2.721531 -0.454742
2.721531 -0.454742
2.720429 -0.454349
2.722013 -0.454578
2.720276 -0.453878
2.721276 -0.453917
2.721276 -0.453917
2.720123 -0.453406
2.721726 -0.453623
2.719969 -0.452934
2.721021 -0.453092
2.721021 -0.453092
2.719816 -0.452463
2.721439 -0.452669
2.720766 -0.452268
2.720766 -0.452268
2.719663 -0.451991
2.719510 -0.451520
2.721152 -0.451715
2.720512 -0.451443
2.720512 -0.451443
2.719357 -0.451048
2.719203 -0.450577
2.720866 -0.450761
2.720257 -0.450618
2.720257 -0.450618
2.719050 -0.450105
2.718897 -0.449634
2.720002 -0.449794
2.720002 -0.449794
2.720579 -0.449807
2.718744 -0.449162
2.719747 -0.448969
2.719747 -0.448969
2.718590 -0.448691
2.720292 -0.448853
2.718437 -0.448219
2.719492 -0.448144
2.719492 -0.448144
2.718284 -0.447747
2.720005 -0.447899
2.718131 -0.447276
2.719237 -0.447319
2.719237 -0.447319
2.717978 -0.446804
2.719719 -0.446945
2.717824 -0.446333
2.718982 -0.446495
2.718982 -0.446495
2.717671 -0.445861
2.719432 -0.445991
2.718727 -0.445670
2.718727 -0.445670
2.717518 -0.445390
2.717365 -0.444918
2.719145 -0.445037
2.718472 -0.444845
2.718472 -0.444845
2.717212 -0.444447
2.717058 -0.443975
2.718217 -0.444021
2.718217 -0.444021
2.718858 -0.444083
2.716905 -0.443504
2.716752 -0.443032
2.717962 -0.443196
2.717962 -0.443196
2.718572 -0.443129
2.716599 -0.442561
2.717707 -0.442371
2.717707 -0.442371
2.716446 -0.442089
2.718285 -0.442174
2.716292 -0.441617
2.717452 -0.441547
2.717452 -0.441547
2.716139 -0.441146
2.717998 -0.441220
2.715986 -0.440674
2.717197 -0.440722
2.717197 -0.440722
2.715833 -0.440203
2.717711 -0.440266
2.715680 -0.439731
2.716942 -0.439897
2.716942 -0.439897
2.715526 -0.439260
2.717424 -0.439312
2.716687 -0.439073
2.716687 -0.439073
2.715373 -0.438788
2.715220 -0.438317
2.716432 -0.438248
2.716432 -0.438248
2.717138 -0.438358
2.715067 -0.437845
2.714914 -0.437374
2.716177 -0.437423
2.716177 -0.437423
2.716851 -0.437404
2.714760 -0.436902
2.714607 -0.436430
2.715922 -0.436599
2.715922 -0.436599
2.716564 -0.436450
2.714454 -0.435959
2.715668 -0.435774
2.715668 -0.435774
2.714301 -0.435487
2.716277 -0.435496
2.714147 -0.435016
2.715413 -0.434949
2.715413 -0.434949
2.713994 -0.434544
2.715991 -0.434542
2.713841 -0.434073
2.715158 -0.434125
2.715158 -0.434125
2.713688 -0.433601
2.715704 -0.433588
2.713535 -0.433130
2.714903 -0.433300
2.714903 -0.433300
2.713381 -0.432658
2.715417 -0.432634
2.714648 -0.432475
2.714648 -0.432475
2.713228 -0.432187
2.713075 -0.431715
2.714393 -0.431650
2.714393 -0.431650
2.715130 -0.431680
2.712922 -0.431243
2.712769 -0.430772
2.714138 -0.430826
2.714138 -0.430826
2.714844 -0.430725
2.712615 -0.430300
2.712462 -0.429829
2.713883 -0.430001
2.713883 -0.430001
2.714557 -0.429771
2.712309 -0.429357
2.713628 -0.429176
2.713628 -0.429176
2.712156 -0.428886
2.714270 -0.428817
2.712003 -0.428414
2.713373 -0.428352
2.713373 -0.428352
2.711849 -0.427943
2.713983 -0.427863
2.711696 -0.427471
2.713118 -0.427527
2.713118 -0.427527
2.711543 -0.427000
2.713697 -0.426909
2.711390 -0.426528
2.712863 -0.426702
2.712863 -0.426702
2.711237 -0.426056
2.712608 -0.425878
2.712608 -0.425878
2.713410 -0.425955
2.711083 -0.425585
2.710930 -0.425113
2.712353 -0.425053
2.712353 -0.425053
2.710777 -0.424642
2.713123 -0.425001
2.710624 -0.424170
2.712098 -0.424228
2.712098 -0.424228
2.710471 -0.423699
2.712836 -0.424047
2.710317 -0.423227
2.711843 -0.423404
2.711843 -0.423404
2.710164 -0.422756
2.712550 -0.423093
2.711588 -0.422579
2.711588 -0.422579
2.710011 -0.422284
2.709858 -0.421813
2.712263 -0.422139
2.711333 -0.421754
2.711333 -0.421754
2.709704 -0.421341
2.709551 -0.420869
2.711976 -0.421185
2.711079 -0.420930
2.711079 -0.420930
2.709398 -0.420398
2.709245 -0.419926
2.710824 -0.420105
2.710824 -0.420105
2.711689 -0.420231
2.709092 -0.419455
2.710569 -0.419280
2.710569 -0.419280
2.708938 -0.418983
2.711402 -0.419276
2.708785 -0.418512
2.710314 -0.418456
2.710314 -0.418456
2.708632 -0.418040
2.711116 -0.418322
2.708479 -0.417569
2.710059 -0.417631
2.710059 -0.417631
2.708326 -0.417097
2.710829 -0.417368
2.708172 -0.416626
2.709804 -0.416806
2.709804 -0.416806
2.708019 -0.416154
2.710542 -0.416414
2.709549 -0.415981
2.709549 -0.415981
2.707866 -0.415682
2.707713 -0.415211
2.710255 -0.415460
2.709294 -0.415157
2.709294 -0.415157
2.707560 -0.414739
2.707406 -0.414268
2.709969 -0.414506
2.709039 -0.414332
2.709039 -0.414332
2.707253 -0.413796
2.707100 -0.413325
2.708784 -0.413507
2.708784 -0.413507
2.709682 -0.413552
2.706947 -0.412853
2.708529 -0.412683
2.708529 -0.412683
2.706794 -0.412382
2.709395 -0.412598
2.706640 -0.411910
2.708274 -0.411858
2.708274 -0.411858
2.706487 -0.411439
2.709108 -0.411644
2.706334 -0.410967
2.708019 -0.411033
2.708019 -0.411033
2.706181 -0.410495
2.708822 -0.410690
2.706028 -0.410024
2.707764 -0.410209
2.707764 -0.410209
2.705874 -0.409552
2.708535 -0.409736
2.707509 -0.409384
2.707509 -0.409384
2.705721 -0.409081
2.705568 -0.408609
2.708248 -0.408782
2.707254 -0.408559
2.707254 -0.408559
2.705415 -0.408138
2.705261 -0.407666
2.706999 -0.407735
2.706999 -0.407735
2.707961 -0.407827
2.705108 -0.407195
2.704955 -0.406723
2.706744 -0.406910
2.706744 -0.406910
2.707675 -0.406873
2.704802 -0.406252
2.706490 -0.406085
2.706490 -0.406085
2.704649 -0.405780
2.707388 -0.405919
2.704495 -0.405309
2.706235 -0.405261
2.706235 -0.405261
2.704342 -0.404837
2.707101 -0.404965
2.704189 -0.404365
2.705980 -0.404436
2.705980 -0.404436
2.704036 -0.403894
2.706814 -0.404011
2.703883 -0.403422
2.705725 -0.403611
2.705725 -0.403611
2.703729 -0.402951
2.706527 -0.403057
2.705470 -0.402787
2.705470 -0.402787
2.703576 -0.402479
2.703423 -0.402008
2.705215 -0.401962
2.705215 -0.401962
2.706241 -0.402103
2.703270 -0.401536
2.703117 -0.401065
2.704960 -0.401137
2.704960 -0.401137
2.705954 -0.401149
2.702963 -0.400593
2.702810 -0.400122
2.704705 -0.400312
2.704705 -0.400312
2.705667 -0.400195
2.702657 -0.399650
2.704450 -0.399488
2.704450 -0.399488
2.702504 -0.399178
2.705380 -0.399241
2.702351 -0.398707
2.704195 -0.398663
2.704195 -0.398663
2.702197 -0.398235
2.705094 -0.398287
2.702044 -0.397764
2.703940 -0.397838
2.703940 -0.397838
2.701891 -0.397292
2.704807 -0.397333
2.701738 -0.396821
2.703685 -0.397014
2.703685 -0.397014
2.701585 -0.396349
2.704520 -0.396378
2.703430 -0.396189
2.703430 -0.396189
2.701431 -0.395878
2.701278 -0.395406
2.703175 -0.395364
2.703175 -0.395364
2.704233 -0.395424
2.701125 -0.394935
2.700972 -0.394463
2.702920 -0.394540
2.702920 -0.394540
2.703947 -0.394470
2.700818 -0.393991
2.700665 -0.393520
2.702665 -0.393715
2.702665 -0.393715
2.703660 -0.393516
2.700512 -0.393048
2.702410 -0.392890
2.702410 -0.392890
2.700359 -0.392577
2.700206 -0.392105
2.703373 -0.392562
2.702155 -0.392066
2.702155 -0.392066
2.700052 -0.391634
2.699899 -0.391162
2.703086 -0.391608
2.701900 -0.391241
2.701900 -0.391241
2.699746 -0.390691
2.699593 -0.390219
2.702800 -0.390654
2.701646 -0.390416
2.701646 -0.390416
2.699440 -0.389748
2.701391 -0.389592
2.701391 -0.389592
2.699286 -0.389276
2.702513 -0.389700
2.699133 -0.388804
2.701136 -0.388767
2.701136 -0.388767
2.698980 -0.388333
2.702226 -0.388746
2.698827 -0.387861
2.700881 -0.387942
2.700881 -0.387942
2.698674 -0.387390
2.701939 -0.387792
2.698520 -0.386918
2.700626 -0.387118
2.700626 -0.387118
2.698367 -0.386447
2.701653 -0.386838
2.700371 -0.386293
2.700371 -0.386293
2.698214 -0.385975
2.698061 -0.385504
2.701366 -0.385884
2.700116 -0.385468
2.700116 -0.385468
2.697908 -0.385032
2.697754 -0.384561
2.701079 -0.384929
2.699861 -0.384643
2.699861 -0.384643
2.697601 -0.384089
2.697448 -0.383617
2.699606 -0.383819
2.699606 -0.383819
2.700792 -0.383975
2.697295 -0.383146
2.699351 -0.382994
2.699351 -0.382994
2.697142 -0.382674
2.700505 -0.383021
2.696988 -0.382203
2.699096 -0.382169
2.699096 -0.382169
2.696835 -0.381731
2.700219 -0.382067
2.696682 -0.381260
2.698841 -0.381345
2.698841 -0.381345
2.696529 -0.380788
2.699932 -0.381113
2.696376 -0.380317
2.698586 -0.380520
2.698586 -0.380520
2.696222 -0.379845
2.699645 -0.380159
2.698331 -0.379695
2.698331 -0.379695
2.696069 -0.379374
2.695916 -0.378902
2.699358 -0.379205
2.698076 -0.378871
2.698076 -0.378871
2.695763 -0.378430
2.695609 -0.377959
2.699072 -0.378251
2.697821 -0.378046
2.697821 -0.378046
2.695456 -0.377487
2.695303 -0.377016
2.697566 -0.377221
2.697566 -0.377221
2.698785 -0.377297
2.697311 -0.376397
2.697311 -0.376397
2.695014 -0.376057
2.698498 -0.376343
2.697057 -0.375572
2.697057 -0.375572
2.694726 -0.375099
2.698211 -0.375389
2.696802 -0.374747
2.696802 -0.374747
2.694437 -0.374140
2.697925 -0.374435
2.696547 -0.373923
2.696547 -0.373923
2.694148 -0.373182
2.697638 -0.373480
2.696292 -0.373098
2.696292 -0.373098
2.693860 -0.372223
2.697351 -0.372526
2.696037 -0.372273
2.696037 -0.372273
2.693571 -0.371265
2.695782 -0.371449
2.695782 -0.371449
2.697064 -0.371572
2.695527 -0.370624
2.695527 -0.370624
2.693282 -0.370306
2.696778 -0.370618
2.695272 -0.369799
2.695272 -0.369799
2.692994 -0.369347
2.696491 -0.369664
2.695017 -0.368974
2.695017 -0.368974
2.692705 -0.368389
2.696204 -0.368710
2.694762 -0.368150
2.694762 -0.368150
2.692416 -0.367430
2.695917 -0.367756
2.694507 -0.367325
2.694507 -0.367325
2.692127 -0.366472
2.695631 -0.366802
2.694252 -0.366500
2.694252 -0.366500
2.691839 -0.365513
2.693997 -0.365676
2.693997 -0.365676
2.695344 -0.365848
2.691550 -0.364555
2.693742 -0.364851
2.693742 -0.364851
2.695057 -0.364894
2.693487 -0.364026
2.693487 -0.364026
2.691261 -0.363596
2.694770 -0.363940
2.693232 -0.363202
2.693232 -0.363202
2.690973 -0.362638
2.694483 -0.362986
2.692977 -0.362377
2.692977 -0.362377
2.690684 -0.361679
2.694197 -0.362031
2.692722 -0.361552
2.692722 -0.361552
2.690395 -0.360720
2.693910 -0.361077
2.692467 -0.360728
2.692467 -0.360728
2.690107 -0.359762
2.693623 -0.360123
2.692213 -0.359903
2.692213 -0.359903
2.689818 -0.358803
2.691958 -0.359078
2.691958 -0.359078
2.693336 -0.359169
2.691703 -0.358254
2.691703 -0.358254
2.689529 -0.357845
2.693050 -0.358215
2.691448 -0.357429
2.691448 -0.357429
2.689241 -0.356886
2.692763 -0.357261
2.691193 -0.356604
2.691193 -0.356604
2.688952 -0.355928
2.692476 -0.356307
2.690938 -0.355779
2.690938 -0.355779
2.688663 -0.354969
2.692189 -0.355353
2.690683 -0.354955
2.690683 -0.354955
2.688374 -0.354011
2.691903 -0.354399
2.690428 -0.354130
2.690428 -0.354130
2.688086 -0.353052
2.690173 -0.353305
2.690173 -0.353305
2.691616 -0.353445
2.689918 -0.352481
2.689918 -0.352481
2.687797 -0.352093
2.691329 -0.352491
2.689663 -0.351656
2.689663 -0.351656
2.687508 -0.351135
2.691042 -0.351537
2.689408 -0.350831
2.689408 -0.350831
2.687220 -0.350176
2.690756 -0.350582
2.689153 -0.350007
2.689153 -0.350007
2.686931 -0.349218
2.690469 -0.349628
2.688898 -0.349182
2.688898 -0.349182
2.686642 -0.348259
2.690182 -0.348674
2.688643 -0.348357
2.688643 -0.348357
2.686354 -0.347301
2.688388 -0.347533
2.688388 -0.347533
2.689895 -0.347720
2.688133 -0.346708
2.688133 -0.346708
2.686065 -0.346342
2.689609 -0.346766
2.687878 -0.345883
2.687878 -0.345883
2.685776 -0.345384
2.689322 -0.345812
2.687624 -0.345059
2.687624 -0.345059
2.685488 -0.344425
2.689035 -0.344858
2.687369 -0.344234
2.687369 -0.344234
2.685199 -0.343466
2.688748 -0.343904
2.687114 -0.343409
2.687114 -0.343409
2.684910 -0.342508
2.688461 -0.342950
2.686859 -0.342585
2.686859 -0.342585
2.684621 -0.341549
2.688175 -0.341996
2.686604 -0.341760
2.686604 -0.341760
2.686349 -0.340935
2.686349 -0.340935
2.684333 -0.340591
2.687888 -0.341042
2.686094 -0.340110
2.686094 -0.340110
2.687601 -0.340088
2.684044 -0.339632
2.685839 -0.339286
2.685839 -0.339286
2.687314 -0.339133
2.683755 -0.338674
2.685584 -0.338461
2.685584 -0.338461
2.687028 -0.338179
2.683467 -0.337715
2.685329 -0.337636
2.685329 -0.337636
2.686741 -0.337225
2.683178 -0.336757
2.685074 -0.336812
2.685074 -0.336812
2.686454 -0.336271
2.682889 -0.335798
2.684819 -0.335987
2.684819 -0.335987
2.684564 -0.335162
2.684564 -0.335162
2.686167 -0.335317
2.682601 -0.334839
2.684309 -0.334338
2.684309 -0.334338
2.685881 -0.334363
2.682312 -0.333881
2.684054 -0.333513
2.684054 -0.333513
2.685594 -0.333409
2.682023 -0.332922
2.683799 -0.332688
2.683799 -0.332688
2.685307 -0.332455
2.681734 -0.331964
2.683544 -0.331864
2.683544 -0.331864
2.685020 -0.331501
2.681446 -0.331005
2.683289 -0.331039
2.683289 -0.331039
2.684734 -0.330547
2.681157 -0.330047
2.683034 -0.330214
2.683034 -0.330214
2.682780 -0.329390
2.682780 -0.329390
2.684447 -0.329593
2.680868 -0.329088
2.682525 -0.328565
2.682525 -0.328565
2.684160 -0.328639
2.680580 -0.328130
2.682270 -0.327740
2.682270 -0.327740
2.683873 -0.327684
2.680291 -0.327171
2.682015 -0.326916
2.682015 -0.326916
2.683586 -0.326730
2.680002 -0.326212
2.681760 -0.326091
2.681760 -0.326091
2.683300 -0.325776
2.679714 -0.325254
2.681505 -0.325266
2.681505 -0.325266
2.683013 -0.324822
2.679425 -0.324295
2.681250 -0.324441
2.681250 -0.324441
2.682726 -0.323868
2.680995 -0.323617
2.680995 -0.323617
2.679136 -0.323337
2.680740 -0.322792
2.680740 -0.322792
2.682439 -0.322914
2.678848 -0.322378
2.680485 -0.321967
2.680485 -0.321967
2.682153 -0.321960
2.678559 -0.321420
2.680230 -0.321143
2.680230 -0.321143
2.681866 -0.321006
2.678270 -0.320461
2.679975 -0.320318
2.679975 -0.320318
2.681579 -0.320052
2.677981 -0.319503
2.679720 -0.319493
2.679720 -0.319493
2.681292 -0.319098
2.677693 -0.318544
2.679465 -0.318669
2.679465 -0.318669
2.681006 -0.318144
2.679210 -0.317844
2.679210 -0.317844
2.677404 -0.317585
2.678955 -0.317019
2.678955 -0.317019
2.680719 -0.317190
2.677115 -0.316627
2.678700 -0.316195
2.678700 -0.316195
2.680432 -0.316235
2.676827 -0.315668
2.678445 -0.315370
2.678445 -0.315370
2.680145 -0.315281
2.676538 -0.314710
2.678191 -0.314545
2.678191 -0.314545
2.679859 -0.314327
2.676249 -0.313751
2.677936 -0.313721
2.677936 -0.313721
2.679572 -0.313373
2.675961 -0.312793
2.677681 -0.312896
2.677681 -0.312896
2.679285 -0.312419
2.677426 -0.312071
2.677426 -0.312071
2.675672 -0.311834
2.678998 -0.311465
2.677171 -0.311247
2.677171 -0.311247
2.675383 -0.310876
2.676916 -0.310422
2.676916 -0.310422
2.678712 -0.310511
2.675095 -0.309917
2.676661 -0.309597
2.676661 -0.309597
2.678425 -0.309557
2.674806 -0.308958
2.676406 -0.308772
2.676406 -0.308772
2.678138 -0.308603
2.674517 -0.308000
2.676151 -0.307948
2.676151 -0.307948
2.677851 -0.307649
2.674228 -0.307041
2.675896 -0.307123
2.675896 -0.307123
2.677564 -0.306695
2.675641 -0.306298
2.675641 -0.306298
2.673940 -0.306083
2.677278 -0.305741
2.675386 -0.305474
2.675386 -0.305474
2.673651 -0.305124
2.675131 -0.304649
2.675131 -0.304649
2.676991 -0.304786
2.673362 -0.304166
2.674876 -0.303824
2.674876 -0.303824
2.676704 -0.303832
2.673074 -0.303207
2.674621 -0.303000
2.674621 -0.303000
2.676417 -0.302878
2.672785 -0.302249
2.674366 -0.302175
2.674366 -0.302175
2.676131 -0.301924
2.672496 -0.301290
2.674111 -0.301350
2.674111 -0.301350
2.675844 -0.300970
2.673856 -0.300526
2.673856 -0.300526
2.672208 -0.300331
2.675557 -0.300016
2.673601 -0.299701
2.673601 -0.299701
2.671919 -0.299373
2.673347 -0.298876
2.673347 -0.298876
2.675270 -0.299062
2.671630 -0.298414
2.673092 -0.298052
2.673092 -0.298052
2.674984 -0.298108
2.671342 -0.297456
2.672837 -0.297227
2.672837 -0.297227
2.674697 -0.297154
2.671053 -0.296497
2.672582 -0.296402
2.672582 -0.296402
2.674410 -0.296200
2.670764 -0.295539
2.672327 -0.295578
2.672327 -0.295578
2.674123 -0.295246
2.670475 -0.294580
2.672072 -0.294753
2.672072 -0.294753
2.673837 -0.294292
2.671817 -0.293928
2.671817 -0.293928
2.670187 -0.293622
2.673550 -0.293337
2.671562 -0.293103
2.671562 -0.293103
2.669898 -0.292663
2.671307 -0.292279
2.671307 -0.292279
2.673263 -0.292383
2.669609 -0.291704
2.671052 -0.291454
2.671052 -0.291454
2.672976 -0.291429
2.669321 -0.290746
2.670797 -0.290629
2.670797 -0.290629
2.672690 -0.290475
2.669032 -0.289787
2.670542 -0.289805
2.670542 -0.289805
2.672403 -0.289521
2.668743 -0.288829
2.670287 -0.288980
2.670287 -0.288980
2.672116 -0.288567
2.670032 -0.288155
2.670032 -0.288155
2.668455 -0.287870
2.671829 -0.287613
2.669777 -0.287331
2.669777 -0.287331
2.668166 -0.286912
2.669522 -0.286506
2.669522 -0.286506
2.671542 -0.286659
2.667877 -0.285953
2.669267 -0.285681
2.669267 -0.285681
2.671256 -0.285705
2.667589 -0.284995
2.669012 -0.284857
2.669012 -0.284857
2.670969 -0.284751
2.667300 -0.284036
2.668758 -0.284032
2.668758 -0.284032
2.670682 -0.283797
2.667011 -0.283077
2.668503 -0.283207
2.668503 -0.283207
2.670395 -0.282843
2.668248 -0.282383
2.668248 -0.282383
2.666722 -0.282119
2.670109 -0.281888
2.667993 -0.281558
2.667993 -0.281558
2.666434 -0.281160
2.667738 -0.280733
2.667738 -0.280733
2.669822 -0.280934
2.666145 -0.280202
2.667483 -0.279909
2.667483 -0.279909
2.669535 -0.279980
2.665856 -0.279243
2.667228 -0.279084
2.667228 -0.279084
2.669248 -0.279026
2.665568 -0.278285
2.666973 -0.278259
2.666973 -0.278259
2.668962 -0.278072
2.665279 -0.277326
2.666718 -0.277434
2.666718 -0.277434
2.668675 -0.277118
2.666463 -0.276610
2.666463 -0.276610
2.664990 -0.276368
2.668388 -0.276164
2.666208 -0.275785
2.666208 -0.275785
2.664702 -0.275409
2.668101 -0.275210
2.665953 -0.274960
2.665953 -0.274960
2.664413 -0.274450
2.665698 -0.274136
2.665698 -0.274136
2.667815 -0.274256
2.664124 -0.273492
2.665443 -0.273311
2.665443 -0.273311
2.667528 -0.273302
2.663836 -0.272533
2.665188 -0.272486
2.665188 -0.272486
2.667241 -0.272348
2.663547 -0.271575
2.664933 -0.271662
2.664933 -0.271662
2.666954 -0.271394
2.664678 -0.270837
2.664678 -0.270837
2.663258 -0.270616
2.666667 -0.270439
2.664423 -0.270012
2.664423 -0.270012
2.662969 -0.269658
2.666381 -0.269485
2.664168 -0.269188
2.664168 -0.269188
2.662681 -0.268699
2.663914 -0.268363
2.663914 -0.268363
2.666094 -0.268531
2.662392 -0.267741
2.663659 -0.267538
2.663659 -0.267538
2.665807 -0.267577
2.662103 -0.266782
2.663404 -0.266714
2.663404 -0.266714
2.665520 -0.266623
2.661815 -0.265823
2.663149 -0.265889
2.663149 -0.265889
2.665234 -0.265669
2.662894 -0.265064
2.662894 -0.265064
2.661526 -0.264865
2.664947 -0.264715
2.662639 -0.264240
2.662639 -0.264240
2.661237 -0.263906
2.664660 -0.263761
2.662384 -0.263415
2.662384 -0.263415
2.660949 -0.262948
2.662129 -0.262590
2.662129 -0.262590
2.664373 -0.262807
2.660660 -0.261989
2.661874 -0.261765
2.661874 -0.261765
2.664087 -0.261853
2.660371 -0.261031
2.661619 -0.260941
2.661619 -0.260941
2.663800 -0.260899
2.660083 -0.260072
2.661364 -0.260116
2.661364 -0.260116
2.663513 -0.259945
2.661109 -0.259291
2.661109 -0.259291
2.659794 -0.259114
2.663226 -0.258990
2.660854 -0.258467
2.660854 -0.258467
2.659505 -0.258155
2.662940 -0.258036
2.660599 -0.257642
2.660599 -0.257642
2.659216 -0.257196
2.662653 -0.257082
2.660344 -0.256817
2.660344 -0.256817
2.658928 -0.256238
2.660089 -0.255993
2.660089 -0.255993
2.662366 -0.256128
2.658639 -0.255279
2.659834 -0.255168
2.659834 -0.255168
2.662079 -0.255174
2.658350 -0.254321
2.659579 -0.254343
2.659579 -0.254343
2.661793 -0.254220
2.659325 -0.253519
2.659325 -0.253519
2.658062 -0.253362
2.661506 -0.253266
2.659070 -0.252694
2.659070 -0.252694
2.657773 -0.252404
2.661219 -0.252312
2.658815 -0.251869
2.658815 -0.251869
2.657484 -0.251445
2.660932 -0.251358
2.658560 -0.251045
2.658560 -0.251045
2.657196 -0.250487
2.658305 -0.250220
2.658305 -0.250220
2.660645 -0.250404
2.656907 -0.249528
2.658050 -0.249395
2.658050 -0.249395
2.660359 -0.249450
2.656618 -0.248569
2.657795 -0.248571
2.657795 -0.248571
2.660072 -0.248496
2.657540 -0.247746
2.657540 -0.247746
2.656330 -0.247611
2.659785 -0.247541
2.657285 -0.246921
2.657285 -0.246921
2.656041 -0.246652
2.659498 -0.246587
2.657030 -0.246096
2.657030 -0.246096
2.655752 -0.245694
2.659212 -0.245633
2.656775 -0.245272
2.656775 -0.245272
2.655463 -0.244735
2.658925 -0.244679
2.656520 -0.244447
2.656520 -0.244447
2.655175 -0.243777
2.656265 -0.243622
2.656265 -0.243622
2.658638 -0.243725
2.654886 -0.242818
2.656010 -0.242798
2.656010 -0.242798
2.658351 -0.242771
2.655755 -0.241973
2.655755 -0.241973
2.654597 -0.241860
2.658065 -0.241817
2.655500 -0.241148
2.655500 -0.241148
2.654309 -0.240901
2.657778 -0.240863
2.655245 -0.240324
2.655245 -0.240324
2.654020 -0.239942
2.657491 -0.239909
2.654990 -0.239499
2.654990 -0.239499
2.653731 -0.238984
2.657204 -0.238955
2.654735 -0.238674
2.654735 -0.238674
2.653443 -0.238025
2.654481 -0.237850
2.654481 -0.237850
2.656918 -0.238001
2.653154 -0.237067
2.654226 -0.237025
2.654226 -0.237025
2.656631 -0.237047
2.652865 -0.236108
2.653971 -0.236200
2.653971 -0.236200
2.656344 -0.236092
2.653716 -0.235376
2.653716 -0.235376
2.652577 -0.235150
2.656057 -0.235138
2.653461 -0.234551
2.653461 -0.234551
2.652288 -0.234191
2.655771 -0.234184
2.653206 -0.233726
2.653206 -0.233726
2.651999 -0.233233
2.655484 -0.233230
2.652951 -0.232902
2.652951 -0.232902
2.651710 -0.232274
2.652696 -0.232077
2.652696 -0.232077
2.655197 -0.232276
2.651422 -0.231315
2.652441 -0.231252
2.652441 -0.231252
2.654910 -0.231322
2.651133 -0.230357
2.652186 -0.230427
2.652186 -0.230427
2.654623 -0.230368
2.651931 -0.229603
2.651931 -0.229603
2.650844 -0.229398
2.654337 -0.229414
2.651676 -0.228778
2.651676 -0.228778
2.650556 -0.228440
2.654050 -0.228460
2.651421 -0.227953
2.651421 -0.227953
2.650267 -0.227481
2.653763 -0.227506
2.651166 -0.227129
2.651166 -0.227129
2.649978 -0.226523
2.653476 -0.226552
2.650911 -0.226304
2.650911 -0.226304
2.649690 -0.225564
2.650656 -0.225479
2.650656 -0.225479
2.653190 -0.225598
2.649401 -0.224606
2.650401 -0.224655
2.650401 -0.224655
2.652903 -0.224643
2.650146 -0.223830
2.650146 -0.223830
2.649112 -0.223647
2.652616 -0.223689
2.649892 -0.223005
2.649892 -0.223005
2.648824 -0.222688
2.652329 -0.222735
2.649637 -0.222181
2.649637 -0.222181
2.648535 -0.221730
2.652043 -0.221781
2.649382 -0.221356
2.649382 -0.221356
2.648246 -0.220771
2.651756 -0.220827
2.649127 -0.220531
2.649127 -0.220531
2.647957 -0.219813
2.648872 -0.219707
2.648872 -0.219707
2.651469 -0.219873
2.647669 -0.218854
2.648617 -0.218882
2.648617 -0.218882
2.651182 -0.218919
2.648362 -0.218057
2.648362 -0.218057
2.647380 -0.217896
2.650896 -0.217965
2.648107 -0.217233
2.648107 -0.217233
2.647091 -0.216937
2.650609 -0.217011
2.647852 -0.216408
2.647852 -0.216408
2.646803 -0.215979
2.650322 -0.216057
2.647597 -0.215583
2.647597 -0.215583
2.646514 -0.215020
2.650035 -0.215103
2.647342 -0.214758
2.647342 -0.214758
2.646225 -0.214061
2.647087 -0.213934
2.647087 -0.213934
2.649748 -0.214149
2.645937 -0.213103
2.646832 -0.213109
2.646832 -0.213109
2.649462 -0.213194
2.646577 -0.212284
2.646577 -0.212284
2.645648 -0.212144
2.649175 -0.212240
2.646322 -0.211460
2.646322 -0.211460
2.645359 -0.211186
2.648888 -0.211286
2.646067 -0.210635
2.646067 -0.210635
2.645071 -0.210227
2.648601 -0.210332
2.645812 -0.209810
2.645812 -0.209810
2.644782 -0.209269
2.648315 -0.209378
2.645557 -0.208986
2.645557 -0.208986
2.644493 -0.208310
2.648028 -0.208424
2.645302 -0.208161
2.645302 -0.208161
2.644204 -0.207352
2.645048 -0.207336
2.645048 -0.207336
2.647741 -0.207470
2.644793 -0.206512
2.644793 -0.206512
2.643916 -0.206393
2.647454 -0.206516
2.644538 -0.205687
2.644538 -0.205687
2.643627 -0.205434
2.647168 -0.205562
2.644283 -0.204862
2.644283 -0.204862
2.643338 -0.204476
2.646881 -0.204608
2.644028 -0.204038
2.644028 -0.204038
2.643050 -0.203517
2.646594 -0.203654
2.643773 -0.203213
2.643773 -0.203213
2.642761 -0.202559
2.646307 -0.202700
2.643518 -0.202388
2.643518 -0.202388
2.642472 -0.201600
2.643263 -0.201564
2.643263 -0.201564
2.646021 -0.201745
2.643008 -0.200739
2.643008 -0.200739
2.642184 -0.200642
2.645734 -0.200791
2.642753 -0.199914
2.642753 -0.199914
2.641895 -0.199683
2.645447 -0.199837
2.642498 -0.199089
2.642498 -0.199089
2.641606 -0.198725
2.645160 -0.198883
2.642243 -0.198265
2.642243 -0.198265
2.641317 -0.197766
2.644874 -0.197929
2.641988 -0.197440
2.641988 -0.197440
2.641029 -0.196808
2.644587 -0.196975
2.641733 -0.196615
2.641733 -0.196615
2.640740 -0.195849
2.644300 -0.196021
2.641478 -0.195791
2.641478 -0.195791
2.641223 -0.194966
2.641223 -0.194966
2.640451 -0.194890
2.644013 -0.195067
2.640968 -0.194141
2.640968 -0.194141
2.640163 -0.193932
2.643726 -0.194113
2.640713 -0.193317
2.640713 -0.193317
2.639874 -0.192973
2.643440 -0.193159
2.640459 -0.192492
2.640459 -0.192492
2.639585 -0.192015
2.643153 -0.192205
2.640204 -0.191667
2.640204 -0.191667
2.639297 -0.191056
2.642866 -0.191250
2.639949 -0.190843
2.639949 -0.190843
2.639008 -0.190098
2.642579 -0.190296
2.639694 -0.190018
2.639694 -0.190018
2.639439 -0.189193
2.639439 -0.189193
2.638719 -0.189139
2.642293 -0.189342
2.639184 -0.188369
2.639184 -0.188369
2.638431 -0.188181
2.642006 -0.188388
2.638929 -0.187544
2.638929 -0.187544
2.638142 -0.187222
2.641719 -0.187434
2.638674 -0.186719
2.638674 -0.186719
2.637853 -0.186263
2.641432 -0.186480
2.638419 -0.185895
2.638419 -0.185895
2.637564 -0.185305
2.641146 -0.185526
2.638164 -0.185070
2.638164 -0.185070
2.637276 -0.184346
2.640859 -0.184572
2.637909 -0.184245
2.637909 -0.184245
2.636987 -0.183388
2.637654 -0.183420
2.637654 -0.183420
2.640572 -0.183618
2.637399 -0.182596
2.637399 -0.182596
2.636698 -0.182429
2.640285 -0.182664
2.637144 -0.181771
2.637144 -0.181771
2.636410 -0.181471
2.639999 -0.181710
2.636889 -0.180946
2.636889 -0.180946
2.636121 -0.180512
2.639712 -0.180756
2.636634 -0.180122
2.636634 -0.180122
2.639425 -0.179801
2.635832 -0.179554
2.636379 -0.179297
2.636379 -0.179297
2.639138 -0.178847
2.635544 -0.178595
2.636124 -0.178472
2.636124 -0.178472
2.638852 -0.177893
2.635255 -0.177636
2.635869 -0.177648
2.635869 -0.177648
2.635615 -0.176823
2.635615 -0.176823
2.638565 -0.176939
2.634966 -0.176678
2.635360 -0.175998
2.635360 -0.175998
2.638278 -0.175985
2.634678 -0.175719
2.635105 -0.175174
2.635105 -0.175174
2.637991 -0.175031
2.634389 -0.174761
2.634850 -0.174349
2.634850 -0.174349
2.637704 -0.174077
2.634100 -0.173802
2.634595 -0.173524
2.634595 -0.173524
2.637418 -0.173123
2.633811 -0.172844
2.634340 -0.172700
2.634340 -0.172700
2.637131 -0.172169
2.633523 -0.171885
2.634085 -0.171875
2.634085 -0.171875
2.633830 -0.171050
2.633830 -0.171050
2.636844 -0.171215
2.633234 -0.170927
2.633575 -0.170225
2.633575 -0.170225
2.636557 -0.170261
2.632945 -0.169968
2.633320 -0.169401
2.633320 -0.169401
2.636271 -0.169307
2.632657 -0.169009
2.633065 -0.168576
2.633065 -0.168576
2.635984 -0.168352
2.632368 -0.168051
2.632810 -0.167751
2.632810 -0.167751
2.635697 -0.167398
2.632079 -0.167092
2.632555 -0.166927
2.632555 -0.166927
2.635410 -0.166444
2.631791 -0.166134
2.632300 -0.166102
2.632300 -0.166102
2.635124 -0.165490
2.632045 -0.165277
2.632045 -0.165277
2.631502 -0.165175
2.631790 -0.164453
2.631790 -0.164453
2.634837 -0.164536
2.631213 -0.164217
2.631535 -0.163628
2.631535 -0.163628
2.634550 -0.163582
2.630925 -0.163258
2.631280 -0.162803
2.631280 -0.162803
2.634263 -0.162628
2.630636 -0.162300
2.631026 -0.161979
2.631026 -0.161979
2.633977 -0.161674
2.630347 -0.161341
2.630771 -0.161154
2.630771 -0.161154
2.633690 -0.160720
2.630058 -0.160382
2.630516 -0.160329
2.630516 -0.160329
2.633403 -0.159766
2.630261 -0.159505
2.630261 -0.159505
2.629770 -0.159424
2.630006 -0.158680
2.630006 -0.158680
2.633116 -0.158812
2.629481 -0.158465
2.629751 -0.157855
2.629751 -0.157855
2.632830 -0.157858
2.629192 -0.157507
2.629496 -0.157031
2.629496 -0.157031
2.632543 -0.156903
2.628904 -0.156548
2.629241 -0.156206
2.629241 -0.156206
2.632256 -0.155949
2.628615 -0.155590
2.628986 -0.155381
2.628986 -0.155381
2.631969 -0.154995
2.628326 -0.154631
2.628731 -0.154556
2.628731 -0.154556
2.631682 -0.154041
2.628476 -0.153732
2.628476 -0.153732
2.628038 -0.153673
2.628221 -0.152907
2.628221 -0.152907
2.631396 -0.153087
2.627749 -0.152714
2.627966 -0.152082
2.627966 -0.152082
2.631109 -0.152133
2.627460 -0.151755
2.627711 -0.151258
2.627711 -0.151258
2.630822 -0.151179
2.627172 -0.150797
2.627456 -0.150433
2.627456 -0.150433
2.630535 -0.150225
2.626883 -0.149838
2.627201 -0.149608
2.627201 -0.149608
2.630249 -0.149271
2.626594 -0.148880
2.626946 -0.148784
2.626946 -0.148784
2.629962 -0.148317
2.626691 -0.147959
2.626691 -0.147959
2.626305 -0.147921
2.629675 -0.147363
2.626436 -0.147134
2.626436 -0.147134
2.626017 -0.146963
2.626182 -0.146310
2.626182 -0.146310
2.629388 -0.146409
2.625728 -0.146004
2.625927 -0.145485
2.625927 -0.145485
2.629102 -0.145454
2.625439 -0.145046
2.625672 -0.144660
2.625672 -0.144660
2.628815 -0.144500
2.625151 -0.144087
2.625417 -0.143836
2.625417 -0.143836
2.628528 -0.143546
2.624862 -0.143128
2.625162 -0.143011
2.625162 -0.143011
2.628241 -0.142592
2.624573 -0.142170
2.624907 -0.142186
2.624907 -0.142186
2.627955 -0.141638
2.624652 -0.141362
2.624652 -0.141362
2.624285 -0.141211
2.624397 -0.140537
2.624397 -0.140537
2.627668 -0.140684
2.623996 -0.140253
2.624142 -0.139712
2.624142 -0.139712
2.627381 -0.139730
2.623707 -0.139294
2.623887 -0.138887
2.623887 -0.138887
2.627094 -0.138776
2.623419 -0.138336
2.623632 -0.138063
2.623632 -0.138063
2.626807 -0.137822
2.623130 -0.137377
2.623377 -0.137238
2.623377 -0.137238
2.626521 -0.136868
2.622841 -0.136419
2.623122 -0.136413
2.623122 -0.136413
2.626234 -0.135914
2.622867 -0.135589
2.622867 -0.135589
2.622552 -0.135460
2.625947 -0.134960
2.622612 -0.134764
2.622612 -0.134764
2.622264 -0.134501
2.622357 -0.133939
2.622357 -0.133939
2.625660 -0.134005
2.621975 -0.133543
2.622102 -0.133115
2.622102 -0.133115
2.625374 -0.133051
2.621686 -0.132584
2.621847 -0.132290
2.621847 -0.132290
2.625087 -0.132097
2.621398 -0.131626
2.621593 -0.131465
2.621593 -0.131465
2.624800 -0.131143
2.621109 -0.130667
2.621338 -0.130641
2.621338 -0.130641
2.624513 -0.130189
2.621083 -0.129816
2.621083 -0.129816
2.620820 -0.129709
2.624227 -0.129235
2.620828 -0.128991
2.620828 -0.128991
2.620532 -0.128750
2.620573 -0.128167
2.620573 -0.128167
2.623940 -0.128281
2.620243 -0.127792
2.620318 -0.127342
2.620318 -0.127342
2.623653 -0.127327
2.619954 -0.126833
2.620063 -0.126517
2.620063 -0.126517
2.623366 -0.126373
2.619666 -0.125874
2.619808 -0.125693
2.619808 -0.125693
2.623080 -0.125419
2.619377 -0.124916
2.619553 -0.124868
2.619553 -0.124868
2.622793 -0.124465
2.619298 -0.124043
2.619298 -0.124043
2.619088 -0.123957
2.622506 -0.123511
2.619043 -0.123218
2.619043 -0.123218
2.618799 -0.122999
2.622219 -0.122556
2.618788 -0.122394
2.618788 -0.122394
2.618511 -0.122040
2.618533 -0.121569
2.618533 -0.121569
2.621933 -0.121602
2.618222 -0.121082
2.618278 -0.120744
2.618278 -0.120744
2.621646 -0.120648
2.617933 -0.120123
2.618023 -0.119920
2.618023 -0.119920
2.621359 -0.119694
2.617645 -0.119165
2.617768 -0.119095
2.617768 -0.119095
2.621072 -0.118740
2.617513 -0.118270
2.617513 -0.118270
2.617356 -0.118206
2.620785 -0.117786
2.617258 -0.117446
2.617258 -0.117446
2.617067 -0.117247
2.620499 -0.116832
2.617003 -0.116621
2.617003 -0.116621
2.616779 -0.116289
2.616749 -0.115796
2.616749 -0.115796
2.620212 -0.115878
2.616490 -0.115330
2.616494 -0.114972
2.616494 -0.114972
2.619925 -0.114924
2.616201 -0.114372
2.616239 -0.114147
2.616239 -0.114147
2.619638 -0.113970
2.615913 -0.113413
2.615984 -0.113322
2.615984 -0.113322
2.619352 -0.113016
2.615729 -0.112498
2.615729 -0.112498
2.615624 -0.112455
2.619065 -0.112062
2.615474 -0.111673
2.615474 -0.111673
2.615335 -0.111496
2.618778 -0.111107
2.615219 -0.110848
2.615219 -0.110848
2.615046 -0.110538
2.614964 -0.110024
2.614964 -0.110024
2.618491 -0.110153
2.614758 -0.109579
2.614709 -0.109199
2.614709 -0.109199
2.618205 -0.109199
2.614469 -0.108620
2.614454 -0.108374
2.614454 -0.108374
2.617918 -0.108245
2.614180 -0.107662
2.614199 -0.107549
2.614199 -0.107549
2.617631 -0.107291
2.613944 -0.106725
2.613944 -0.106725
2.613892 -0.106703
2.617344 -0.106337
2.613689 -0.105900
2.613689 -0.105900
2.613603 -0.105745
2.617058 -0.105383
2.613434 -0.105075
2.613434 -0.105075
2.613314 -0.104786
2.616771 -0.104429
2.613179 -0.104251
2.613179 -0.104251
2.613026 -0.103828
2.612924 -0.103426
2.612924 -0.103426
2.616484 -0.103475
2.612737 -0.102869
2.612669 -0.102601
2.612669 -0.102601
2.616197 -0.102521
2.612448 -0.101911
2.612414 -0.101777
2.612414 -0.101777
2.615911 -0.101567
2.612160 -0.100952
2.612160 -0.100952
2.612037 -0.100494
2.615624 -0.100613
2.611915 -0.100036
2.611793 -0.099579
2.615337 -0.099658
2.611671 -0.099121
2.611549 -0.098663
2.615050 -0.098704
2.611427 -0.098205
2.611305 -0.097748
2.614763 -0.097750
2.611183 -0.097290
2.611061 -0.096832
2.614477 -0.096796
2.610939 -0.096374
2.610817 -0.095916
2.614190 -0.095842
2.610694 -0.095459
2.610572 -0.095001
2.613903 -0.094888
2.610450 -0.094543
2.610328 -0.094085
2.613616 -0.093934
2.610206 -0.093628
2.610084 -0.093170
2.613330 -0.092980
2.609962 -0.092712
2.609840 -0.092254
2.613043 -0.092026
2.609718 -0.091796
2.609596 -0.091339
2.612756 -0.091072
2.609474 -0.090881
2.609352 -0.090423
2.612469 -0.090118
2.609229 -0.089965
2.609107 -0.089508
2.612183 -0.089164
2.608985 -0.089050
2.608863 -0.088592
2.608741 -0.088134
2.611896 -0.088209
2.608619 -0.087676
2.608497 -0.087219
2.611609 -0.087255
2.608375 -0.086761
2.608253 -0.086303
2.611322 -0.086301
2.608131 -0.085845
2.608009 -0.085388
2.611036 -0.085347
2.607887 -0.084930
2.607764 -0.084472
2.610749 -0.084393
2.607642 -0.084014
2.607520 -0.083556
2.610462 -0.083439
2.607398 -0.083099
2.607276 -0.082641
2.610175 -0.082485
2.607154 -0.082183
2.607032 -0.081725
2.609888 -0.081531
2.606910 -0.081268
2.606788 -0.080810
2.609602 -0.080577
2.606666 -0.080352
2.606544 -0.079894
2.609315 -0.079623
2.606422 -0.079437
2.606299 -0.078979
2.609028 -0.078669
2.606177 -0.078521
2.606055 -0.078063
2.608741 -0.077715
2.605933 -0.077605
2.605811 -0.077148
2.605689 -0.076690
2.608455 -0.076760
2.605567 -0.076232
2.605445 -0.075774
2.608168 -0.075806
2.605323 -0.075317
2.605201 -0.074859
2.607881 -0.074852
2.605079 -0.074401
2.604956 -0.073943
2.607594 -0.073898
2.604834 -0.073485
2.604712 -0.073028
2.607308 -0.072944
2.604590 -0.072570
2.604468 -0.072112
2.607021 -0.071990
2.604346 -0.071654
2.604224 -0.071197
2.606734 -0.071036
2.604102 -0.070739
2.603980 -0.070281
2.606447 -0.070082
2.603858 -0.069823
2.603736 -0.069365
2.606161 -0.069128
2.603614 -0.068908
2.603491 -0.068450
2.605874 -0.068174
2.603369 -0.067992
2.603247 -0.067534
2.605587 -0.067220
2.603125 -0.067077
2.603003 -0.066619
2.605300 -0.066266
2.602881 -0.066161
2.602759 -0.065703
2.605014 -0.065311
2.602637 -0.065245
2.602515 -0.064788
2.602393 -0.064330
2.604727 -0.064357
2.602271 -0.063872
2.602149 -0.063414
2.604440 -0.063403
2.602026 -0.062957
2.601904 -0.062499
2.604153 -0.062449
2.601782 -0.062041
2.601660 -0.061583
2.603866 -0.061495
2.601538 -0.061125
2.601416 -0.060668
2.603580 -0.060541
2.601294 -0.060210
2.601172 -0.059752
2.603293 -0.059587
2.601050 -0.059294
2.600928 -0.058837
2.603006 -0.058633
2.600806 -0.058379
2.600683 -0.057921
2.602719 -0.057679
2.600561 -0.057463
2.600439 -0.057005
2.602433 -0.056725
2.600317 -0.056548
2.600195 -0.056090
2.602146 -0.055771
2.600073 -0.055632
2.599951 -0.055174
2.601859 -0.054817
2.599829 -0.054717
2.599707 -0.054259
2.601572 -0.053862
2.599585 -0.053801
2.599463 -0.053343
2.599341 -0.052885
2.601286 -0.052908
2.599218 -0.052428
2.599096 -0.051970
2.600999 -0.051954
2.598974 -0.051512
2.598852 -0.051054
2.600712 -0.051000
2.598730 -0.050597
2.598608 -0.050139
2.600425 -0.050046
2.598486 -0.049681
2.598364 -0.049223
2.600139 -0.049092
2.598242 -0.048765
2.598120 -0.048308
2.599852 -0.048138
2.597998 -0.047850
2.597876 -0.047392
2.599565 -0.047184
2.597753 -0.046934
2.597631 -0.046477
2.599278 -0.046230
2.597509 -0.046019
2.597387 -0.045561
2.598992 -0.045276
2.597265 -0.045103
2.597143 -0.044645
2.598705 -0.044322
2.597021 -0.044188
2.596899 -0.043730
2.598418 -0.043368
2.596777 -0.043272
2.596655 -0.042814
2.598131 -0.042413
2.596533 -0.042357
2.596410 -0.041899
2.596288 -0.041441
2.597844 -0.041459
2.596166 -0.040983
2.596044 -0.040525
2.597558 -0.040505
2.595922 -0.040068
2.595800 -0.039610
2.597271 -0.039551
2.595678 -0.039152
2.595556 -0.038694
2.596984 -0.038597
2.595434 -0.038237
2.595312 -0.037779
2.596697 -0.037643
2.595190 -0.037321
2.595068 -0.036863
2.596411 -0.036689
2.594945 -0.036406
2.594823 -0.035948
2.596124 -0.035735
2.594701 -0.035490
2.594579 -0.035032
2.595837 -0.034781
2.594457 -0.034574
2.594335 -0.034117
2.595550 -0.033827
2.594213 -0.033659
2.594091 -0.033201
2.595264 -0.032873
2.593969 -0.032743
2.593847 -0.032286
2.594977 -0.031919
2.593725 -0.031828
2.593603 -0.031370
2.594690 -0.030964
2.593480 -0.030912
2.593358 -0.030454
2.594403 -0.030010
2.593236 -0.029997
2.593114 -0.029539
2.592992 -0.029081
2.594117 -0.029056
2.592870 -0.028623
2.592748 -0.028166
2.593830 -0.028102
2.592626 -0.027708
2.592504 -0.027250
2.593543 -0.027148
2.592382 -0.026792
2.592260 -0.026334
2.593256 -0.026194
2.592137 -0.025877
2.592015 -0.025419
2.592969 -0.025240
2.591893 -0.024961
2.591771 -0.024503
2.592683 -0.024286
2.591649 -0.024046
2.591527 -0.023588
2.592396 -0.023332
2.591405 -0.023130
2.591283 -0.022672
2.592109 -0.022378
2.591161 -0.022214
2.591039 -0.021757
2.591822 -0.021424
2.590917 -0.021299
2.590795 -0.020841
2.591536 -0.020470
2.590672 -0.020383
2.590550 -0.019926
2.591249 -0.019515
2.590428 -0.019468
2.590306 -0.019010
2.590962 -0.018561
2.590184 -0.018552
2.590062 -0.018094
2.589940 -0.017637
2.590675 -0.017607
2.589818 -0.017179
2.589696 -0.016721
2.590389 -0.016653
2.589574 -0.016263
2.589452 -0.015806
2.590102 -0.015699
2.589330 -0.015348
2.589207 -0.014890
2.589815 -0.014745
2.589085 -0.014432
2.588963 -0.013974
2.589528 -0.013791
2.588841 -0.013517
2.588719 -0.013059
2.589242 -0.012837
2.588597 -0.012601
2.588475 -0.012143
2.588955 -0.011883
2.588353 -0.011686
2.588231 -0.011228
2.588668 -0.010929
2.588109 -0.010770
2.587987 -0.010312
2.588381 -0.009975
2.587865 -0.009854
2.587742 -0.009397
2.588095 -0.009021
2.587620 -0.008939
2.587498 -0.008481
2.587808 -0.008066
2.587376 -0.008023
2.587254 -0.007566
2.587521 -0.007112
2.587132 -0.007108
2.587010 -0.006650
2.586888 -0.006192
2.587234 -0.006158
2.586766 -0.005734
2.586644 -0.005277
2.586947 -0.005204
2.586522 -0.004819
2.586399 -0.004361
2.586661 -0.004250
2.586277 -0.003903
2.586155 -0.003446
2.586374 -0.003296
2.586033 -0.002988
2.585911 -0.002530
2.586087 -0.002342
2.585789 -0.002072
2.585667 -0.001614
2.585800 -0.001388
2.585545 -0.001157
2.585423 -0.000699
2.585514 -0.000434
2.585301 -0.000241