0.122250 2.921377
0.121994 2.921670
0.121347 2.920950
0.121129 2.921276
0.120444 2.920523
0.120264 2.920883
0.119541 2.920097
0.119399 2.920489
0.118637 2.919670
0.118534 2.920096
0.117734 2.919243
0.117670 2.919702
0.116831 2.918816
0.116805 2.919308
0.115928 2.918389
0.115940 2.918915
0.115075 2.918521
0.115025 2.917962
0.114211 2.918127
0.114121 2.917535
0.113346 2.917734
0.113218 2.917108
0.112481 2.917340
0.112315 2.916681
0.111616 2.916946
0.111412 2.916254
0.110751 2.916553
0.110509 2.915827
0.109887 2.916159
0.109606 2.915400
0.109022 2.915765
0.108702 2.914973
0.108157 2.915372
0.107799 2.914546
0.107292 2.914978
0.106896 2.914119
0.106427 2.914585
0.105993 2.913692
0.105563 2.914191
0.105090 2.913265
0.104698 2.913797
0.104187 2.912839
0.103833 2.913404
0.103283 2.912412
0.102968 2.913010
0.102380 2.911985
0.102104 2.912616
0.101477 2.911558
0.101239 2.912223
0.100574 2.911131
0.100374 2.911829
0.099671 2.910704
0.099509 2.911435
0.098767 2.910277
0.098644 2.911042
0.097864 2.909850
0.097780 2.910648
0.096961 2.909423
0.096915 2.910254
0.096058 2.908996
0.096050 2.909861
0.095185 2.909467
0.095155 2.908569
0.094320 2.909074
0.094252 2.908142
0.093456 2.908680
0.093348 2.907715
0.092591 2.908286
0.092445 2.907288
0.091726 2.907893
0.091542 2.906861
0.090861 2.907499
0.090639 2.906434
0.089997 2.907105
0.089736 2.906007
0.089132 2.906712
0.088833 2.905581
0.088267 2.906318
0.087929 2.905154
0.087402 2.905924
0.087026 2.904727
0.086537 2.905531
0.086123 2.904300
0.085673 2.905137
0.085220 2.903873
0.084808 2.904743
0.084317 2.903446
0.083943 2.904350
0.083413 2.903019
0.083078 2.903956
0.082510 2.902592
0.082213 2.903562
0.081607 2.902165
0.081349 2.903169
0.080704 2.901738
0.080484 2.902775
0.079801 2.901311
0.079619 2.902382
0.078898 2.900884
0.078754 2.901988
0.077994 2.900457
0.077890 2.901594
0.077091 2.900030
0.077025 2.901201
0.076188 2.899603
0.076160 2.900807
0.075285 2.899176
0.075295 2.900413
0.074430 2.900020
0.074382 2.898749
0.073566 2.899626
0.073479 2.898323
0.072701 2.899232
0.072575 2.897896
0.071836 2.898839
0.071672 2.897469
0.070971 2.898445
0.070769 2.897042
0.070106 2.898051
0.069866 2.896615
0.069242 2.897658
0.068963 2.896188
0.068377 2.897264
0.068059 2.895761
0.067512 2.896871
0.067156 2.895334
0.066647 2.896477
0.066253 2.894907
0.065783 2.896083
0.065350 2.894480
0.064918 2.895690
0.064447 2.894053
0.064053 2.895296
0.063544 2.893626
0.063188 2.894902
0.062640 2.893199
0.062323 2.894509
0.061737 2.892772
0.061459 2.894115
0.060834 2.892345
0.060594 2.893721
0.059931 2.891918
0.059729 2.893328
0.059028 2.891492
0.058864 2.892934
0.058125 2.891065
0.057999 2.892540
0.057221 2.890638
0.057135 2.892147
0.056318 2.890211
0.056270 2.891753
0.055415 2.889784
0.055405 2.891360
0.054512 2.889357
0.054540 2.890966
0.053675 2.890572
0.053609 2.888930
0.052811 2.890179
0.052705 2.888503
0.051946 2.889785
0.051802 2.888076
0.051081 2.889391
0.050899 2.887649
0.050216 2.888998
0.049996 2.887222
0.049352 2.888604
0.049093 2.886795
0.048487 2.888210
0.048190 2.886368
0.047622 2.887817
0.047286 2.885941
0.046757 2.887423
0.046383 2.885514
0.045892 2.887029
0.045480 2.885087
0.045028 2.886636
0.044577 2.884660
0.044163 2.886242
0.043674 2.884234
0.043298 2.885848
0.042771 2.883807
0.042433 2.885455
0.041867 2.883380
0.041568 2.885061
0.040964 2.882953
0.040704 2.884668
0.040061 2.882526
0.039839 2.884274
0.039158 2.882099
0.038974 2.883880
0.038255 2.881672
0.038109 2.883487
0.037351 2.881245
0.037245 2.883093
0.036448 2.880818
0.036380 2.882699
0.035545 2.880391
0.035515 2.882306
0.034642 2.879964
0.034650 2.881912
0.033785 2.881518
0.033739 2.879537
0.032921 2.881125
0.032836 2.879110
0.032056 2.880731
0.031932 2.878683
0.031191 2.880337
0.031029 2.878256
0.030326 2.879944
0.030126 2.877829
0.029461 2.879550
0.029223 2.877402
0.028597 2.879157
0.028320 2.876976
0.027732 2.878763
0.027417 2.876549
0.026867 2.878369
0.026513 2.876122
0.026002 2.877976
0.025610 2.875695
0.025138 2.877582
0.024707 2.875268
0.024273 2.877188
0.023804 2.874841
0.023408 2.876795
0.022901 2.874414
0.022543 2.876401
0.021997 2.873987
0.021678 2.876007
0.021094 2.873560
0.020814 2.875614
0.020191 2.873133
0.019949 2.875220
0.019288 2.872706
0.019084 2.874826
0.018385 2.872279
0.018219 2.874433
0.017482 2.871852
0.017354 2.874039
0.016578 2.871425
0.016490 2.873646
0.015675 2.870998
0.015625 2.873252
0.014772 2.870571
0.014760 2.872858
0.013895 2.872465
0.013869 2.870144
0.013031 2.872071
0.012966 2.869718
0.012166 2.871677
0.012063 2.869291
0.011301 2.871284
0.011159 2.868864
0.010436 2.870890
0.010256 2.868437
0.009571 2.870496
0.009353 2.868010
0.008707 2.870103
0.008450 2.867583
0.007842 2.869709
0.007547 2.867156
0.006977 2.869315
0.006643 2.866729
0.006112 2.868922
0.005740 2.866302
0.005247 2.868528
0.004837 2.865875
0.004383 2.868134
0.003934 2.865448
0.003518 2.867741
0.003031 2.865021
0.002653 2.867347
0.002128 2.864594
0.001788 2.866954
0.001224 2.864167
0.000924 2.866560
0.000321 2.863740
0.000059 2.866166
-0.000582 2.863313
-0.000806 2.865773
-0.001485 2.862886
-0.001671 2.865379
-0.002388 2.862460
-0.002536 2.864985
-0.003291 2.862033
-0.003400 2.864592
-0.004195 2.861606
-0.004265 2.864198
-0.005098 2.861179
-0.005130 2.863804
-0.005995 2.863411
-0.006001 2.860752
-0.006860 2.863017
-0.006904 2.860325
-0.007724 2.862623
-0.007807 2.859898
-0.008589 2.862230
-0.008711 2.859471
-0.009454 2.861836
-0.009614 2.859044
-0.010319 2.861443
-0.010517 2.858617
-0.011183 2.861049
-0.011420 2.858190
-0.012048 2.860655
-0.012323 2.857763
-0.012913 2.860262
-0.013226 2.857336
-0.013778 2.859868
-0.014130 2.856909
-0.014643 2.859474
-0.015033 2.856482
-0.015507 2.859081
-0.015936 2.856055
-0.016372 2.858687
-0.016839 2.855628
-0.017237 2.858293
-0.017742 2.855202
-0.018102 2.857900
-0.018645 2.854775
-0.018967 2.857506
-0.019549 2.854348
-0.019831 2.857112
-0.020452 2.853921
-0.020696 2.856719
-0.021355 2.853494
-0.021561 2.856325
-0.022258 2.853067
-0.022426 2.855932
-0.023161 2.852640
-0.023290 2.855538
-0.024065 2.852213
-0.024155 2.855144
-0.024968 2.851786
-0.025020 2.854751
-0.025885 2.854357
-0.025871 2.851359
-0.026750 2.853963
-0.026774 2.850932
-0.027614 2.853570
-0.027677 2.850505
-0.028479 2.853176
-0.028580 2.850078
-0.029344 2.852782
-0.029484 2.849651
-0.030209 2.852389
-0.030387 2.849224
-0.031074 2.851995
-0.031290 2.848797
-0.031938 2.851601
-0.032193 2.848371
-0.032803 2.851208
-0.033096 2.847944
-0.033668 2.850814
-0.033999 2.847517
-0.034533 2.850421
-0.034903 2.847090
-0.035397 2.850027
-0.035806 2.846663
-0.036262 2.849633
-0.036709 2.846236
-0.037127 2.849240
-0.037612 2.845809
-0.037992 2.848846
-0.038515 2.845382
-0.038857 2.848452
-0.039419 2.844955
-0.039721 2.848059
-0.040322 2.844528
-0.040586 2.847665
-0.041225 2.844101
-0.041451 2.847271
-0.042128 2.843674
-0.042316 2.846878
-0.043031 2.843247
-0.043181 2.846484
-0.043934 2.842820
-0.044045 2.846090
-0.044838 2.842393
-0.044910 2.845697
-0.045775 2.845303
-0.045741 2.841966
-0.046640 2.844909
-0.046644 2.841539
-0.047504 2.844516
-0.047547 2.841113
-0.048369 2.844122
-0.048450 2.840686
-0.049234 2.843729
-0.049353 2.840259
-0.050099 2.843335
-0.050257 2.839832
-0.050964 2.842941
-0.051160 2.839405
-0.051828 2.842548
-0.052063 2.838978
-0.052693 2.842154
-0.052966 2.838551
-0.053558 2.841760
-0.053869 2.838124
-0.054423 2.841367
-0.054773 2.837697
-0.055288 2.840973
-0.055676 2.837270
-0.056152 2.840579
-0.056579 2.836843
-0.057017 2.840186
-0.057482 2.836416
-0.057882 2.839792
-0.058385 2.835989
-0.058747 2.839398
-0.059288 2.835562
-0.059612 2.839005
-0.060192 2.835135
-0.060476 2.838611
-0.061095 2.834708
-0.061341 2.838218
-0.061998 2.834281
-0.062206 2.837824
-0.062901 2.833855
-0.063071 2.837430
-0.063804 2.833428
-0.063935 2.837037
-0.064707 2.833001
-0.064800 2.836643
-0.065665 2.836249
-0.065611 2.832574
-0.066530 2.835856
-0.066514 2.832147
-0.067395 2.835462
-0.067417 2.831720
-0.068259 2.835068
-0.068320 2.831293
-0.069124 2.834675
-0.069223 2.830866
-0.069989 2.834281
-0.070127 2.830439
-0.070854 2.833887
-0.071030 2.830012
-0.071719 2.833494
-0.071933 2.829585
-0.072583 2.833100
-0.072836 2.829158
-0.073448 2.832707
-0.073739 2.828731
-0.074313 2.832313
-0.074642 2.828304
-0.075178 2.831919
-0.075546 2.827877
-0.076042 2.831526
-0.076449 2.827450
-0.076907 2.831132
-0.077352 2.827023
-0.077772 2.830738
-0.078255 2.826597
-0.078637 2.830345
-0.079158 2.826170
-0.079502 2.829951
-0.080061 2.825743
-0.080366 2.829557
-0.080965 2.825316
-0.081231 2.829164
-0.081868 2.824889
-0.082096 2.828770
-0.082771 2.824462
-0.082961 2.828376
-0.083674 2.824035
-0.083826 2.827983
-0.084690 2.827589
-0.084577 2.823608
-0.085555 2.827195
-0.085481 2.823181
-0.086420 2.826802
-0.086384 2.822754
-0.087285 2.826408
-0.087287 2.822327
-0.088149 2.826015
-0.088190 2.821900
-0.089014 2.825621
-0.089093 2.821473
-0.089879 2.825227
-0.089996 2.821046
-0.090744 2.824834
-0.090900 2.820619
-0.091609 2.824440
-0.091803 2.820192
-0.092473 2.824046
-0.092706 2.819765
-0.093338 2.823653
-0.093609 2.819339
-0.094203 2.823259
-0.094512 2.818912
-0.095068 2.822865
-0.095415 2.818485
-0.095933 2.822472
-0.096319 2.818058
-0.096797 2.822078
-0.097222 2.817631
-0.097662 2.821684
-0.098125 2.817204
-0.098527 2.821291
-0.099028 2.816777
-0.099392 2.820897
-0.099931 2.816350
-0.100256 2.820504
-0.100835 2.815923
-0.101121 2.820110
-0.101738 2.815496
-0.101986 2.819716
-0.102641 2.815069
-0.102851 2.819323
-0.103544 2.814642
-0.103716 2.818929
-0.104580 2.818535
-0.104447 2.814215
-0.105445 2.818142
-0.105350 2.813788
-0.106310 2.817748
-0.106254 2.813361
-0.107175 2.817354
-0.107157 2.812934
-0.108040 2.816961
-0.108060 2.812507
-0.108904 2.816567
-0.108963 2.812081
-0.109769 2.816173
-0.109866 2.811654
-0.110634 2.815780
-0.110769 2.811227
-0.111499 2.815386
-0.111673 2.810800
-0.112363 2.814993
-0.112576 2.810373
-0.113228 2.814599
-0.113479 2.809946
-0.114093 2.814205
-0.114382 2.809519
-0.114958 2.813812
-0.115285 2.809092
-0.115823 2.813418
-0.116189 2.808665
-0.116687 2.813024
-0.117092 2.808238
-0.117552 2.812631
-0.117995 2.807811
-0.118417 2.812237
-0.118898 2.807384
-0.119282 2.811843
-0.119801 2.806957
-0.120147 2.811450
-0.120704 2.806530
-0.121011 2.811056
-0.121608 2.806103
-0.121876 2.810662
-0.122511 2.805676
-0.122741 2.810269
-0.123606 2.809875
-0.123414 2.805250
-0.124470 2.809481
-0.124317 2.804823
-0.125335 2.809088
-0.125220 2.804396
-0.126200 2.808694
-0.126123 2.803969
-0.127065 2.808301
-0.127027 2.803542
-0.127930 2.807907
-0.127930 2.803115
-0.128794 2.807513
-0.128833 2.802688
-0.129659 2.807120
-0.129736 2.802261
-0.130524 2.806726
-0.130639 2.801834
-0.131389 2.806332
-0.131543 2.801407
-0.132254 2.805939
-0.132446 2.800980
-0.133118 2.805545
-0.133349 2.800553
-0.133983 2.805151
-0.134252 2.800126
-0.134848 2.804758
-0.135155 2.799699
-0.135713 2.804364
-0.136058 2.799272
-0.136577 2.803970
-0.136962 2.798845
-0.137442 2.803577
-0.137865 2.798418
-0.138307 2.803183
-0.138768 2.797992
-0.139172 2.802790
-0.139671 2.797565
-0.140037 2.802396
-0.140574 2.797138
-0.140901 2.802002
-0.141477 2.796711
-0.141766 2.801609
-0.142631 2.801215
-0.142381 2.796284
-0.143496 2.800821
-0.143284 2.795857
-0.144361 2.800428
-0.144187 2.795430
-0.145225 2.800034
-0.145090 2.795003
-0.146090 2.799640
-0.145993 2.794576
-0.146955 2.799247
-0.146897 2.794149
-0.147820 2.798853
-0.147800 2.793722
-0.148684 2.798459
-0.148703 2.793295
-0.149549 2.798066
-0.149606 2.792868
-0.150414 2.797672
-0.150509 2.792441
-0.151279 2.797279
-0.151412 2.792014
-0.152144 2.796885
-0.152316 2.791587
-0.153008 2.796491
-0.153219 2.791160
-0.153873 2.796098
-0.154122 2.790734
-0.154738 2.795704
-0.155025 2.790307
-0.155603 2.795310
-0.155928 2.789880
-0.156468 2.794917
-0.156831 2.789453
-0.157332 2.794523
-0.157735 2.789026
-0.158197 2.794129
-0.158638 2.788599
-0.159062 2.793736
-0.159541 2.788172
-0.159927 2.793342
-0.160444 2.787745
-0.160791 2.792948
-0.161347 2.787318
-0.161656 2.792555
-0.162521 2.792161
-0.162251 2.786891
-0.163386 2.791768
-0.163154 2.786464
-0.164251 2.791374
-0.164057 2.786037
-0.165115 2.790980
-0.164960 2.785610
-0.165980 2.790587
-0.165863 2.785183
-0.166845 2.790193
-0.166766 2.784756
-0.167710 2.789799
-0.167670 2.784329
-0.168575 2.789406
-0.168573 2.783902
-0.169439 2.789012
-0.169476 2.783476
-0.170304 2.788618
-0.170379 2.783049
-0.171169 2.788225
-0.171282 2.782622
-0.172034 2.787831
-0.172185 2.782195
-0.172899 2.787437
-0.173089 2.781768
-0.173763 2.787044
-0.173992 2.781341
-0.174628 2.786650
-0.174895 2.780914
-0.175493 2.786256
-0.175798 2.780487
-0.176358 2.785863
-0.176701 2.780060
-0.177222 2.785469
-0.177605 2.779633
-0.178087 2.785076
-0.178508 2.779206
-0.178952 2.784682
-0.179411 2.778779
-0.179817 2.784288
-0.180314 2.778352
-0.180682 2.783895
-0.181546 2.783501
-0.181217 2.777925
-0.182411 2.783107
-0.182120 2.777498
-0.183276 2.782714
-0.183024 2.777071
-0.184141 2.782320
-0.183927 2.776644
-0.185006 2.781926
-0.184830 2.776218
-0.185870 2.781533
-0.185733 2.775791
-0.186735 2.781139
-0.186636 2.775364
-0.187600 2.780745
-0.187539 2.774937
-0.188465 2.780352
-0.188443 2.774510
-0.189329 2.779958
-0.189346 2.774083
-0.190194 2.779565
-0.190249 2.773656
-0.191059 2.779171
-0.191152 2.773229
-0.191924 2.778777
-0.192055 2.772802
-0.192789 2.778384
-0.192959 2.772375
-0.193653 2.777990
-0.193862 2.771948
-0.194518 2.777596
-0.194765 2.771521
-0.195383 2.777203
-0.195668 2.771094
-0.196248 2.776809
-0.196571 2.770667
-0.197113 2.776415
-0.197474 2.770240
-0.197977 2.776022
-0.198378 2.769813
-0.198842 2.775628
-0.199281 2.769386
-0.199707 2.775234
-0.200572 2.774841
-0.200184 2.768960
-0.201436 2.774447
-0.201087 2.768533
-0.202301 2.774054
-0.201990 2.768106
-0.203166 2.773660
-0.202893 2.767679
-0.204031 2.773266
-0.203797 2.767252
-0.204896 2.772873
-0.204700 2.766825
-0.205760 2.772479
-0.205603 2.766398
-0.206625 2.772085
-0.206506 2.765971
-0.207490 2.771692
-0.207409 2.765544
-0.208355 2.771298
-0.208313 2.765117
-0.209220 2.770904
-0.209216 2.764690
-0.210084 2.770511
-0.210119 2.764263
-0.210949 2.770117
-0.211022 2.763836
-0.211814 2.769723
-0.211925 2.763409
-0.212679 2.769330
-0.212828 2.762982
-0.213543 2.768936
-0.213732 2.762555
-0.214408 2.768542
-0.214635 2.762129
-0.215273 2.768149
-0.215538 2.761702
-0.216138 2.767755
-0.216441 2.761275
-0.217003 2.767362
-0.217344 2.760848
-0.217867 2.766968
-0.218732 2.766574
-0.218247 2.760421
-0.219597 2.766181
-0.219151 2.759994
-0.220462 2.765787
-0.220054 2.759567
-0.221327 2.765393
-0.220957 2.759140
-0.222191 2.765000
-0.221860 2.758713
-0.223056 2.764606
-0.222763 2.758286
-0.223921 2.764212
-0.223667 2.757859
-0.224786 2.763819
-0.224570 2.757432
-0.225650 2.763425
-0.225473 2.757005
-0.226515 2.763031
-0.226376 2.756578
-0.227380 2.762638
-0.227279 2.756151
-0.228245 2.762244
-0.228182 2.755724
-0.229110 2.761851
-0.229086 2.755297
-0.229974 2.761457
-0.229989 2.754871
-0.230839 2.761063
-0.230892 2.754444
-0.231704 2.760670
-0.231795 2.754017
-0.232569 2.760276
-0.232698 2.753590
-0.233434 2.759882
-0.233601 2.753163
-0.234298 2.759489
-0.234505 2.752736
-0.235163 2.759095
-0.235408 2.752309
-0.236028 2.758701
-0.236311 2.751882
-0.236893 2.758308
-0.237757 2.757914
-0.237214 2.751455
-0.238622 2.757520
-0.238117 2.751028
-0.239487 2.757127
-0.239021 2.750601
-0.240352 2.756733
-0.239924 2.750174
-0.241217 2.756340
-0.240827 2.749747
-0.242081 2.755946
-0.241730 2.749320
-0.242946 2.755552
-0.242633 2.748893
-0.243811 2.755159
-0.243536 2.748466
-0.244676 2.754765
-0.244440 2.748039
-0.245541 2.754371
-0.245343 2.747613
-0.246405 2.753978
-0.246246 2.747186
-0.247270 2.753584
-0.247149 2.746759
-0.248135 2.753190
-0.248052 2.746332
-0.249000 2.752797
-0.248955 2.745905
-0.249864 2.752403
-0.249859 2.745478
-0.250729 2.752009
-0.250762 2.745051
-0.251594 2.751616
-0.251665 2.744624
-0.252459 2.751222
-0.252568 2.744197
-0.253324 2.750828
-0.253471 2.743770
-0.254188 2.750435
-0.254375 2.743343
-0.255053 2.750041
-0.255278 2.742916
-0.255918 2.749648
-0.256783 2.749254
-0.256181 2.742489
-0.257648 2.748860
-0.257084 2.742062
-0.258512 2.748467
-0.257987 2.741635
-0.259377 2.748073
-0.258890 2.741208
-0.260242 2.747679
-0.259794 2.740781
-0.261107 2.747286
-0.260697 2.740355
-0.261971 2.746892
-0.261600 2.739928
-0.262836 2.746498
-0.262503 2.739501
-0.263701 2.746105
-0.263406 2.739074
-0.264566 2.745711
-0.264309 2.738647
-0.265431 2.745317
-0.265213 2.738220
-0.266295 2.744924
-0.266116 2.737793
-0.267160 2.744530
-0.267019 2.737366
-0.268025 2.744137
-0.267922 2.736939
-0.268890 2.743743
-0.268825 2.736512
-0.269755 2.743349
-0.269729 2.736085
-0.270619 2.742956
-0.270632 2.735658
-0.271484 2.742562
-0.271535 2.735231
-0.272349 2.742168
-0.272438 2.734804
-0.273214 2.741775
-0.273341 2.734377
-0.274079 2.741381
-0.274943 2.740987
-0.274244 2.733950
-0.275808 2.740594
-0.275148 2.733523
-0.276673 2.740200
-0.276051 2.733097
-0.277538 2.739806
-0.276954 2.732670
-0.278402 2.739413
-0.277857 2.732243
-0.279267 2.739019
-0.278760 2.731816
-0.280132 2.738626
-0.279663 2.731389
-0.280997 2.738232
-0.280567 2.730962
-0.281862 2.737838
-0.281470 2.730535
-0.282726 2.737445
-0.282373 2.730108
-0.283591 2.737051
-0.283276 2.729681
-0.284456 2.736657
-0.284179 2.729254
-0.285321 2.736264
-0.285083 2.728827
-0.286186 2.735870
-0.285986 2.728400
-0.287050 2.735476
-0.286889 2.727973