3.631843 1.292641
3.631292 1.293436
3.631269 1.293450
3.630741 1.294230
3.630694 1.294259
3.630190 1.295025
3.630119 1.295068
3.629639 1.295820
3.629544 1.295877
3.629087 1.296615
3.628969 1.296687
3.628536 1.297410
3.628395 1.297496
3.627985 1.298205
3.627820 1.298305
3.627434 1.299000
3.627245 1.299114
3.626883 1.299795
3.626670 1.299923
3.626331 1.300589
3.626095 1.300732
3.625780 1.301384
3.625521 1.301542
3.625229 1.302179
3.624946 1.302351
3.624678 1.302974
3.624371 1.303160
3.624127 1.303769
3.623796 1.303969
3.623575 1.304564
3.623222 1.304778
3.623024 1.305359
3.622647 1.305587
3.622473 1.306153
3.622072 1.306397
3.621922 1.306948
3.621497 1.307206
3.621371 1.307743
3.620922 1.308015
3.620819 1.308538
3.620348 1.308824
3.620268 1.309333
3.619773 1.309633
3.619717 1.310128
3.619198 1.310442
3.619166 1.310923
3.618623 1.311252
3.618615 1.311718
3.618048 1.312061
3.618063 1.312512
3.617474 1.312870
3.617512 1.313307
3.616899 1.313679
3.616961 1.314102
3.616324 1.314488
3.616410 1.314897
3.615749 1.315297
3.615858 1.315692
3.615175 1.316107
3.615307 1.316487
3.614600 1.316916
3.614756 1.317282
3.614025 1.317725
3.614205 1.318077
3.613450 1.318534
3.613654 1.318871
3.612875 1.319343
3.613102 1.319666
3.612301 1.320152
3.612551 1.320461
3.611726 1.320962
3.612000 1.321256
3.611151 1.321771
3.611449 1.322051
3.610576 1.322580
3.610898 1.322846
3.610001 1.323389
3.610346 1.323641
3.609427 1.324198
3.609795 1.324436
3.608852 1.325007
3.609244 1.325230
3.608277 1.325817
3.608693 1.326025
3.607702 1.326626
3.608142 1.326820
3.607128 1.327435
3.607590 1.327615
3.607039 1.328410
3.606553 1.328244
3.606488 1.329205
3.605978 1.329053
3.605937 1.330000
3.605403 1.329862
3.605386 1.330794
3.604828 1.330672
3.604834 1.331589
3.604254 1.331481
3.604283 1.332384
3.603679 1.332290
3.603732 1.333179
3.603104 1.333099
3.603181 1.333974
3.602529 1.333908
3.602630 1.334769
3.601954 1.334717
3.602078 1.335564
3.601380 1.335527
3.601527 1.336359
3.600805 1.336336
3.600976 1.337153
3.600230 1.337145
3.600425 1.337948
3.599655 1.337954
3.599874 1.338743
3.599081 1.338763
3.599322 1.339538
3.598506 1.339573
3.598771 1.340333
3.597931 1.340382
3.598220 1.341128
3.597356 1.341191
3.597669 1.341923
3.596781 1.342000
3.597118 1.342718
3.596207 1.342809
3.596566 1.343512
3.595632 1.343618
3.596015 1.344307
3.595057 1.344428
3.595464 1.345102
3.594482 1.345237
3.594913 1.345897
3.593908 1.346046
3.594362 1.346692
3.593333 1.346855
3.593810 1.347487
3.592758 1.347664
3.593259 1.348282
3.592183 1.348473
3.592708 1.349077
3.591608 1.349283
3.592157 1.349871
3.591034 1.350092
3.591606 1.350666
3.590459 1.350901
3.591054 1.351461
3.589884 1.351710
3.590503 1.352256
3.589309 1.352519
3.589952 1.353051
3.588734 1.353328
3.589401 1.353846
3.588160 1.354138
3.588850 1.354641
3.587585 1.354947
3.588298 1.355435
3.587010 1.355756
3.587747 1.356230
3.586435 1.356565
3.587196 1.357025
3.585861 1.357374
3.586645 1.357820
3.585286 1.358183
3.586094 1.358615
3.584711 1.358993
3.585542 1.359410
3.584136 1.359802
3.584991 1.360205
3.583561 1.360611
3.584440 1.361000
3.582987 1.361420
3.583889 1.361794
3.582412 1.362229
3.583338 1.362589
3.582786 1.363384
3.581837 1.363038
3.582235 1.364179
3.581262 1.363848
3.581684 1.364974
3.580687 1.364657
3.581133 1.365769
3.580113 1.365466
3.580582 1.366564
3.579538 1.366275
3.580030 1.367359
3.578963 1.367084
3.579479 1.368153
3.578388 1.367893
3.578928 1.368948
3.577814 1.368703
3.578377 1.369743
3.577239 1.369512
3.577826 1.370538
3.576664 1.370321
3.577274 1.371333
3.576089 1.371130
3.576723 1.372128
3.575514 1.371939
3.576172 1.372923
3.574940 1.372748
3.575621 1.373718
3.574365 1.373558
3.575070 1.374512
3.573790 1.374367
3.574518 1.375307
3.573215 1.375176
3.573967 1.376102
3.572640 1.375985
3.573416 1.376897
3.572066 1.376794
3.572865 1.377692
3.571491 1.377603
3.572314 1.378487
3.570916 1.378413
3.571762 1.379282
3.570341 1.379222
3.571211 1.380077
3.569767 1.380031
3.570660 1.380871
3.569192 1.380840
3.570109 1.381666
3.568617 1.381649
3.569558 1.382461
3.568042 1.382459
3.569006 1.383256
3.567467 1.383268
3.568455 1.384051
3.566893 1.384077
3.567904 1.384846
3.566318 1.384886
3.567353 1.385641
3.565743 1.385695
3.566802 1.386435
3.565168 1.386504
3.566250 1.387230
3.564593 1.387314
3.565699 1.388025
3.564019 1.388123
3.565148 1.388820
3.563444 1.388932
3.564597 1.389615
3.562869 1.389741
3.564046 1.390410
3.562294 1.390550
3.563494 1.391205
3.561720 1.391359
3.562943 1.392000
3.561145 1.392169
3.562392 1.392794
3.560570 1.392978
3.561841 1.393589
3.559995 1.393787
3.561290 1.394384
3.559420 1.394596
3.560738 1.395179
3.558846 1.395405
3.560187 1.395974
3.558271 1.396214
3.559636 1.396769
3.559085 1.397564
3.557696 1.397024
3.558534 1.398359
3.557121 1.397833
3.557982 1.399153
3.556546 1.398642
3.557431 1.399948
3.555972 1.399451
3.556880 1.400743
3.555397 1.400260
3.556329 1.401538
3.554822 1.401069
3.555778 1.402333
3.554247 1.401879
3.555226 1.403128
3.553673 1.402688
3.554675 1.403923
3.553098 1.403497
3.554124 1.404718
3.552523 1.404306
3.553573 1.405512
3.551948 1.405115
3.553022 1.406307
3.551373 1.405924
3.552470 1.407102
3.550799 1.406734
3.551919 1.407897
3.550224 1.407543
3.551368 1.408692
3.549649 1.408352
3.550817 1.409487
3.549074 1.409161
3.550266 1.410282
3.548499 1.409970
3.549714 1.411076
3.547925 1.410779
3.549163 1.411871
3.547350 1.411589
3.548612 1.412666
3.546775 1.412398
3.548061 1.413461
3.546200 1.413207
3.547510 1.414256
3.545626 1.414016
3.546958 1.415051
3.545051 1.414825
3.546407 1.415846
3.544476 1.415634
3.545856 1.416641
3.543901 1.416444
3.545305 1.417435
3.543326 1.417253
3.544754 1.418230
3.542752 1.418062
3.544202 1.419025
3.542177 1.418871
3.543651 1.419820
3.541602 1.419680
3.543100 1.420615
3.541027 1.420489
3.542549 1.421410
3.540452 1.421299
3.541998 1.422205
3.539878 1.422108
3.541446 1.423000
3.539303 1.422917
3.540895 1.423794
3.538728 1.423726
3.540344 1.424589
3.538153 1.424535
3.539793 1.425384
3.537579 1.425345
3.539242 1.426179
3.537004 1.426154
3.538690 1.426974
3.536429 1.426963
3.538139 1.427769
3.535854 1.427772
3.537588 1.428564
3.535279 1.428581
3.537037 1.429359
3.534705 1.429390
3.536486 1.430153
3.534130 1.430200
3.535934 1.430948
3.535383 1.431743
3.533555 1.431009
3.534832 1.432538
3.532980 1.431818
3.534281 1.433333
3.532405 1.432627
3.533730 1.434128
3.531831 1.433436
3.533178 1.434923
3.531256 1.434245
3.532627 1.435717
3.530681 1.435055
3.532076 1.436512
3.530106 1.435864
3.531525 1.437307
3.529532 1.436673
3.530973 1.438102
3.528957 1.437482
3.530422 1.438897
3.528382 1.438291
3.529871 1.439692
3.527807 1.439100
3.529320 1.440487
3.527232 1.439910
3.528769 1.441282
3.526658 1.440719
3.528217 1.442076
3.526083 1.441528
3.527666 1.442871
3.525508 1.442337
3.527115 1.443666
3.524933 1.443146
3.526564 1.444461
3.524358 1.443955
3.526013 1.445256
3.523784 1.444765
3.525461 1.446051
3.523209 1.445574
3.524910 1.446846
3.522634 1.446383
3.524359 1.447641
3.522059 1.447192
3.523808 1.448435
3.521485 1.448001
3.523257 1.449230
3.520910 1.448810
3.522705 1.450025
3.520335 1.449620
3.522154 1.450820
3.519760 1.450429
3.521603 1.451615
3.519185 1.451238
3.521052 1.452410
3.518611 1.452047
3.520501 1.453205
3.518036 1.452856
3.519949 1.454000
3.517461 1.453665
3.519398 1.454794
3.516886 1.454475
3.518847 1.455589
3.516311 1.455284
3.518296 1.456384
3.515737 1.456093
3.517745 1.457179
3.515162 1.456902
3.517193 1.457974
3.514587 1.457711
3.516642 1.458769
3.514012 1.458520
3.516091 1.459564
3.513438 1.459330
3.515540 1.460358
3.512863 1.460139
3.514989 1.461153
3.512288 1.460948
3.514437 1.461948
3.511713 1.461757
3.513886 1.462743
3.511138 1.462566
3.513335 1.463538
3.510564 1.463375
3.512784 1.464333
3.509989 1.464185
3.512233 1.465128
3.511681 1.465923
3.509414 1.464994
3.511130 1.466717
3.508839 1.465803
3.510579 1.467512
3.508265 1.466612
3.510028 1.468307
3.507690 1.467421
3.509477 1.469102
3.507115 1.468231
3.508925 1.469897
3.506540 1.469040
3.508374 1.470692
3.505965 1.469849
3.507823 1.471487
3.505391 1.470658
3.507272 1.472282
3.504816 1.471467
3.506721 1.473076
3.504241 1.472276
3.506169 1.473871
3.503666 1.473086
3.505618 1.474666
3.503091 1.473895
3.505067 1.475461
3.502517 1.474704
3.504516 1.476256
3.501942 1.475513
3.503965 1.477051
3.501367 1.476322
3.503413 1.477846
3.500792 1.477131
3.502862 1.478641
3.500218 1.477941
3.502311 1.479435
3.499643 1.478750
3.501760 1.480230
3.499068 1.479559
3.501209 1.481025
3.498493 1.480368
3.500657 1.481820
3.497918 1.481177
3.500106 1.482615
3.497344 1.481986
3.499555 1.483410
3.496769 1.482796
3.499004 1.484205
3.496194 1.483605
3.498453 1.485000
3.495619 1.484414
3.497901 1.485794
3.495044 1.485223
3.497350 1.486589
3.494470 1.486032
3.496799 1.487384
3.493895 1.486841
3.496248 1.488179
3.493320 1.487651
3.495697 1.488974
3.492745 1.488460
3.495145 1.489769
3.492171 1.489269
3.494594 1.490564
3.491596 1.490078
3.494043 1.491358
3.491021 1.490887
3.493492 1.492153
3.490446 1.491696
3.492941 1.492948
3.489871 1.492506
3.492389 1.493743
3.489297 1.493315
3.491838 1.494538
3.488722 1.494124
3.491287 1.495333
3.488147 1.494933
3.490736 1.496128
3.487572 1.495742
3.490185 1.496923
3.486997 1.496551
3.489633 1.497717
3.486423 1.497361
3.489082 1.498512
3.488531 1.499307
3.485848 1.498170
3.487980 1.500102
3.485273 1.498979
3.487429 1.500897
3.484698 1.499788
3.486877 1.501692
3.484124 1.500597
3.486326 1.502487
3.483549 1.501406
3.485775 1.503282
3.482974 1.502216
3.485224 1.504076
3.482399 1.503025
3.484673 1.504871
3.481824 1.503834
3.484121 1.505666
3.481250 1.504643
3.483570 1.506461
3.480675 1.505452
3.483019 1.507256
3.480100 1.506261
3.482468 1.508051
3.479525 1.507071
3.481917 1.508846
3.478950 1.507880
3.481365 1.509641
3.478376 1.508689
3.480814 1.510435
3.477801 1.509498
3.480263 1.511230
3.477226 1.510307
3.479712 1.512025
3.476651 1.511116
3.479161 1.512820
3.476077 1.511926
3.478609 1.513615
3.475502 1.512735
3.478058 1.514410
3.474927 1.513544
3.477507 1.515205
3.474352 1.514353
3.476956 1.515999
3.473777 1.515162
3.476405 1.516794
3.473203 1.515972
3.475853 1.517589
3.472628 1.516781
3.475302 1.518384
3.472053 1.517590
3.474751 1.519179
3.471478 1.518399
3.474200 1.519974
3.470903 1.519208
3.473649 1.520769
3.470329 1.520017
3.473097 1.521564
3.469754 1.520827
3.472546 1.522358
3.469179 1.521636
3.471995 1.523153
3.468604 1.522445
3.471444 1.523948
3.468030 1.523254
3.470893 1.524743
3.467455 1.524063
3.470341 1.525538
3.466880 1.524872
3.469790 1.526333
3.466305 1.525682
3.469239 1.527128
3.465730 1.526491
3.468688 1.527923
3.465156 1.527300
3.468137 1.528717
3.464581 1.528109
3.467585 1.529512
3.464006 1.528918
3.467034 1.530307
3.463431 1.529727
3.466483 1.531102
3.462856 1.530537
3.465932 1.531897
3.465381 1.532692
3.462282 1.531346
3.464829 1.533487
3.461707 1.532155
3.464278 1.534282
3.461132 1.532964
3.463727 1.535076
3.460557 1.533773
3.463176 1.535871
3.459983 1.534582
3.462625 1.536666
3.459408 1.535392
3.462073 1.537461
3.458833 1.536201
3.461522 1.538256
3.458258 1.537010
3.460971 1.539051
3.457683 1.537819
3.460420 1.539846
3.457109 1.538628
3.459869 1.540640
3.456534 1.539437
3.459317 1.541435
3.455959 1.540247
3.458766 1.542230
3.455384 1.541056
3.458215 1.543025
3.454809 1.541865
3.457664 1.543820
3.454235 1.542674
3.457113 1.544615
3.453660 1.543483
3.456561 1.545410
3.453085 1.544292
3.456010 1.546205
3.452510 1.545102
3.455459 1.546999
3.451936 1.545911
3.454908 1.547794
3.451361 1.546720
3.454357 1.548589
3.450786 1.547529
3.453805 1.549384
3.450211 1.548338
3.453254 1.550179
3.449636 1.549147
3.452703 1.550974
3.449062 1.549957
3.452152 1.551769
3.448487 1.550766
3.451601 1.552564
3.447912 1.551575
3.451049 1.553358
3.447337 1.552384
3.450498 1.554153
3.446762 1.553193
3.449947 1.554948
3.446188 1.554002
3.449396 1.555743
3.445613 1.554812
3.448845 1.556538
3.445038 1.555621
3.448293 1.557333
3.444463 1.556430
3.447742 1.558128
3.443889 1.557239
3.447191 1.558923
3.443314 1.558048
3.446640 1.559717
3.442739 1.558858
3.446088 1.560512
3.442164 1.559667
3.445537 1.561307
3.441589 1.560476
3.444986 1.562102
3.441015 1.561285
3.444435 1.562897
3.440440 1.562094
3.443884 1.563692
3.439865 1.562903
3.443332 1.564487
3.442781 1.565282
3.439290 1.563713
3.442230 1.566076
3.438715 1.564522
3.441679 1.566871
3.438141 1.565331
3.441128 1.567666
3.437566 1.566140
3.440576 1.568461
3.436991 1.566949
3.440025 1.569256
3.436416 1.567758
3.439474 1.570051
3.435842 1.568568
3.438923 1.570846
3.435267 1.569377
3.438372 1.571640
3.434692 1.570186
3.437820 1.572435
3.434117 1.570995
3.437269 1.573230
3.433542 1.571804
3.436718 1.574025
3.432968 1.572613
3.436167 1.574820
3.432393 1.573423
3.435616 1.575615
3.431818 1.574232
3.435064 1.576410
3.431243 1.575041
3.434513 1.577205
3.430668 1.575850
3.433962 1.577999
3.430094 1.576659
3.433411 1.578794
3.429519 1.577468
3.432860 1.579589
3.428944 1.578278
3.432308 1.580384
3.428369 1.579087
3.431757 1.581179
3.427795 1.579896
3.431206 1.581974
3.427220 1.580705
3.430655 1.582769
3.426645 1.581514
3.430104 1.583564
3.426070 1.582323
3.429552 1.584358
3.425495 1.583133
3.429001 1.585153
3.424921 1.583942
3.428450 1.585948
3.424346 1.584751
3.427899 1.586743
3.423771 1.585560
3.427348 1.587538
3.423196 1.586369
3.426796 1.588333
3.422622 1.587178
3.426245 1.589128
3.422047 1.587988
3.425694 1.589923
3.421472 1.588797
3.425143 1.590717
3.420897 1.589606
3.424592 1.591512
3.420322 1.590415
3.424040 1.592307
3.419748 1.591224
3.423489 1.593102
3.419173 1.592033
3.422938 1.593897
3.418598 1.592843
3.422387 1.594692
3.418023 1.593652
3.421836 1.595487
3.417448 1.594461
3.421284 1.596281
3.416874 1.595270
3.420733 1.597076
3.420182 1.597871
3.416299 1.596079
3.419631 1.598666
3.415724 1.596888
3.419080 1.599461
3.415149 1.597698
3.418528 1.600256
3.414575 1.598507
3.417977 1.601051
3.414000 1.599316
3.417426 1.601846
3.413425 1.600125
3.416875 1.602640
3.412850 1.600934
3.416324 1.603435
3.412275 1.601744
3.415772 1.604230
3.411701 1.602553
3.415221 1.605025
3.411126 1.603362
3.414670 1.605820
3.410551 1.604171
3.414119 1.606615
3.409976 1.604980
3.413568 1.607410
3.409401 1.605789
3.413016 1.608205
3.408827 1.606599
3.412465 1.608999
3.408252 1.607408
3.411914 1.609794
3.407677 1.608217
3.411363 1.610589
3.407102 1.609026
3.410812 1.611384
3.406528 1.609835
3.410260 1.612179
3.405953 1.610644
3.409709 1.612974
3.405378 1.611454
3.409158 1.613769
3.404803 1.612263
3.408607 1.614564
3.404228 1.613072
3.408056 1.615358
3.403654 1.613881
3.407504 1.616153
3.403079 1.614690
3.406953 1.616948
3.402504 1.615499
3.406402 1.617743
3.401929 1.616309
3.405851 1.618538
3.401354 1.617118
3.405300 1.619333
3.400780 1.617927
3.404748 1.620128
3.400205 1.618736
3.404197 1.620922
3.399630 1.619545
3.403646 1.621717
3.399055 1.620354
3.403095 1.622512
3.398481 1.621164
3.402544 1.623307
3.397906 1.621973
3.401992 1.624102
3.397331 1.622782
3.401441 1.624897
3.396756 1.623591
3.400890 1.625692
3.396181 1.624400
3.400339 1.626487
3.395607 1.625209
3.399788 1.627281
3.395032 1.626019
3.399236 1.628076
3.394457 1.626828
3.398685 1.628871
3.398134 1.629666
3.393882 1.627637
3.397583 1.630461
3.393307 1.628446
3.397032 1.631256
3.392733 1.629255
3.396480 1.632051
3.392158 1.630064
3.395929 1.632846
3.391583 1.630874
3.395378 1.633640
3.391008 1.631683
3.394827 1.634435
3.390434 1.632492
3.394276 1.635230
3.389859 1.633301
3.393724 1.636025
3.389284 1.634110
3.393173 1.636820
3.388709 1.634919
3.392622 1.637615
3.388134 1.635729
3.392071 1.638410
3.387560 1.636538
3.391520 1.639205
3.386985 1.637347
3.390968 1.639999
3.386410 1.638156
3.390417 1.640794
3.385835 1.638965
3.389866 1.641589
3.385260 1.639774
3.389315 1.642384
3.384686 1.640584
3.388764 1.643179
3.384111 1.641393
3.388212 1.643974
3.383536 1.642202
3.387661 1.644769
3.382961 1.643011
3.387110 1.645564
3.382387 1.643820
3.386559 1.646358
3.381812 1.644630
3.386008 1.647153
3.381237 1.645439
3.385456 1.647948
3.380662 1.646248
3.384905 1.648743
3.380087 1.647057
3.384354 1.649538
3.379513 1.647866
3.383803 1.650333
3.378938 1.648675
3.383252 1.651128
3.378363 1.649485
3.382700 1.651922
3.377788 1.650294
3.382149 1.652717
3.377213 1.651103
3.381598 1.653512
3.376639 1.651912
3.381047 1.654307
3.376064 1.652721
3.380496 1.655102
3.375489 1.653530
3.379944 1.655897
3.374914 1.654340
3.379393 1.656692
3.374340 1.655149
3.378842 1.657487
3.373765 1.655958
3.378291 1.658281
3.373190 1.656767
3.377740 1.659076
3.372615 1.657576
3.377188 1.659871
3.372040 1.658385
3.376637 1.660666
3.376086 1.661461
3.371466 1.659195
3.375535 1.662256
3.370891 1.660004
3.374984 1.663051
3.370316 1.660813
3.374432 1.663846
3.369741 1.661622
3.373881 1.664640
3.369166 1.662431
3.373330 1.665435
3.368592 1.663240
3.372779 1.666230
3.368017 1.664050
3.372228 1.667025
3.367442 1.664859
3.371676 1.667820
3.366867 1.665668
3.371125 1.668615
3.366293 1.666477
3.370574 1.669410
3.365718 1.667286
3.370023 1.670205
3.365143 1.668095
3.369472 1.670999
3.364568 1.668905
3.368920 1.671794
3.363993 1.669714
3.368369 1.672589
3.363419 1.670523
3.367818 1.673384
3.362844 1.671332
3.367267 1.674179
3.362269 1.672141
3.366716 1.674974
3.361694 1.672950
3.366164 1.675769
3.361119 1.673760
3.365613 1.676563
3.360545 1.674569
3.365062 1.677358
3.359970 1.675378
3.364511 1.678153
3.359395 1.676187
3.363960 1.678948
3.358820 1.676996
3.363408 1.679743
3.358246 1.677805
3.362857 1.680538
3.357671 1.678615
3.362306 1.681333
3.357096 1.679424
3.361755 1.682128
3.356521 1.680233
3.361204 1.682922
3.355946 1.681042
3.360652 1.683717
3.355372 1.681851
3.360101 1.684512
3.354797 1.682660
3.359550 1.685307
3.354222 1.683470
3.358999 1.686102
3.353647 1.684279
3.358447 1.686897
3.353072 1.685088
3.357896 1.687692
3.352498 1.685897
3.357345 1.688487
3.351923 1.686706
3.356794 1.689281
3.351348 1.687516
3.356243 1.690076
3.350773 1.688325
3.355691 1.690871
3.350199 1.689134
3.355140 1.691666
3.349624 1.689943
3.354589 1.692461
3.354038 1.693256
3.349049 1.690752
3.353487 1.694051
3.348474 1.691561
3.352935 1.694846
3.347899 1.692371
3.352384 1.695640
3.347325 1.693180
3.351833 1.696435
3.346750 1.693989
3.351282 1.697230
3.346175 1.694798
3.350731 1.698025
3.345600 1.695607
3.350179 1.698820
3.345025 1.696416
3.349628 1.699615
3.344451 1.697226
3.349077 1.700410
3.343876 1.698035
3.348526 1.701204
3.343301 1.698844
3.347975 1.701999
3.342726 1.699653
3.347423 1.702794
3.342152 1.700462
3.346872 1.703589
3.341577 1.701271
3.346321 1.704384
3.341002 1.702081
3.345770 1.705179
3.340427 1.702890
3.345219 1.705974
3.339852 1.703699
3.344667 1.706769
3.339278 1.704508
3.344116 1.707563
3.338703 1.705317
3.343565 1.708358
3.338128 1.706126
3.343014 1.709153
3.337553 1.706936
3.342463 1.709948
3.336979 1.707745
3.341911 1.710743
3.336404 1.708554
3.341360 1.711538
3.335829 1.709363
3.340809 1.712333
3.335254 1.710172
3.340258 1.713128
3.334679 1.710981
3.339707 1.713922
3.334105 1.711791
3.339155 1.714717
3.333530 1.712600
3.338604 1.715512
3.332955 1.713409
3.338053 1.716307
3.332380 1.714218
3.337502 1.717102
3.331805 1.715027
3.336951 1.717897
3.331231 1.715836
3.336399 1.718692
3.330656 1.716646
3.335848 1.719487
3.330081 1.717455
3.335297 1.720281
3.329506 1.718264
3.334746 1.721076
3.328932 1.719073
3.334195 1.721871
3.328357 1.719882
3.333643 1.722666
3.327782 1.720691
3.333092 1.723461
3.332541 1.724256
3.327207 1.721501
3.331990 1.725051
3.326632 1.722310
3.331439 1.725845
3.326058 1.723119
3.330887 1.726640
3.325483 1.723928
3.330336 1.727435
3.324908 1.724737
3.329785 1.728230
3.324333 1.725546
3.329234 1.729025
3.323758 1.726356
3.328683 1.729820
3.323184 1.727165
3.328131 1.730615
3.322609 1.727974
3.327580 1.731410
3.322034 1.728783
3.327029 1.732204
3.321459 1.729592
3.326478 1.732999
3.320885 1.730402
3.325927 1.733794
3.320310 1.731211
3.325375 1.734589
3.319735 1.732020
3.324824 1.735384
3.319160 1.732829
3.324273 1.736179
3.318585 1.733638
3.323722 1.736974
3.318011 1.734447
3.323171 1.737769
3.317436 1.735257
3.322619 1.738563
3.316861 1.736066
3.322068 1.739358
3.316286 1.736875
3.321517 1.740153
3.315711 1.737684
3.320966 1.740948
3.315137 1.738493
3.320415 1.741743
3.314562 1.739302
3.319863 1.742538
3.313987 1.740112
3.319312 1.743333
3.313412 1.740921
3.318761 1.744128
3.312838 1.741730
3.318210 1.744922
3.312263 1.742539
3.317659 1.745717
3.311688 1.743348
3.317107 1.746512
3.311113 1.744157
3.316556 1.747307
3.310538 1.744967
3.316005 1.748102
3.309964 1.745776
3.315454 1.748897
3.309389 1.746585
3.314903 1.749692
3.308814 1.747394
3.314351 1.750487
3.308239 1.748203
3.313800 1.751281
3.313800 1.751281
3.313355 1.751880
3.313355 1.751880
3.307664 1.749012
3.313222 1.752101
3.312909 1.752478
3.312909 1.752478
3.307090 1.749822
3.312643 1.752921
3.312464 1.753076
3.312464 1.753076
3.306515 1.750631
3.312019 1.753674
3.312019 1.753674
3.312065 1.753741
3.311573 1.754272
3.311573 1.754272
3.305940 1.751440
3.311486 1.754561
3.311128 1.754871
3.311128 1.754871
3.305365 1.752249
3.310908 1.755380
3.310683 1.755469
3.310683 1.755469
3.304791 1.753058
3.310237 1.756067
3.310237 1.756067
3.310329 1.756200
3.309792 1.756665
3.309792 1.756665
3.304216 1.753867
3.309750 1.757020
3.309346 1.757264
3.309346 1.757264
3.303641 1.754677
3.309172 1.757840
3.308901 1.757862
3.308901 1.757862
3.303066 1.755486
3.308456 1.758460
3.308456 1.758460
3.308593 1.758660
3.308010 1.759058
3.308010 1.759058
3.302491 1.756295
3.308015 1.759480
3.307565 1.759656
3.307565 1.759656
3.301917 1.757104
3.307436 1.760299
3.307119 1.760255
3.307119 1.760255
3.301342 1.757913
3.306674 1.760853
3.306674 1.760853
3.306858 1.761119
3.306229 1.761451
3.306229 1.761451
3.300767 1.758722
3.306279 1.761939
3.305783 1.762049
3.305783 1.762049
3.300192 1.759532
3.305701 1.762759
3.305338 1.762648
3.305338 1.762648
3.299617 1.760341
3.304893 1.763246
3.304893 1.763246
3.305122 1.763579
3.304447 1.763844
3.304447 1.763844
3.299043 1.761150
3.304544 1.764398
3.304002 1.764442
3.304002 1.764442
3.298468 1.761959
3.303965 1.765218
3.303556 1.765040
3.303556 1.765040
3.297893 1.762768
3.303111 1.765639
3.303111 1.765639
3.303387 1.766038
3.302666 1.766237
3.302666 1.766237
3.297318 1.763577
3.302808 1.766858
3.302220 1.766835
3.302220 1.766835
3.296744 1.764387
3.301775 1.767433
3.301775 1.767433
3.302230 1.767678
3.296169 1.765196
3.301329 1.768032
3.301329 1.768032
3.301651 1.768498
3.300884 1.768630
3.300884 1.768630
3.295594 1.766005
3.301073 1.769317
3.300439 1.769228
3.300439 1.769228
3.295019 1.766814
3.299993 1.769826
3.299993 1.769826
3.300494 1.770137
3.294444 1.767623
3.299548 1.770424
3.299548 1.770424
3.299916 1.770957
3.299103 1.771023
3.299103 1.771023
3.293870 1.768432
3.299337 1.771777
3.298657 1.771621
3.298657 1.771621
3.293295 1.769242
3.298212 1.772219
3.298212 1.772219
3.298758 1.772597
3.292720 1.770051
3.297766 1.772817
3.297766 1.772817
3.298180 1.773416
3.297321 1.773416
3.297321 1.773416
3.292145 1.770860
3.297601 1.774236
3.296876 1.774014
3.296876 1.774014
3.291570 1.771669
3.296430 1.774612
3.296430 1.774612
3.297023 1.775056
3.290996 1.772478
3.295985 1.775210
3.295985 1.775210
3.296444 1.775876
3.295540 1.775808
3.295540 1.775808
3.290421 1.773287
3.295866 1.776696
3.295094 1.776407
3.295094 1.776407
3.289846 1.774097
3.294649 1.777005
3.294649 1.777005
3.295287 1.777516
3.289271 1.774906
3.294203 1.777603
3.294203 1.777603
3.294709 1.778335
3.293758 1.778201
3.293758 1.778201
3.288697 1.775715
3.294130 1.779155
3.293313 1.778800
3.293313 1.778800
3.288122 1.776524
3.292867 1.779398
3.292867 1.779398
3.293552 1.779975
3.287547 1.777333
3.292422 1.779996
3.292422 1.779996
3.292973 1.780795
3.291976 1.780594
3.291976 1.780594
3.286972 1.778143
3.292395 1.781615
3.291531 1.781192
3.291531 1.781192
3.286397 1.778952
3.291086 1.781791
3.291086 1.781791
3.291816 1.782434
3.285823 1.779761
3.290640 1.782389
3.290640 1.782389
3.291238 1.783254
3.290195 1.782987
3.290195 1.782987
3.285248 1.780570
3.290659 1.784074
3.289750 1.783585
3.289750 1.783585
3.284673 1.781379
3.289304 1.784184
3.289304 1.784184
3.290081 1.784894
3.284098 1.782188
3.288859 1.784782
3.288859 1.784782
3.289502 1.785714
3.288413 1.785380
3.288413 1.785380
3.283523 1.782998
3.287968 1.785978
3.287968 1.785978
3.288923 1.786534
3.282949 1.783807
3.287523 1.786576
3.287523 1.786576
3.288345 1.787353
3.282374 1.784616
3.287077 1.787175
3.287077 1.787175
3.287766 1.788173
3.286632 1.787773
3.286632 1.787773
3.281799 1.785425
3.286186 1.788371
3.286186 1.788371
3.287188 1.788993
3.281224 1.786234
3.285741 1.788969
3.285741 1.788969
3.286609 1.789813
3.285296 1.789568
3.285296 1.789568
3.280650 1.787043
3.286031 1.790633
3.284850 1.790166
3.284850 1.790166
3.280075 1.787853
3.284405 1.790764
3.284405 1.790764
3.285452 1.791453
3.279500 1.788662
3.283960 1.791362
3.283960 1.791362
3.284874 1.792272
3.283514 1.791960
3.283514 1.791960
3.278925 1.789471
3.284295 1.793092
3.283069 1.792559
3.283069 1.792559
3.278350 1.790280
3.282623 1.793157
3.282623 1.793157
3.283717 1.793912
3.277776 1.791089
3.282178 1.793755
3.282178 1.793755
3.283138 1.794732
3.281733 1.794353
3.281733 1.794353
3.277201 1.791898
3.282560 1.795552
3.281287 1.794952
3.281287 1.794952
3.276626 1.792708
3.280842 1.795550
3.280842 1.795550
3.281981 1.796371
3.276051 1.793517
3.280397 1.796148
3.280397 1.796148
3.281403 1.797191
3.279951 1.796746
3.279951 1.796746
3.275476 1.794326
3.280824 1.798011
3.279506 1.797344
3.279506 1.797344
3.274902 1.795135
3.279060 1.797943
3.279060 1.797943
3.280246 1.798831
3.274327 1.795944
3.278615 1.798541
3.278615 1.798541
3.279667 1.799651
3.278170 1.799139
3.278170 1.799139
3.273752 1.796753
3.279089 1.800471
3.277724 1.799737
3.277724 1.799737
3.273177 1.797563
3.277279 1.800336
3.277279 1.800336
3.278510 1.801290
3.272603 1.798372
3.276833 1.800934
3.276833 1.800934
3.277931 1.802110
3.276388 1.801532
3.276388 1.801532
3.272028 1.799181
3.275943 1.802130
3.275943 1.802130
3.277353 1.802930
3.271453 1.799990
3.275497 1.802728
3.275497 1.802728
3.276774 1.803750
3.270878 1.800799
3.275052 1.803327
3.275052 1.803327
3.276196 1.804570
3.274607 1.803925
3.274607 1.803925
3.270303 1.801608
3.274161 1.804523
3.274161 1.804523
3.275617 1.805389
3.269729 1.802418
3.273716 1.805121
3.273716 1.805121
3.275039 1.806209
3.269154 1.803227
3.273270 1.805720
3.273270 1.805720
3.274460 1.807029
3.272825 1.806318
3.272825 1.806318
3.268579 1.804036
3.272380 1.806916
3.272380 1.806916
3.273882 1.807849
3.268004 1.804845
3.271934 1.807514
3.271934 1.807514
3.273303 1.808669
3.267429 1.805654
3.271489 1.808112
3.271489 1.808112
3.272725 1.809489
3.271043 1.808711
3.271043 1.808711
3.266855 1.806463
3.270598 1.809309
3.270598 1.809309
3.272146 1.810308
3.266280 1.807273
3.270153 1.809907
3.270153 1.809907
3.271568 1.811128
3.265705 1.808082
3.269707 1.810505
3.269707 1.810505
3.270989 1.811948
3.269262 1.811104
3.269262 1.811104
3.265130 1.808891
3.268817 1.811702
3.268817 1.811702
3.270411 1.812768
3.264556 1.809700
3.268371 1.812300
3.268371 1.812300
3.269832 1.813588
3.263981 1.810509
3.267926 1.812898
3.267926 1.812898
3.269254 1.814407
3.267480 1.813496
3.267480 1.813496
3.263406 1.811318
3.267035 1.814095
3.267035 1.814095
3.268675 1.815227
3.262831 1.812128
3.266590 1.814693
3.266590 1.814693
3.268096 1.816047
3.262256 1.812937
3.266144 1.815291
3.266144 1.815291
3.267518 1.816867
3.265699 1.815889
3.265699 1.815889
3.261682 1.813746
3.265254 1.816488
3.265254 1.816488
3.266939 1.817687
3.261107 1.814555
3.264808 1.817086
3.264808 1.817086
3.266361 1.818507
3.260532 1.815364
3.264363 1.817684
3.264363 1.817684
3.263917 1.818282
3.263917 1.818282
3.265782 1.819326
3.259957 1.816173
3.263472 1.818880
3.263472 1.818880
3.265204 1.820146
3.259382 1.816983
3.263027 1.819479
3.263027 1.819479
3.264625 1.820966
3.258808 1.817792
3.262581 1.820077
3.262581 1.820077
3.262136 1.820675
3.262136 1.820675
3.264047 1.821786
3.258233 1.818601
3.261690 1.821273
3.261690 1.821273
3.263468 1.822606
3.257658 1.819410
3.261245 1.821872
3.261245 1.821872
3.262890 1.823425
3.257083 1.820219
3.260800 1.822470
3.260800 1.822470
3.260354 1.823068
3.260354 1.823068
3.262311 1.824245
3.256509 1.821029
3.259909 1.823666
3.259909 1.823666
3.261733 1.825065
3.255934 1.821838
3.259464 1.824264
3.259464 1.824264
3.261154 1.825885
3.255359 1.822647
3.259018 1.824863
3.259018 1.824863
3.258573 1.825461
3.258573 1.825461
3.254784 1.823456
3.260576 1.826705
3.258127 1.826059
3.258127 1.826059
3.254209 1.824265
3.259997 1.827525
3.257682 1.826657
3.257682 1.826657
3.253635 1.825074
3.259419 1.828344
3.257237 1.827256
3.257237 1.827256
3.256791 1.827854
3.256791 1.827854
3.253060 1.825884
3.258840 1.829164
3.256346 1.828452
3.256346 1.828452
3.252485 1.826693
3.258262 1.829984
3.255900 1.829050
3.255900 1.829050
3.251910 1.827502
3.257683 1.830804
3.255455 1.829648
3.255455 1.829648
3.255010 1.830247
3.255010 1.830247
3.251336 1.828311
3.257104 1.831624
3.254564 1.830845
3.254564 1.830845
3.250761 1.829120
3.256526 1.832443
3.254119 1.831443
3.254119 1.831443
3.250186 1.829929
3.255947 1.833263
3.253674 1.832041
3.253674 1.832041
3.253228 1.832640
3.253228 1.832640
3.249611 1.830739
3.255369 1.834083
3.252783 1.833238
3.252783 1.833238
3.249036 1.831548
3.254790 1.834903
3.252337 1.833836
3.252337 1.833836
3.248462 1.832357
3.254212 1.835723
3.251892 1.834434
3.251892 1.834434
3.251447 1.835032
3.251447 1.835032
3.247887 1.833166
3.253633 1.836543
3.251001 1.835631
3.251001 1.835631
3.247312 1.833975
3.253055 1.837362
3.250556 1.836229
3.250556 1.836229
3.246737 1.834784
3.250110 1.836827
3.250110 1.836827
3.252476 1.838182
3.249665 1.837425
3.249665 1.837425
3.246162 1.835594
3.251898 1.839002
3.249220 1.838024
3.249220 1.838024
3.245588 1.836403
3.251319 1.839822
3.248774 1.838622
3.248774 1.838622
3.245013 1.837212
3.248329 1.839220
3.248329 1.839220
3.250741 1.840642
3.247884 1.839818
3.247884 1.839818
3.244438 1.838021
3.250162 1.841461
3.247438 1.840416
3.247438 1.840416
3.243863 1.838830
3.249584 1.842281
3.246993 1.841015
3.246993 1.841015
3.243289 1.839639
3.246547 1.841613
3.246547 1.841613
3.249005 1.843101
3.246102 1.842211
3.246102 1.842211
3.242714 1.840449
3.248427 1.843921
3.245657 1.842809
3.245657 1.842809
3.242139 1.841258
3.247848 1.844741
3.245211 1.843408
3.245211 1.843408
3.241564 1.842067
3.244766 1.844006
3.244766 1.844006
3.247269 1.845561
3.244321 1.844604
3.244321 1.844604
3.240989 1.842876
3.246691 1.846380
3.243875 1.845202
3.243875 1.845202
3.240415 1.843685
3.246112 1.847200
3.243430 1.845800
3.243430 1.845800
3.239840 1.844494
3.242984 1.846399
3.242984 1.846399
3.245534 1.848020
3.242539 1.846997
3.242539 1.846997
3.239265 1.845304
3.244955 1.848840
3.242094 1.847595
3.242094 1.847595
3.238690 1.846113
3.244377 1.849660
3.241648 1.848193
3.241648 1.848193
3.238115 1.846922
3.241203 1.848792
3.241203 1.848792
3.243798 1.850479
3.240757 1.849390
3.240757 1.849390
3.237541 1.847731
3.243220 1.851299
3.240312 1.849988
3.240312 1.849988
3.236966 1.848540
3.242641 1.852119
3.239867 1.850586
3.239867 1.850586
3.236391 1.849349
3.239421 1.851184
3.239421 1.851184
3.242063 1.852939
3.238976 1.851783
3.238976 1.851783
3.235816 1.850159
3.241484 1.853759
3.238531 1.852381
3.238531 1.852381
3.235242 1.850968
3.240906 1.854579
3.238085 1.852979
3.238085 1.852979
3.234667 1.851777
3.237640 1.853577
3.237640 1.853577
3.240327 1.855398
3.237194 1.854176
3.237194 1.854176
3.234092 1.852586
3.239749 1.856218
3.236749 1.854774
3.236749 1.854774
3.233517 1.853395
3.236304 1.855372
3.236304 1.855372
3.239170 1.857038
3.232942 1.854204
3.235858 1.855970
3.235858 1.855970
3.238592 1.857858
3.235413 1.856568
3.235413 1.856568
3.232368 1.855014
3.238013 1.858678
3.234967 1.857167
3.234967 1.857167
3.231793 1.855823
3.234522 1.857765
3.234522 1.857765
3.237435 1.859497
3.231218 1.856632
3.234077 1.858363
3.234077 1.858363
3.236856 1.860317
3.233631 1.858961
3.233631 1.858961
3.230643 1.857441
3.236277 1.861137
3.233186 1.859560
3.233186 1.859560
3.230068 1.858250
3.232741 1.860158
3.232741 1.860158
3.235699 1.861957
3.229494 1.859059
3.232295 1.860756
3.232295 1.860756
3.235120 1.862777
3.231850 1.861354
3.231850 1.861354
3.228919 1.859869
3.234542 1.863597
3.231404 1.861952
3.231404 1.861952
3.228344 1.860678
3.230959 1.862551
3.230959 1.862551
3.233963 1.864416
3.227769 1.861487
3.230514 1.863149
3.230514 1.863149
3.233385 1.865236
3.230068 1.863747
3.230068 1.863747
3.227195 1.862296
3.232806 1.866056
3.229623 1.864345
3.229623 1.864345
3.226620 1.863105
3.229178 1.864944
3.229178 1.864944
3.232228 1.866876
3.226045 1.863915
3.228732 1.865542
3.228732 1.865542
3.231649 1.867696
3.228287 1.866140
3.228287 1.866140
3.225470 1.864724
3.231071 1.868515
3.227841 1.866738
3.227841 1.866738
3.224895 1.865533
3.227396 1.867336
3.227396 1.867336
3.230492 1.869335
3.224321 1.866342
3.226951 1.867935
3.226951 1.867935
3.229914 1.870155
3.226505 1.868533
3.226505 1.868533
3.223746 1.867151
3.229335 1.870975
3.226060 1.869131
3.226060 1.869131
3.223171 1.867960
3.225614 1.869729
3.225614 1.869729
3.228757 1.871795
3.222596 1.868770
3.225169 1.870328
3.225169 1.870328
3.228178 1.872615
3.224724 1.870926
3.224724 1.870926
3.222021 1.869579
3.227600 1.873434
3.224278 1.871524
3.224278 1.871524
3.221447 1.870388
3.223833 1.872122
3.223833 1.872122
3.227021 1.874254
3.220872 1.871197
3.223388 1.872720
3.223388 1.872720
3.226442 1.875074
3.222942 1.873319
3.222942 1.873319
3.220297 1.872006
3.222497 1.873917
3.222497 1.873917
3.225864 1.875894
3.219722 1.872815
3.222051 1.874515
3.222051 1.874515
3.225285 1.876714
3.219148 1.873625
3.221606 1.875113
3.221606 1.875113
3.224707 1.877533
3.221161 1.875712
3.221161 1.875712
3.218573 1.874434
3.220715 1.876310
3.220715 1.876310
3.224128 1.878353
3.217998 1.875243
3.220270 1.876908
3.220270 1.876908
3.223550 1.879173
3.217423 1.876052
3.219824 1.877506
3.219824 1.877506
3.222971 1.879993
3.219379 1.878104
3.219379 1.878104
3.216848 1.876861
3.218934 1.878703
3.218934 1.878703
3.222393 1.880813
3.216274 1.877670
3.218488 1.879301
3.218488 1.879301
3.221814 1.881633
3.215699 1.878480
3.218043 1.879899
3.218043 1.879899
3.221236 1.882452
3.217598 1.880497
3.217598 1.880497
3.215124 1.879289
3.217152 1.881096
3.217152 1.881096
3.220657 1.883272
3.214549 1.880098
3.216707 1.881694
3.216707 1.881694
3.220079 1.884092
3.213974 1.880907
3.216261 1.882292
3.216261 1.882292
3.219500 1.884912
3.215816 1.882890
3.215816 1.882890
3.213400 1.881716
3.215371 1.883488
3.215371 1.883488
3.218922 1.885732
3.212825 1.882525
3.214925 1.884087
3.214925 1.884087
3.218343 1.886551
3.212250 1.883335
3.214480 1.884685
3.214480 1.884685
3.217765 1.887371
3.214035 1.885283
3.214035 1.885283
3.211675 1.884144
3.213589 1.885881
3.213589 1.885881
3.217186 1.888191
3.211101 1.884953
3.213144 1.886480
3.213144 1.886480
3.216608 1.889011
3.210526 1.885762
3.212698 1.887078
3.212698 1.887078
3.216029 1.889831
3.212253 1.887676
3.212253 1.887676
3.209951 1.886571
3.211808 1.888274
3.211808 1.888274
3.215450 1.890651
3.209376 1.887380
3.211362 1.888872
3.211362 1.888872
3.214872 1.891470
3.208801 1.888190
3.210917 1.889471
3.210917 1.889471
3.214293 1.892290
3.210471 1.890069
3.210471 1.890069
3.208227 1.888999
3.210026 1.890667
3.210026 1.890667
3.213715 1.893110
3.207652 1.889808
3.209581 1.891265
3.209581 1.891265
3.213136 1.893930
3.207077 1.890617
3.209135 1.891864
3.209135 1.891864
3.208690 1.892462
3.208690 1.892462
3.212558 1.894750
3.206502 1.891426
3.208245 1.893060
3.208245 1.893060
3.211979 1.895570
3.205927 1.892235
3.207799 1.893658
3.207799 1.893658
3.211401 1.896389
3.205353 1.893045
3.207354 1.894256
3.207354 1.894256
3.206908 1.894855
3.206908 1.894855
3.210822 1.897209
3.204778 1.893854
3.206463 1.895453
3.206463 1.895453
3.210244 1.898029
3.204203 1.894663
3.206018 1.896051
3.206018 1.896051
3.209665 1.898849
3.203628 1.895472
3.205572 1.896649
3.205572 1.896649
3.205127 1.897248
3.205127 1.897248
3.209087 1.899669
3.203054 1.896281
3.204681 1.897846
3.204681 1.897846
3.208508 1.900488
3.202479 1.897090
3.204236 1.898444
3.204236 1.898444
3.207930 1.901308
3.201904 1.897900
3.203791 1.899042
3.203791 1.899042
3.203345 1.899640
3.203345 1.899640
3.207351 1.902128
3.201329 1.898709
3.202900 1.900239
3.202900 1.900239
3.206773 1.902948
3.200754 1.899518
3.202455 1.900837
3.202455 1.900837
3.206194 1.903768
3.200180 1.900327
3.202009 1.901435
3.202009 1.901435
3.201564 1.902033
3.201564 1.902033
3.205615 1.904588
3.199605 1.901136
3.201118 1.902631
3.201118 1.902631
3.205037 1.905407
3.199030 1.901945
3.200673 1.903230
3.200673 1.903230
3.204458 1.906227
3.198455 1.902755
3.200228 1.903828
3.200228 1.903828
3.199782 1.904426
3.199782 1.904426
3.203880 1.907047
3.197880 1.903564
3.199337 1.905024
3.199337 1.905024
3.203301 1.907867
3.197306 1.904373
3.198892 1.905623
3.198892 1.905623
3.202723 1.908687
3.196731 1.905182
3.198446 1.906221
3.198446 1.906221
3.198001 1.906819
3.198001 1.906819
3.202144 1.909506
3.196156 1.905991
3.197555 1.907417
3.197555 1.907417
3.201566 1.910326
3.195581 1.906801
3.197110 1.908015
3.197110 1.908015
3.200987 1.911146
3.195007 1.907610
3.196665 1.908614
3.196665 1.908614
3.196219 1.909212
3.196219 1.909212
3.200409 1.911966
3.194432 1.908419
3.195774 1.909810
3.195774 1.909810
3.199830 1.912786
3.193857 1.909228
3.195328 1.910408
3.195328 1.910408
3.199252 1.913606
3.193282 1.910037
3.194883 1.911007
3.194883 1.911007
3.194438 1.911605
3.194438 1.911605
3.192707 1.910846
3.198673 1.914425
3.193992 1.912203
3.193992 1.912203
3.192133 1.911656
3.198095 1.915245
3.193547 1.912801
3.193547 1.912801
3.191558 1.912465
3.193102 1.913399
3.193102 1.913399
3.197516 1.916065
3.192656 1.913998
3.192656 1.913998
3.190983 1.913274
3.196938 1.916885
3.192211 1.914596
3.192211 1.914596
3.190408 1.914083
3.196359 1.917705
3.191765 1.915194
3.191765 1.915194
3.189833 1.914892
3.191320 1.915792
3.191320 1.915792
3.195781 1.918524
3.190875 1.916391
3.190875 1.916391
3.189259 1.915701
3.195202 1.919344
3.190429 1.916989
3.190429 1.916989
3.188684 1.916511
3.194623 1.920164
3.189984 1.917587
3.189984 1.917587
3.188109 1.917320
3.189538 1.918185
3.189538 1.918185
3.194045 1.920984
3.189093 1.918783
3.189093 1.918783
3.187534 1.918129
3.193466 1.921804
3.188648 1.919382
3.188648 1.919382
3.186960 1.918938
3.192888 1.922624
3.188202 1.919980
3.188202 1.919980
3.186385 1.919747
3.187757 1.920578
3.187757 1.920578
3.192309 1.923443
3.187312 1.921176
3.187312 1.921176
3.185810 1.920556
3.191731 1.924263
3.186866 1.921775
3.186866 1.921775
3.185235 1.921366
3.191152 1.925083
3.186421 1.922373
3.186421 1.922373
3.184660 1.922175
3.185975 1.922971
3.185975 1.922971
3.190574 1.925903
3.185530 1.923569
3.185530 1.923569
3.184086 1.922984
3.189995 1.926723
3.185085 1.924167
3.185085 1.924167
3.183511 1.923793
3.189417 1.927542
3.184639 1.924766
3.184639 1.924766
3.182936 1.924602
3.184194 1.925364
3.184194 1.925364
3.188838 1.928362
3.183749 1.925962
3.183749 1.925962
3.182361 1.925411
3.188260 1.929182
3.183303 1.926560
3.183303 1.926560
3.181786 1.926221
3.187681 1.930002
3.182858 1.927159
3.182858 1.927159
3.182412 1.927757
3.182412 1.927757
3.181212 1.927030
3.187103 1.930822
3.181967 1.928355
3.181967 1.928355
3.180637 1.927839
3.186524 1.931642
3.181522 1.928953
3.181522 1.928953
3.180062 1.928648
3.185946 1.932461
3.181076 1.929551
3.181076 1.929551
3.180631 1.930150
3.180631 1.930150
3.179487 1.929457
3.185367 1.933281
3.180185 1.930748
3.180185 1.930748
3.178913 1.930266
3.184788 1.934101
3.179740 1.931346
3.179740 1.931346
3.178338 1.931076
3.184210 1.934921
3.179295 1.931944
3.179295 1.931944
3.178849 1.932543
3.178849 1.932543
3.177763 1.931885
3.183631 1.935741
3.183631 1.935741
3.183481 1.935905
3.183481 1.935905
3.183331 1.936070
3.183331 1.936070
3.178404 1.933141
3.178404 1.933141
3.183180 1.936234
3.183180 1.936234
3.177188 1.932694
3.183030 1.936398
3.183030 1.936398
3.183084 1.936527
3.182880 1.936563
3.182880 1.936563
3.177959 1.933739
3.177959 1.933739
3.182730 1.936727
3.182730 1.936727
3.182579 1.936892
3.182579 1.936892
3.176613 1.933503
3.182429 1.937056
3.182429 1.937056
3.182537 1.937313
3.182279 1.937221
3.182279 1.937221
3.177513 1.934337
3.177513 1.934337
3.182128 1.937385
3.182128 1.937385
3.181978 1.937550
3.181978 1.937550
3.181828 1.937714
3.181828 1.937714
3.177068 1.934935
3.177068 1.934935
3.176039 1.934312
3.181677 1.937879
3.181677 1.937879
3.181990 1.938099
3.181527 1.938043
3.181527 1.938043
3.181377 1.938208
3.181377 1.938208
3.176622 1.935534
3.176622 1.935534
3.181226 1.938372
3.181226 1.938372
3.181076 1.938536
3.181076 1.938536
3.175464 1.935121
3.181442 1.938885
3.180926 1.938701
3.180926 1.938701
3.180775 1.938865
3.180775 1.938865
3.176177 1.936132
3.176177 1.936132
3.180625 1.939030
3.180625 1.939030
3.180475 1.939194
3.180475 1.939194
3.174889 1.935931
3.180895 1.939671
3.180324 1.939359
3.180324 1.939359
3.175732 1.936730
3.175732 1.936730
3.180174 1.939523
3.180174 1.939523
3.180024 1.939688
3.180024 1.939688
3.179874 1.939852
3.179874 1.939852
3.179723 1.940017
3.179723 1.940017
3.175286 1.937328
3.175286 1.937328
3.174314 1.936740
3.180348 1.940457
3.179573 1.940181
3.179573 1.940181
3.179423 1.940346
3.179423 1.940346
3.179272 1.940510
3.179272 1.940510
3.174841 1.937927
3.174841 1.937927
3.179122 1.940674
3.179122 1.940674
3.179800 1.941243
3.173739 1.937549
3.178972 1.940839
3.178972 1.940839
3.178821 1.941003
3.178821 1.941003
3.174395 1.938525
3.174395 1.938525
3.178671 1.941168
3.178671 1.941168
3.178521 1.941332
3.178521 1.941332
3.179253 1.942029
3.178370 1.941497
3.178370 1.941497
3.173165 1.938358
3.178220 1.941661
3.178220 1.941661
3.173950 1.939123
3.173950 1.939123
3.178070 1.941826
3.178070 1.941826
3.177919 1.941990
3.177919 1.941990
3.177769 1.942155
3.177769 1.942155
3.178706 1.942815
3.173505 1.939721
3.173505 1.939721
3.172590 1.939167
3.177619 1.942319
3.177619 1.942319
3.177468 1.942484
3.177468 1.942484
3.177318 1.942648
3.177318 1.942648
3.177168 1.942813
3.177168 1.942813
3.173059 1.940319
3.173059 1.940319
3.178159 1.943601
3.177018 1.942977
3.177018 1.942977
3.172015 1.939976
3.176867 1.943141
3.176867 1.943141
3.176717 1.943306
3.176717 1.943306
3.172614 1.940918
3.172614 1.940918
3.176567 1.943470
3.176567 1.943470
3.176416 1.943635
3.176416 1.943635
3.177611 1.944387
3.171440 1.940786
3.176266 1.943799
3.176266 1.943799
3.172169 1.941516
3.172169 1.941516
3.176116 1.943964
3.176116 1.943964
3.175965 1.944128
3.175965 1.944128
3.175815 1.944293
3.175815 1.944293
3.177064 1.945174
3.175665 1.944457
3.175665 1.944457
3.171723 1.942114
3.171723 1.942114
3.170866 1.941595
3.175514 1.944622
3.175514 1.944622
3.175364 1.944786
3.175364 1.944786
3.175214 1.944951
3.175214 1.944951
3.171278 1.942712
3.171278 1.942712
3.176517 1.945960
3.175063 1.945115
3.175063 1.945115
3.170291 1.942404
3.174913 1.945279
3.174913 1.945279
3.174763 1.945444
3.174763 1.945444
3.174612 1.945608
3.174612 1.945608
3.170832 1.943311
3.170832 1.943311
3.174462 1.945773
3.174462 1.945773
3.175969 1.946746
3.174312 1.945937
3.174312 1.945937
3.169716 1.943213
3.174162 1.946102
3.174162 1.946102
3.170387 1.943909
3.170387 1.943909
3.174011 1.946266
3.174011 1.946266
3.173861 1.946431
3.173861 1.946431
3.175422 1.947532
3.173711 1.946595
3.173711 1.946595
3.169942 1.944507
3.169942 1.944507
3.169141 1.944022
3.173560 1.946760
3.173560 1.946760
3.173410 1.946924
3.173410 1.946924
3.173260 1.947089
3.173260 1.947089
3.174875 1.948318
3.173109 1.947253
3.173109 1.947253
3.169496 1.945105
3.169496 1.945105
3.172959 1.947417
3.172959 1.947417
3.168566 1.944831
3.172809 1.947582
3.172809 1.947582
3.172658 1.947746
3.172658 1.947746
3.169051 1.945703
3.169051 1.945703
3.172508 1.947911
3.172508 1.947911
3.174328 1.949104
3.172358 1.948075
3.172358 1.948075
3.167992 1.945641
3.172207 1.948240
3.172207 1.948240
3.172057 1.948404
3.172057 1.948404
3.168606 1.946302
3.168606 1.946302
3.171907 1.948569
3.171907 1.948569
3.173780 1.949890
3.171756 1.948733
3.171756 1.948733
3.171606 1.948898
3.171606 1.948898
3.168160 1.946900
3.168160 1.946900
3.167417 1.946450
3.171456 1.949062
3.171456 1.949062
3.171306 1.949227
3.171306 1.949227
3.171155 1.949391
3.171155 1.949391
3.173233 1.950676
3.167715 1.947498
3.167715 1.947498
3.171005 1.949555
3.171005 1.949555
3.170855 1.949720
3.170855 1.949720
3.166842 1.947259
3.170704 1.949884
3.170704 1.949884
3.170554 1.950049
3.170554 1.950049
3.167269 1.948096
3.167269 1.948096
3.172686 1.951462
3.170404 1.950213
3.170404 1.950213
3.170253 1.950378
3.170253 1.950378
3.166267 1.948068
3.170103 1.950542
3.170103 1.950542
3.166824 1.948695
3.166824 1.948695
3.169953 1.950707
3.169953 1.950707
3.172138 1.952248
3.169802 1.950871
3.169802 1.950871
3.169652 1.951036
3.169652 1.951036
3.169502 1.951200
3.169502 1.951200
3.166379 1.949293
3.166379 1.949293
3.165693 1.948877
3.169351 1.951365
3.169351 1.951365
3.169201 1.951529
3.169201 1.951529
3.171591 1.953034
3.169051 1.951693
3.169051 1.951693
3.165933 1.949891
3.165933 1.949891
3.168900 1.951858
3.168900 1.951858
3.165118 1.949687
3.168750 1.952022
3.168750 1.952022
3.168600 1.952187
3.168600 1.952187
3.171044 1.953820
3.165488 1.950489
3.165488 1.950489
3.168450 1.952351
3.168450 1.952351
3.168299 1.952516
3.168299 1.952516
3.168149 1.952680
3.168149 1.952680
3.164543 1.950496
3.167999 1.952845
3.167999 1.952845
3.165042 1.951087
3.165042 1.951087
3.170497 1.954606
3.167848 1.953009
3.167848 1.953009
3.167698 1.953174
3.167698 1.953174
3.167548 1.953338
3.167548 1.953338
3.164597 1.951686
3.164597 1.951686
3.163968 1.951305
3.167397 1.953503
3.167397 1.953503
3.167247 1.953667
3.167247 1.953667
3.169949 1.955393
3.167097 1.953831
3.167097 1.953831
3.166946 1.953996
3.166946 1.953996
3.164152 1.952284
3.164152 1.952284
3.166796 1.954160
3.166796 1.954160
3.163393 1.952114
3.166646 1.954325
3.166646 1.954325
3.169402 1.956179
3.166495 1.954489
3.166495 1.954489
3.163706 1.952882
3.163706 1.952882
3.166345 1.954654
3.166345 1.954654
3.166195 1.954818
3.166195 1.954818
3.162819 1.952923
3.166044 1.954983
3.166044 1.954983
3.163261 1.953480
3.163261 1.953480
3.168855 1.956965
3.165894 1.955147
3.165894 1.955147
3.165744 1.955312
3.165744 1.955312
3.165594 1.955476
3.165594 1.955476
3.165443 1.955641
3.165443 1.955641
3.162816 1.954079
3.162816 1.954079
3.162244 1.953732
3.165293 1.955805
3.165293 1.955805
3.168307 1.957751
3.165143 1.955969
3.165143 1.955969
3.164992 1.956134
3.164992 1.956134
3.162370 1.954677
3.162370 1.954677
3.164842 1.956298
3.164842 1.956298
3.161669 1.954542
3.164692 1.956463
3.164692 1.956463
3.167760 1.958537
3.164541 1.956627
3.164541 1.956627
3.164391 1.956792
3.164391 1.956792
3.161925 1.955275
3.161925 1.955275
3.164241 1.956956
3.164241 1.956956
3.164090 1.957121
3.164090 1.957121
3.161094 1.955351
3.163940 1.957285
3.163940 1.957285
3.167213 1.959323
3.161479 1.955873
3.161479 1.955873
3.163790 1.957450
3.163790 1.957450
3.163639 1.957614
3.163639 1.957614
3.163489 1.957779
3.163489 1.957779
3.161034 1.956471
3.161034 1.956471
3.160519 1.956160
3.163339 1.957943
3.163339 1.957943
3.166666 1.960109
3.163188 1.958108
3.163188 1.958108
3.163038 1.958272
3.163038 1.958272
3.162888 1.958436
3.162888 1.958436
3.160589 1.957070
3.160589 1.957070
3.162738 1.958601
3.162738 1.958601
3.159945 1.956969
3.166118 1.960895
3.162587 1.958765
3.162587 1.958765
3.162437 1.958930
3.162437 1.958930
3.160143 1.957668
3.160143 1.957668
3.162287 1.959094
3.162287 1.959094
3.162136 1.959259
3.162136 1.959259
3.159370 1.957778
3.161986 1.959423
3.161986 1.959423
3.165571 1.961681
3.161836 1.959588
3.161836 1.959588
3.159698 1.958266
3.159698 1.958266
3.161685 1.959752
3.161685 1.959752
3.161535 1.959917
3.161535 1.959917
3.161385 1.960081
3.161385 1.960081
3.159252 1.958864
3.159252 1.958864
3.158795 1.958587
3.165024 1.962467
3.161234 1.960246
3.161234 1.960246
3.161084 1.960410
3.161084 1.960410
3.160934 1.960574
3.160934 1.960574
3.158807 1.959463
3.158807 1.959463
3.160783 1.960739
3.160783 1.960739
3.164476 1.963253
3.158220 1.959397
3.160633 1.960903
3.160633 1.960903
3.160483 1.961068
3.160483 1.961068
3.160332 1.961232
3.160332 1.961232
3.158362 1.960061
3.158362 1.960061
3.160182 1.961397
3.160182 1.961397
3.160032 1.961561
3.160032 1.961561
3.163929 1.964039
3.157646 1.960206
3.159882 1.961726
3.159882 1.961726
3.157916 1.960659
3.157916 1.960659
3.159731 1.961890
3.159731 1.961890
3.159581 1.962055
3.159581 1.962055
3.159431 1.962219
3.159431 1.962219
3.163382 1.964825
3.157471 1.961257
3.157471 1.961257
3.159280 1.962384
3.159280 1.962384
3.157071 1.961015
3.159130 1.962548
3.159130 1.962548
3.158980 1.962712
3.158980 1.962712
3.158829 1.962877
3.158829 1.962877
3.157026 1.961855
3.157026 1.961855
3.162835 1.965612
3.158679 1.963041
3.158679 1.963041
3.156496 1.961824
3.158529 1.963206
3.158529 1.963206
3.158378 1.963370
3.158378 1.963370
3.156580 1.962454
3.156580 1.962454
3.158228 1.963535
3.158228 1.963535
3.158078 1.963699
3.158078 1.963699
3.162287 1.966398
3.157927 1.963864
3.157927 1.963864
3.155921 1.962633
3.157777 1.964028
3.157777 1.964028
3.156135 1.963052
3.156135 1.963052
3.157627 1.964193
3.157627 1.964193
3.157476 1.964357
3.157476 1.964357
3.161740 1.967184
3.157326 1.964522
3.157326 1.964522
3.155689 1.963650
3.155689 1.963650
3.155346 1.963442
3.157176 1.964686
3.157176 1.964686
3.157026 1.964850
3.157026 1.964850
3.156875 1.965015
3.156875 1.965015
3.155244 1.964248
3.155244 1.964248
3.156725 1.965179
3.156725 1.965179
3.161193 1.967970
3.156575 1.965344
3.156575 1.965344
3.154772 1.964252
3.156424 1.965508
3.156424 1.965508
3.156274 1.965673
3.156274 1.965673
3.154799 1.964847
3.154799 1.964847
3.156124 1.965837
3.156124 1.965837
3.160645 1.968756
3.155973 1.966002
3.155973 1.966002
3.154197 1.965061
3.155823 1.966166
3.155823 1.966166
3.154353 1.965445
3.154353 1.965445
3.155673 1.966331
3.155673 1.966331
3.155522 1.966495
3.155522 1.966495
3.160098 1.969542
3.155372 1.966660
3.155372 1.966660
3.155222 1.966824
3.155222 1.966824
3.153908 1.966043
3.153908 1.966043
3.153622 1.965870
3.155071 1.966988
3.155071 1.966988
3.154921 1.967153
3.154921 1.967153
3.154771 1.967317
3.154771 1.967317
3.159551 1.970328
3.153462 1.966641
3.153462 1.966641
3.154620 1.967482
3.154620 1.967482
3.153047 1.966679
3.154470 1.967646
3.154470 1.967646
3.154320 1.967811
3.154320 1.967811
3.153017 1.967239
3.153017 1.967239
3.154170 1.967975
3.154170 1.967975
3.159004 1.971114
3.154019 1.968140
3.154019 1.968140
3.153869 1.968304
3.153869 1.968304
3.152472 1.967488
3.153719 1.968469
3.153719 1.968469
3.152572 1.967838
3.152572 1.967838
3.153568 1.968633
3.153568 1.968633
3.158456 1.971900
3.153418 1.968798
3.153418 1.968798
3.153268 1.968962
3.153268 1.968962
3.152126 1.968436
3.152126 1.968436
3.151898 1.968297
3.153117 1.969126
3.153117 1.969126
3.152967 1.969291
3.152967 1.969291
3.152817 1.969455
3.152817 1.969455
3.157909 1.972686
3.152666 1.969620
3.152666 1.969620
3.151681 1.969034
3.151681 1.969034
3.152516 1.969784
3.152516 1.969784
3.151323 1.969107
3.152366 1.969949
3.152366 1.969949
3.152215 1.970113
3.152215 1.970113
3.151236 1.969632
3.151236 1.969632
3.157362 1.973472
3.152065 1.970278
3.152065 1.970278
3.151915 1.970442
3.151915 1.970442
3.150748 1.969916
3.151764 1.970607
3.151764 1.970607
3.150790 1.970231
3.150790 1.970231
3.151614 1.970771
3.151614 1.970771
3.156814 1.974258
3.151464 1.970936
3.151464 1.970936
3.151314 1.971100
3.151314 1.971100
3.151163 1.971264
3.151163 1.971264
3.150345 1.970829
3.150345 1.970829
3.150173 1.970725
3.151013 1.971429
3.151013 1.971429
3.150863 1.971593
3.150863 1.971593
3.156267 1.975044
3.150712 1.971758
3.150712 1.971758
3.149899 1.971427
3.149899 1.971427
3.150562 1.971922
3.150562 1.971922
3.149599 1.971534
3.150412 1.972087
3.150412 1.972087
3.150261 1.972251
3.150261 1.972251
3.155720 1.975831
3.150111 1.972416
3.150111 1.972416
3.149454 1.972025
3.149454 1.972025
3.149961 1.972580
3.149961 1.972580
3.149810 1.972745
3.149810 1.972745
3.149024 1.972343
3.149660 1.972909
3.149660 1.972909
3.149009 1.972623
3.149009 1.972623
3.155173 1.976617
3.149510 1.973074
3.149510 1.973074
3.149359 1.973238
3.149359 1.973238
3.149209 1.973403
3.149209 1.973403
3.148563 1.973222
3.148563 1.973222
3.148449 1.973152
3.149059 1.973567
3.149059 1.973567
3.148908 1.973731
3.148908 1.973731
3.154625 1.977403
3.148758 1.973896
3.148758 1.973896
3.148608 1.974060
3.148608 1.974060
3.148118 1.973820
3.148118 1.973820
3.148457 1.974225
3.148457 1.974225
3.147874 1.973962
3.148307 1.974389
3.148307 1.974389
3.154078 1.978189
3.148157 1.974554
3.148157 1.974554
3.147673 1.974418
3.147673 1.974418
3.148007 1.974718
3.148007 1.974718
3.147856 1.974883
3.147856 1.974883
3.147299 1.974771
3.147706 1.975047
3.147706 1.975047
3.147556 1.975212
3.147556 1.975212
3.147227 1.975016
3.147227 1.975016
3.153531 1.978975
3.147405 1.975376
3.147405 1.975376
3.147255 1.975541
3.147255 1.975541
3.147105 1.975705
3.147105 1.975705
3.146782 1.975615
3.146782 1.975615
3.146725 1.975580
3.146954 1.975869
3.146954 1.975869
3.152984 1.979761
3.146804 1.976034
3.146804 1.976034
3.146654 1.976198
3.146654 1.976198
3.146336 1.976213
3.146336 1.976213
3.146503 1.976363
3.146503 1.976363
3.146150 1.976389
3.146353 1.976527
3.146353 1.976527
3.152436 1.980547
3.146203 1.976692
3.146203 1.976692
3.146052 1.976856
3.146052 1.976856
3.145891 1.976811
3.145891 1.976811
3.145902 1.977021
3.145902 1.977021
3.145752 1.977185
3.145752 1.977185
3.145575 1.977198
3.145601 1.977350
3.145601 1.977350
3.151889 1.981333
3.145446 1.977409
3.145446 1.977409
3.145451 1.977514
3.145451 1.977514
3.145301 1.977679
3.145301 1.977679
3.145151 1.977843
3.145151 1.977843
3.145000 1.978007
3.145000 1.978007
3.145000 1.978007
3.151342 1.982119
3.144424 1.978815
3.150794 1.982905
3.143847 1.979622
3.150247 1.983691
3.149700 1.984477
3.143270 1.980429
3.149153 1.985263
3.142693 1.981237
3.148605 1.986049
3.142117 1.982044
3.148058 1.986836
3.141540 1.982851
3.147511 1.987622
3.140963 1.983659
3.146963 1.988408
3.140387 1.984466
3.146416 1.989194
3.139810 1.985273
3.145869 1.989980
3.139233 1.986081
3.145322 1.990766
3.138657 1.986888
3.144774 1.991552
3.138080 1.987695
3.144227 1.992338
3.137503 1.988503
3.143680 1.993124
3.136926 1.989310
3.143132 1.993910
3.136350 1.990117
3.142585 1.994696
3.135773 1.990924
3.142038 1.995482
3.135196 1.991732
3.141491 1.996268
3.134620 1.992539
3.140943 1.997055
3.134043 1.993346
3.140396 1.997841
3.133466 1.994154
3.139849 1.998627
3.132889 1.994961
3.139301 1.999413
3.132313 1.995768
3.138754 2.000199
3.131736 1.996576
3.138207 2.000985
3.131159 1.997383
3.137660 2.001771
3.130583 1.998190
3.137112 2.002557
3.130006 1.998998
3.136565 2.003343
3.129429 1.999805
3.136018 2.004129
3.128853 2.000612
3.135470 2.004915
3.128276 2.001420
3.134923 2.005701
3.134376 2.006487
3.127699 2.002227
3.133829 2.007274
3.127122 2.003034
3.133281 2.008060
3.126546 2.003841
3.132734 2.008846
3.125969 2.004649
3.132187 2.009632
3.125392 2.005456
3.131639 2.010418
3.124816 2.006263
3.131092 2.011204
3.124239 2.007071
3.130545 2.011990
3.123662 2.007878
3.129998 2.012776
3.123086 2.008685
3.129450 2.013562
3.122509 2.009493
3.128903 2.014348
3.121932 2.010300
3.128356 2.015134
3.121355 2.011107
3.127808 2.015920
3.120779 2.011915
3.127261 2.016706
3.120202 2.012722
3.126714 2.017493
3.119625 2.013529
3.126167 2.018279
3.119049 2.014337
3.125619 2.019065
3.118472 2.015144
3.125072 2.019851
3.117895 2.015951
3.124525 2.020637
3.117319 2.016759
3.123977 2.021423
3.116742 2.017566
3.123430 2.022209
3.116165 2.018373
3.122883 2.022995
3.115588 2.019180
3.122336 2.023781
3.115012 2.019988
3.121788 2.024567
3.114435 2.020795
3.121241 2.025353
3.113858 2.021602
3.120694 2.026139
3.113282 2.022410
3.120146 2.026925
3.112705 2.023217
3.119599 2.027712
3.119052 2.028498
3.112128 2.024024
3.118505 2.029284
3.111551 2.024832
3.117957 2.030070
3.110975 2.025639
3.117410 2.030856
3.110398 2.026446
3.116863 2.031642
3.109821 2.027254
3.116315 2.032428
3.109245 2.028061
3.115768 2.033214
3.108668 2.028868
3.115221 2.034000
3.108091 2.029676
3.114674 2.034786
3.107515 2.030483
3.114126 2.035572
3.106938 2.031290
3.113579 2.036358
3.106361 2.032097
3.113032 2.037144
3.105784 2.032905
3.112484 2.037930
3.105208 2.033712
3.111937 2.038717
3.104631 2.034519
3.111390 2.039503
3.104054 2.035327
3.110843 2.040289
3.103478 2.036134
3.110295 2.041075
3.102901 2.036941
3.109748 2.041861
3.102324 2.037749
3.109201 2.042647
3.101748 2.038556
3.108653 2.043433
3.101171 2.039363
3.108106 2.044219
3.100594 2.040171
3.107559 2.045005
3.100017 2.040978
3.107012 2.045791
3.099441 2.041785
3.106464 2.046577
3.098864 2.042593
3.105917 2.047363
3.098287 2.043400
3.105370 2.048149
3.097711 2.044207
3.104823 2.048936
3.104275 2.049722
3.097134 2.045015
3.103728 2.050508
3.096557 2.045822
3.103181 2.051294
3.095981 2.046629
3.102633 2.052080
3.095404 2.047436
3.102086 2.052866
3.094827 2.048244
3.101539 2.053652
3.094250 2.049051
3.100992 2.054438
3.093674 2.049858
3.100444 2.055224
3.093097 2.050666
3.099897 2.056010
3.092520 2.051473
3.099350 2.056796
3.091944 2.052280
3.098802 2.057582
3.091367 2.053088
3.098255 2.058368
3.090790 2.053895
3.097708 2.059155
3.090214 2.054702
3.097161 2.059941
3.089637 2.055510
3.096613 2.060727
3.089060 2.056317
3.096066 2.061513
3.088483 2.057124
3.095519 2.062299
3.087907 2.057932
3.094971 2.063085
3.087330 2.058739
3.094424 2.063871
3.086753 2.059546
3.093877 2.064657
3.086177 2.060353
3.093330 2.065443
3.085600 2.061161
3.092782 2.066229
3.085023 2.061968
3.092235 2.067015
3.084446 2.062775
3.091688 2.067801
3.083870 2.063583
3.091140 2.068587
3.083293 2.064390
3.090593 2.069374
3.082716 2.065197
3.090046 2.070160
3.082140 2.066005
3.089499 2.070946
3.088951 2.071732
3.081563 2.066812
3.088404 2.072518
3.080986 2.067619
3.087857 2.073304
3.080410 2.068427
3.087309 2.074090
3.079833 2.069234
3.086762 2.074876
3.079256 2.070041
3.086215 2.075662
3.078679 2.070849
3.085668 2.076448
3.078103 2.071656
3.085120 2.077234
3.077526 2.072463
3.084573 2.078020
3.076949 2.073270
3.084026 2.078806
3.076373 2.074078
3.083478 2.079593
3.075796 2.074885
3.082931 2.080379
3.075219 2.075692
3.082384 2.081165
3.074643 2.076500
3.081837 2.081951
3.074066 2.077307
3.081289 2.082737
3.073489 2.078114
3.080742 2.083523
3.072912 2.078922
3.080195 2.084309
3.072336 2.079729
3.079647 2.085095
3.071759 2.080536
3.079100 2.085881
3.071182 2.081344
3.078553 2.086667
3.070606 2.082151
3.078006 2.087453
3.070029 2.082958
3.077458 2.088239
3.069452 2.083766
3.076911 2.089025
3.068876 2.084573
3.076364 2.089812
3.068299 2.085380
3.075816 2.090598
3.067722 2.086188
3.075269 2.091384
3.067145 2.086995
3.074722 2.092170
3.074175 2.092956
3.066569 2.087802
3.073627 2.093742
3.065992 2.088609
3.073080 2.094528
3.065415 2.089417
3.072533 2.095314
3.064839 2.090224
3.071985 2.096100
3.064262 2.091031
3.071438 2.096886
3.063685 2.091839
3.070891 2.097672
3.063108 2.092646
3.070344 2.098458
3.062532 2.093453
3.069796 2.099244
3.061955 2.094261
3.069249 2.100030
3.061378 2.095068
3.068702 2.100817
3.060802 2.095875
3.068154 2.101603
3.060225 2.096683
3.067607 2.102389
3.059648 2.097490
3.067060 2.103175
3.059072 2.098297
3.066513 2.103961
3.058495 2.099105
3.065965 2.104747
3.057918 2.099912
3.065418 2.105533
3.057341 2.100719
3.064871 2.106319
3.056765 2.101526
3.064323 2.107105
3.056188 2.102334
3.063776 2.107891
3.055611 2.103141
3.063229 2.108677
3.055035 2.103948
3.062682 2.109463
3.054458 2.104756
3.062134 2.110249
3.053881 2.105563
3.061587 2.111036
3.053305 2.106370
3.061040 2.111822
3.052728 2.107178
3.060492 2.112608
3.052151 2.107985
3.059945 2.113394
3.059398 2.114180
3.051574 2.108792
3.058851 2.114966
3.050998 2.109600
3.058303 2.115752
3.050421 2.110407
3.057756 2.116538
3.049844 2.111214
3.057209 2.117324
3.049268 2.112022
3.056662 2.118110
3.048691 2.112829
3.056114 2.118896
3.048114 2.113636
3.055567 2.119682
3.047538 2.114443
3.055020 2.120468
3.046961 2.115251
3.054472 2.121255
3.046384 2.116058
3.053925 2.122041
3.045807 2.116865
3.053378 2.122827
3.045231 2.117673
3.052831 2.123613
3.044654 2.118480
3.052283 2.124399
3.044077 2.119287
3.051736 2.125185
3.043501 2.120095
3.051189 2.125971
3.042924 2.120902
3.050641 2.126757
3.042347 2.121709
3.050094 2.127543
3.041771 2.122517
3.049547 2.128329
3.041194 2.123324
3.049000 2.129115
3.040617 2.124131
3.048452 2.129901
3.040040 2.124939
3.047905 2.130687
3.039464 2.125746
3.047358 2.131474
3.038887 2.126553
3.046810 2.132260
3.038310 2.127361
3.046263 2.133046
3.037734 2.128168
3.045716 2.133832
3.037157 2.128975
3.045169 2.134618
3.044621 2.135404
3.036580 2.129782
3.044074 2.136190
3.036003 2.130590
3.043527 2.136976
3.035427 2.131397
3.042979 2.137762
3.034850 2.132204
3.042432 2.138548
3.034273 2.133012
3.041885 2.139334
3.033697 2.133819
3.041338 2.140120
3.033120 2.134626
3.040790 2.140906
3.032543 2.135434
3.040243 2.141693
3.031967 2.136241
3.039696 2.142479
3.031390 2.137048
3.039148 2.143265
3.030813 2.137856
3.038601 2.144051
3.030236 2.138663
3.038054 2.144837
3.029660 2.139470
3.037507 2.145623
3.029083 2.140278
3.036959 2.146409
3.028506 2.141085
3.036412 2.147195
3.027930 2.141892
3.035865 2.147981
3.027353 2.142699
3.035317 2.148767
3.026776 2.143507
3.034770 2.149553
3.026200 2.144314
3.034223 2.150339
3.025623 2.145121
3.033676 2.151125
3.025046 2.145929
3.033128 2.151912
3.024469 2.146736
3.032581 2.152698
3.023893 2.147543
3.032034 2.153484
3.023316 2.148351
3.031486 2.154270
3.022739 2.149158
3.030939 2.155056
3.022163 2.149965
3.030392 2.155842
3.029845 2.156628
3.021586 2.150773
3.029297 2.157414
3.021009 2.151580
3.028750 2.158200
3.020433 2.152387
3.028203 2.158986
3.019856 2.153195
3.027655 2.159772
3.019279 2.154002
3.027108 2.160558
3.018702 2.154809
3.026561 2.161344
3.018126 2.155617
3.026014 2.162130
3.017549 2.156424
3.025466 2.162917
3.016972 2.157231
3.024919 2.163703
3.016396 2.158038
3.024372 2.164489
3.015819 2.158846
3.023824 2.165275
3.015242 2.159653
3.023277 2.166061
3.014666 2.160460
3.022730 2.166847
3.014089 2.161268
3.022183 2.167633
3.013512 2.162075
3.021635 2.168419
3.012935 2.162882
3.021088 2.169205
3.012359 2.163690
3.020541 2.169991
3.011782 2.164497
3.019993 2.170777
3.011205 2.165304
3.019446 2.171563
3.010629 2.166112
3.018899 2.172349
3.010052 2.166919
3.018352 2.173136
3.009475 2.167726
3.017804 2.173922
3.008898 2.168534
3.017257 2.174708
3.008322 2.169341
3.016710 2.175494
3.007745 2.170148
3.016162 2.176280
3.007168 2.170955
3.015615 2.177066
3.015068 2.177852
3.006592 2.171763
3.014521 2.178638
3.006015 2.172570
3.013973 2.179424
3.005438 2.173377
3.013426 2.180210
3.004862 2.174185
3.012879 2.180996
3.004285 2.174992
3.012331 2.181782
3.003708 2.175799
3.011784 2.182568
3.003131 2.176607
3.011237 2.183355
3.002555 2.177414
3.010690 2.184141
3.001978 2.178221
3.010142 2.184927
3.001401 2.179029
3.009595 2.185713
3.000825 2.179836
3.009048 2.186499
3.000248 2.180643
3.008500 2.187285
2.999671 2.181451
3.007953 2.188071
2.999095 2.182258
3.007406 2.188857
2.998518 2.183065
3.006859 2.189643
2.997941 2.183872
3.006311 2.190429
2.997364 2.184680
3.005764 2.191215
2.996788 2.185487
3.005217 2.192001
2.996211 2.186294
3.004670 2.192787
2.995634 2.187102
3.004122 2.193574
2.995058 2.187909
3.003575 2.194360
2.994492 2.188716
3.003028 2.195146
2.993926 2.189522
3.002480 2.195932
2.993361 2.190329
3.001933 2.196718
2.992795 2.191136
3.001386 2.197504
2.992229 2.191942
3.000839 2.198290
2.991664 2.192749
3.000291 2.199076
2.999744 2.199862
2.991098 2.193556
2.999197 2.200648
2.990532 2.194362
2.998649 2.201434
2.989967 2.195169
2.998102 2.202220
2.989401 2.195976
2.997555 2.203006
2.988835 2.196783
2.997008 2.203793
2.988270 2.197589
2.996460 2.204579
2.987704 2.198396
2.995913 2.205365
2.987138 2.199203
2.995366 2.206151
2.986573 2.200009
2.994818 2.206937
2.986007 2.200816
2.994271 2.207723
2.985442 2.201623
2.993724 2.208509
2.984876 2.202429
2.993177 2.209295
2.984310 2.203236
2.992629 2.210081
2.983745 2.204043
2.992082 2.210867
2.983179 2.204849
2.991535 2.211653
2.982613 2.205656
2.990987 2.212439
2.982048 2.206463
2.990440 2.213225
2.981482 2.207269
2.989893 2.214011
2.980916 2.208076
2.989346 2.214798
2.980351 2.208883
2.988798 2.215584
2.979785 2.209689
2.988251 2.216370
2.979219 2.210496
2.987704 2.217156
2.978654 2.211303
2.987156 2.217942
2.978088 2.212109
2.986609 2.218728
2.977522 2.212916
2.986062 2.219514
2.976957 2.213723
2.985515 2.220300
2.976391 2.214529
2.984967 2.221086
2.975825 2.215336
2.984420 2.221872
2.975260 2.216143
2.983873 2.222658
2.974694 2.216949
2.983325 2.223444
2.974128 2.217756
2.982778 2.224230
2.982231 2.225017
2.973563 2.218563
2.981684 2.225803
2.972997 2.219369
2.981136 2.226589
2.972431 2.220176
2.980589 2.227375
2.971866 2.220983
2.980042 2.228161
2.971300 2.221789
2.979494 2.228947
2.970735 2.222596
2.978947 2.229733
2.970169 2.223403
2.978400 2.230519
2.969603 2.224210
2.977853 2.231305
2.969038 2.225016
2.977305 2.232091
2.968472 2.225823
2.976758 2.232877
2.967906 2.226630
2.976211 2.233663
2.967341 2.227436
2.975663 2.234449
2.966775 2.228243
2.975116 2.235236
2.966209 2.229050
2.974569 2.236022
2.965644 2.229856
2.974022 2.236808
2.965078 2.230663
2.973474 2.237594
2.964512 2.231470
2.972927 2.238380
2.963947 2.232276
2.972380 2.239166
2.963381 2.233083
2.971832 2.239952
2.962815 2.233890
2.971285 2.240738
2.962250 2.234696
2.970738 2.241524
2.961684 2.235503
2.970191 2.242310
2.961118 2.236310
2.969643 2.243096
2.960553 2.237116
2.969096 2.243882
2.959987 2.237923
2.968549 2.244668
2.959421 2.238730
2.968001 2.245455
2.958856 2.239536
2.967454 2.246241
2.958290 2.240343
2.966907 2.247027
2.957724 2.241150
2.966360 2.247813
2.957159 2.241956
2.965812 2.248599
2.956593 2.242763
2.965265 2.249385
2.956028 2.243570
2.964718 2.250171
2.964170 2.250957
2.955462 2.244376
2.963623 2.251743
2.954896 2.245183
2.963076 2.252529
2.954331 2.245990
2.962529 2.253315
2.953765 2.246796
2.961981 2.254101
2.953199 2.247603
2.961434 2.254887
2.952634 2.248410
2.960887 2.255674
2.952068 2.249217
2.960339 2.256460
2.951502 2.250023
2.959792 2.257246
2.950937 2.250830
2.959245 2.258032
2.950371 2.251637
2.958698 2.258818
2.949805 2.252443
2.958150 2.259604
2.949240 2.253250
2.957603 2.260390
2.948674 2.254057
2.957056 2.261176
2.948108 2.254863
2.956509 2.261962
2.947543 2.255670
2.955961 2.262748
2.946977 2.256477
2.955414 2.263534
2.946411 2.257283
2.954867 2.264320
2.945846 2.258090
2.954319 2.265106
2.945280 2.258897
2.953772 2.265893
2.944714 2.259703
2.953225 2.266679
2.944149 2.260510
2.952678 2.267465
2.943583 2.261317
2.952130 2.268251
2.943017 2.262123
2.951583 2.269037
2.942452 2.262930
2.951036 2.269823
2.941886 2.263737
2.950488 2.270609
2.941321 2.264543
2.949941 2.271395
2.940755 2.265350
2.949394 2.272181
2.940189 2.266157
2.948847 2.272967
2.939624 2.266963
2.948299 2.273753
2.939058 2.267770
2.947752 2.274539
2.938492 2.268577
2.947205 2.275325
2.946657 2.276111
2.937927 2.269383
2.946110 2.276898
2.937361 2.270190
2.945563 2.277684
2.936795 2.270997
2.945016 2.278470
2.936230 2.271803
2.944468 2.279256
2.935664 2.272610
2.943921 2.280042
2.935098 2.273417
2.943374 2.280828
2.934533 2.274224
2.942826 2.281614
2.933967 2.275030
2.942279 2.282400
2.933401 2.275837
2.941732 2.283186
2.932836 2.276644
2.941185 2.283972
2.932270 2.277450
2.940637 2.284758
2.931704 2.278257
2.940090 2.285544
2.931139 2.279064
2.939543 2.286330
2.930573 2.279870
2.938995 2.287117
2.930007 2.280677
2.938448 2.287903
2.929442 2.281484
2.937901 2.288689
2.928876 2.282290
2.937354 2.289475
2.928310 2.283097
2.936806 2.290261
2.927745 2.283904
2.936259 2.291047
2.927179 2.284710
2.935712 2.291833
2.926614 2.285517
2.935164 2.292619
2.926048 2.286324
2.934617 2.293405
2.925482 2.287130
2.934070 2.294191
2.924917 2.287937
2.933523 2.294977
2.924351 2.288744
2.932975 2.295763
2.923785 2.289550
2.932428 2.296549
2.923220 2.290357
2.931881 2.297336
2.922654 2.291164
2.931333 2.298122
2.922088 2.291970
2.930786 2.298908
2.921523 2.292777
2.930239 2.299694
2.920957 2.293584
2.929692 2.300480
2.929144 2.301266
2.920391 2.294390
2.928597 2.302052
2.919826 2.295197
2.928050 2.302838
2.919260 2.296004
2.927502 2.303624
2.918694 2.296810
2.926955 2.304410
2.918129 2.297617
2.926408 2.305196
2.917563 2.298424
2.925861 2.305982
2.916997 2.299230
2.925313 2.306768
2.916432 2.300037
2.924766 2.307555
2.915866 2.300844
2.924219 2.308341
2.915300 2.301651
2.923671 2.309127
2.914735 2.302457
2.923124 2.309913
2.914169 2.303264
2.922577 2.310699
2.913603 2.304071
2.922030 2.311485
2.913038 2.304877
2.921482 2.312271
2.912472 2.305684
2.920935 2.313057
2.911907 2.306491
2.920388 2.313843
2.911341 2.307297
2.919840 2.314629
2.910775 2.308104
2.919293 2.315415
2.910210 2.308911
2.918746 2.316201
2.909644 2.309717
2.918199 2.316987
2.909078 2.310524
2.917651 2.317774
2.908513 2.311331
2.917104 2.318560
2.907947 2.312137
2.916557 2.319346
2.907381 2.312944
2.916009 2.320132
2.906816 2.313751
2.915462 2.320918
2.906250 2.314557
2.914915 2.321704
2.905684 2.315364
2.914368 2.322490
2.905119 2.316171
2.913820 2.323276
2.904553 2.316977
2.913273 2.324062
2.903987 2.317784
2.912726 2.324848
2.903422 2.318591
2.912178 2.325634
2.902856 2.319397
2.911631 2.326420
2.911084 2.327206
2.902290 2.320204
2.910537 2.327993
2.901725 2.321011
2.909989 2.328779
2.901159 2.321817
2.909442 2.329565
2.900593 2.322624
2.908895 2.330351
2.900028 2.323431
2.908348 2.331137
2.899462 2.324237
2.907800 2.331923
2.898896 2.325044
2.907253 2.332709
2.898331 2.325851
2.906706 2.333495
2.897765 2.326658
2.906158 2.334281
2.897200 2.327464
2.905611 2.335067
2.896634 2.328271
2.905064 2.335853
2.896068 2.329078
2.904517 2.336639
2.895503 2.329884
2.903969 2.337425
2.894937 2.330691
2.903422 2.338211
2.894371 2.331498
2.902875 2.338998
2.893806 2.332304
2.902327 2.339784
2.893240 2.333111
2.901780 2.340570
2.892674 2.333918
2.901233 2.341356
2.892109 2.334724
2.900686 2.342142
2.891543 2.335531
2.900138 2.342928
2.890977 2.336338
2.899591 2.343714
2.890412 2.337144
2.899044 2.344500
2.889846 2.337951
2.898496 2.345286
2.889280 2.338758
2.897949 2.346072
2.888715 2.339564
2.897402 2.346858
2.888149 2.340371
2.896855 2.347644
2.887583 2.341178
2.896307 2.348430
2.887018 2.341984
2.895760 2.349217
2.886452 2.342791
2.895213 2.350003
2.885886 2.343598
2.894665 2.350789
2.885321 2.344404
2.894118 2.351575
2.893571 2.352361
2.884755 2.345211
2.893024 2.353147
2.884189 2.346018
2.892476 2.353933
2.883624 2.346824
2.891929 2.354719
2.883058 2.347631
2.891382 2.355505
2.882493 2.348438
2.890834 2.356291
2.881927 2.349244
2.890287 2.357077
2.881361 2.350051
2.889740 2.357863
2.880796 2.350858
2.889193 2.358649
2.880230 2.351664
2.888645 2.359436
2.879664 2.352471
2.888098 2.360222
2.879099 2.353278
2.887551 2.361008
2.878533 2.354085
2.887003 2.361794
2.877967 2.354891
2.886456 2.362580
2.877402 2.355698
2.885909 2.363366
2.876836 2.356505
2.885362 2.364152
2.876270 2.357311
2.884814 2.364938
2.875705 2.358118
2.884267 2.365724
2.875139 2.358925
2.883720 2.366510
2.874573 2.359731
2.883172 2.367296
2.874008 2.360538
2.882625 2.368082
2.873442 2.361345
2.882078 2.368868
2.872876 2.362151
2.881531 2.369655
2.872311 2.362958
2.880983 2.370441
2.871745 2.363765
2.880436 2.371227
2.871179 2.364571
2.879889 2.372013
2.870614 2.365378
2.879341 2.372799
2.870048 2.366185
2.878794 2.373585
2.869482 2.366991
2.878247 2.374371
2.868917 2.367798
2.877700 2.375157
2.868351 2.368605
2.877152 2.375943
2.867786 2.369411
2.876605 2.376729
2.876058 2.377515
2.867220 2.370218
2.875510 2.378301
2.866654 2.371025
2.874963 2.379087
2.866089 2.371831
2.874416 2.379874
2.865523 2.372638
2.873869 2.380660
2.864957 2.373445
2.873321 2.381446
2.864392 2.374251
2.872774 2.382232
2.863826 2.375058
2.872227 2.383018
2.863260 2.375865
2.871679 2.383804
2.862695 2.376671
2.871132 2.384590
2.862129 2.377478
2.870585 2.385376
2.861563 2.378285
2.870038 2.386162
2.860998 2.379092
2.869490 2.386948
2.860432 2.379898
2.868943 2.387734
2.859866 2.380705
2.868396 2.388520
2.859301 2.381512
2.867848 2.389306
2.858735 2.382318
2.867301 2.390093
2.858169 2.383125
2.866754 2.390879
2.857604 2.383932
2.866207 2.391665
2.857038 2.384738
2.865659 2.392451
2.856472 2.385545
2.865112 2.393237
2.855907 2.386352
2.864565 2.394023
2.855341 2.387158
2.864017 2.394809
2.854775 2.387965
2.863470 2.395595
2.854210 2.388772
2.862923 2.396381
2.853644 2.389578
2.862376 2.397167
2.853079 2.390385
2.861828 2.397953
2.852513 2.391192
2.861281 2.398739
2.851947 2.391998
2.860734 2.399525
2.851382 2.392805
2.860187 2.400311
2.850816 2.393612
2.859639 2.401098
2.850250 2.394418
2.859092 2.401884
2.858545 2.402670
2.849685 2.395225
2.857997 2.403456
2.849119 2.396032
2.857450 2.404242
2.848553 2.396838
2.856903 2.405028
2.847988 2.397645
2.856356 2.405814
2.847422 2.398452
2.855808 2.406600
2.846856 2.399258
2.855261 2.407386
2.846291 2.400065
2.854714 2.408172
2.845725 2.400872
2.854166 2.408958
2.845159 2.401678
2.853619 2.409744
2.844594 2.402485
2.853072 2.410530
2.844028 2.403292
2.852525 2.411317
2.843462 2.404099
2.851977 2.412103
2.842897 2.404905
2.851430 2.412889
2.842331 2.405712
2.850883 2.413675
2.841765 2.406519
2.850335 2.414461
2.841200 2.407325
2.849788 2.415247
2.840634 2.408132
2.849241 2.416033
2.840068 2.408939
2.848694 2.416819
2.839503 2.409745
2.848146 2.417605
2.838937 2.410552
2.847599 2.418391
2.838372 2.411359
2.847052 2.419177
2.837806 2.412165
2.846504 2.419963
2.837240 2.412972
2.845957 2.420749
2.836675 2.413779
2.845410 2.421536
2.836109 2.414585
2.844863 2.422322
2.835543 2.415392
2.844315 2.423108
2.834978 2.416199
2.843768 2.423894
2.834412 2.417005
2.843221 2.424680
2.833846 2.417812
2.842673 2.425466
2.833281 2.418619
2.842126 2.426252
2.832715 2.419425
2.841579 2.427038
2.832149 2.420232
2.841032 2.427824
2.840484 2.428610
2.831584 2.421039
2.839937 2.429396
2.831018 2.421845
2.839390 2.430182
2.830452 2.422652
2.838842 2.430968
2.829887 2.423459
2.838295 2.431755
2.829321 2.424265
2.837748 2.432541
2.828755 2.425072
2.837201 2.433327
2.828190 2.425879
2.836653 2.434113
2.827624 2.426685
2.836106 2.434899
2.827058 2.427492
2.835559 2.435685
2.826493 2.428299
2.835011 2.436471
2.825927 2.429105
2.834464 2.437257
2.825361 2.429912
2.833917 2.438043
2.824796 2.430719
2.833370 2.438829
2.824230 2.431526
2.832822 2.439615
2.823665 2.432332
2.832275 2.440401
2.823099 2.433139
2.831728 2.441187
2.822533 2.433946
2.831180 2.441974
2.821968 2.434752
2.830633 2.442760
2.821402 2.435559
2.830086 2.443546
2.820836 2.436366
2.829539 2.444332
2.820271 2.437172
2.828991 2.445118
2.819705 2.437979
2.828444 2.445904
2.819139 2.438786
2.827897 2.446690
2.818574 2.439592
2.827349 2.447476
2.818008 2.440399
2.826802 2.448262
2.817442 2.441206
2.826255 2.449048
2.816877 2.442012
2.825708 2.449834
2.816311 2.442819
2.825160 2.450620
2.815745 2.443626
2.824613 2.451406
2.815180 2.444432
2.824066 2.452192
2.814614 2.445239
2.823518 2.452979
2.822971 2.453765
2.814048 2.446046
2.822424 2.454551
2.813483 2.446852
2.821877 2.455337
2.812917 2.447659
2.821329 2.456123
2.812351 2.448466
2.820782 2.456909
2.811786 2.449272
2.820235 2.457695
2.811220 2.450079
2.819687 2.458481
2.810654 2.450886
2.819140 2.459267
2.810089 2.451692
2.818593 2.460053
2.809523 2.452499
2.818046 2.460839
2.808958 2.453306
2.817498 2.461625
2.808392 2.454112
2.816951 2.462411
2.807826 2.454919
2.816404 2.463198
2.807261 2.455726
2.815856 2.463984
2.806695 2.456533
2.815309 2.464770
2.806129 2.457339
2.814762 2.465556
2.805564 2.458146
2.814215 2.466342
2.804998 2.458953
2.813667 2.467128
2.804432 2.459759
2.813120 2.467914
2.803867 2.460566
2.812573 2.468700
2.803301 2.461373
2.812025 2.469486
2.802735 2.462179
2.811478 2.470272
2.802170 2.462986
2.810931 2.471058
2.801604 2.463793
2.810384 2.471844
2.801038 2.464599
2.809836 2.472630
2.800473 2.465406
2.809289 2.473417
2.799907 2.466213
2.808742 2.474203
2.799341 2.467019
2.808195 2.474989
2.798776 2.467826
2.807647 2.475775
2.798210 2.468633
2.807100 2.476561
2.797644 2.469439
2.806553 2.477347
2.797079 2.470246
2.806005 2.478133
2.805458 2.478919
2.796513 2.471053
2.804911 2.479705
2.795948 2.471859
2.804364 2.480491
2.795382 2.472666
2.803816 2.481277
2.794816 2.473473
2.803269 2.482063
2.794251 2.474279
2.802722 2.482849
2.793685 2.475086
2.802174 2.483636
2.793119 2.475893
2.801627 2.484422
2.792554 2.476699
2.801080 2.485208
2.791988 2.477506
2.800533 2.485994
2.791422 2.478313
2.799985 2.486780
2.790857 2.479119
2.799438 2.487566
2.790291 2.479926
2.798891 2.488352
2.789725 2.480733
2.798343 2.489138
2.789160 2.481540
2.797796 2.489924
2.788594 2.482346
2.797249 2.490710
2.788028 2.483153
2.796702 2.491496
2.787463 2.483960
2.796154 2.492282
2.786897 2.484766
2.795607 2.493068
2.786331 2.485573
2.795060 2.493855
2.785766 2.486380
2.794512 2.494641
2.785200 2.487186
2.793965 2.495427
2.784634 2.487993
2.793418 2.496213
2.784069 2.488800
2.792871 2.496999
2.783503 2.489606
2.792323 2.497785
2.782937 2.490413
2.791776 2.498571
2.782372 2.491220
2.791229 2.499357
2.781806 2.492026
2.790681 2.500143
2.781241 2.492833
2.790134 2.500929
2.780675 2.493640
2.789587 2.501715
2.780109 2.494446
2.789040 2.502501
2.779544 2.495253
2.788492 2.503287
2.787945 2.504074
2.778978 2.496060
2.787398 2.504860
2.778412 2.496866
2.786850 2.505646
2.777847 2.497673
2.786303 2.506432
2.777281 2.498480
2.785756 2.507218
2.776715 2.499286
2.785209 2.508004
2.776150 2.500093
2.784661 2.508790
2.775584 2.500900
2.784114 2.509576
2.775018 2.501706
2.783567 2.510362
2.774453 2.502513
2.783019 2.511148
2.773887 2.503320
2.782472 2.511934
2.773321 2.504126
2.781925 2.512720
2.772756 2.504933
2.781378 2.513506
2.772190 2.505740
2.780830 2.514292
2.771624 2.506546
2.780283 2.515079
2.771059 2.507353
2.779736 2.515865
2.770493 2.508160
2.779188 2.516651
2.769927 2.508967
2.778641 2.517437
2.769362 2.509773
2.778094 2.518223
2.768796 2.510580
2.777547 2.519009
2.768230 2.511387
2.776999 2.519795
2.767665 2.512193
2.776452 2.520581
2.767099 2.513000
2.775905 2.521367
2.766534 2.513807
2.775357 2.522153
2.765968 2.514613
2.774810 2.522939
2.765402 2.515420
2.774263 2.523725
2.764837 2.516227
2.773716 2.524511
2.764271 2.517033
2.773168 2.525298
2.763705 2.517840
2.772621 2.526084
2.763140 2.518647
2.772074 2.526870
2.762574 2.519453
2.771526 2.527656
2.770979 2.528442
2.762008 2.520260
2.770432 2.529228
2.761443 2.521067
2.769885 2.530014
2.760877 2.521873
2.769337 2.530800
2.760311 2.522680
2.768790 2.531586
2.759746 2.523487
2.768243 2.532372
2.759180 2.524293
2.767695 2.533158
2.758614 2.525100
2.767148 2.533944
2.758049 2.525907
2.766601 2.534730
2.757483 2.526713
2.766054 2.535517
2.756917 2.527520
2.765506 2.536303
2.756352 2.528327
2.764959 2.537089
2.755786 2.529133
2.764412 2.537875
2.755220 2.529940
2.763864 2.538661
2.754655 2.530747
2.763317 2.539447
2.754089 2.531553
2.762770 2.540233
2.753523 2.532360
2.762223 2.541019
2.752958 2.533167
2.761675 2.541805
2.752392 2.533974
2.761128 2.542591
2.751827 2.534780
2.760581 2.543377
2.751261 2.535587
2.760034 2.544163
2.750695 2.536394
2.759486 2.544949
2.750130 2.537200
2.758939 2.545736
2.749564 2.538007
2.758392 2.546522
2.748998 2.538814
2.757844 2.547308
2.748433 2.539620
2.757297 2.548094
2.747867 2.540427
2.756750 2.548880
2.747301 2.541234
2.756203 2.549666
2.746736 2.542040
2.755655 2.550452
2.746170 2.542847
2.755108 2.551238
2.745604 2.543654
2.754561 2.552024
2.745039 2.544460
2.754013 2.552810
2.753466 2.553596
2.744473 2.545267
2.752919 2.554382
2.743907 2.546074
2.752372 2.555168
2.743342 2.546880
2.751824 2.555955
2.742776 2.547687
2.751277 2.556741
2.742210 2.548494
2.750730 2.557527
2.741645 2.549300
2.750182 2.558313
2.741079 2.550107
2.749635 2.559099
2.740513 2.550914
2.749088 2.559885
2.739948 2.551720
2.748541 2.560671
2.739382 2.552527
2.747993 2.561457
2.738816 2.553334
2.747446 2.562243
2.738251 2.554140
2.746899 2.563029
2.737685 2.554947
2.746351 2.563815
2.737120 2.555754
2.745804 2.564601
2.736554 2.556560
2.745257 2.565387
2.735988 2.557367
2.744710 2.566174
2.735423 2.558174
2.744162 2.566960
2.734857 2.558980
2.743615 2.567746
2.734291 2.559787
2.743068 2.568532
2.733726 2.560594
2.742520 2.569318
2.733160 2.561401
2.741973 2.570104
2.732594 2.562207
2.741426 2.570890
2.732029 2.563014
2.740879 2.571676
2.731463 2.563821
2.740331 2.572462
2.730897 2.564627
2.739784 2.573248
2.730332 2.565434
2.739237 2.574034
2.729766 2.566241
2.738689 2.574820
2.729200 2.567047
2.738142 2.575606
2.728635 2.567854
2.737595 2.576392
2.728069 2.568661
2.737048 2.577179
2.727503 2.569467
2.736500 2.577965
2.735953 2.578751
2.726938 2.570274
2.735406 2.579537
2.726372 2.571081
2.734858 2.580323
2.725806 2.571887
2.734311 2.581109
2.725241 2.572694
2.733764 2.581895
2.724675 2.573501
2.733217 2.582681
2.724109 2.574307
2.732669 2.583467
2.723544 2.575114
2.732122 2.584253
2.722978 2.575921
2.731575 2.585039
2.722413 2.576727
2.731027 2.585825
2.721847 2.577534
2.730480 2.586611
2.721281 2.578341
2.729933 2.587398
2.720716 2.579147
2.729386 2.588184
2.720150 2.579954
2.728838 2.588970
2.719584 2.580761
2.728291 2.589756
2.719019 2.581567
2.727744 2.590542
2.718453 2.582374
2.727196 2.591328
2.717887 2.583181
2.726649 2.592114
2.717322 2.583987
2.726102 2.592900
2.716756 2.584794
2.725555 2.593686
2.716190 2.585601
2.725007 2.594472
2.715625 2.586408
2.724460 2.595258
2.715059 2.587214
2.723913 2.596044
2.714493 2.588021
2.723365 2.596830
2.713928 2.588828
2.722818 2.597617
2.713362 2.589634
2.722271 2.598403
2.712796 2.590441
2.721724 2.599189
2.712231 2.591248
2.721176 2.599975
2.711665 2.592054
2.720629 2.600761
2.711099 2.592861
2.720082 2.601547
2.710534 2.593668
2.719534 2.602333
2.709968 2.594474
2.718987 2.603119
2.718440 2.603905
2.709402 2.595281
2.717893 2.604691
2.708837 2.596088
2.717345 2.605477
2.708271 2.596894
2.716798 2.606263
2.707706 2.597701
2.716251 2.607049
2.707140 2.598508
2.715703 2.607836
2.706574 2.599314
2.715156 2.608622
2.706009 2.600121
2.714609 2.609408
2.705443 2.600928
2.714062 2.610194
2.704877 2.601734
2.713514 2.610980
2.704312 2.602541
2.712967 2.611766
2.703746 2.603348
2.712420 2.612552
2.703180 2.604154
2.711873 2.613338
2.702615 2.604961
2.711325 2.614124
2.702049 2.605768
2.710778 2.614910
2.701483 2.606574
2.710231 2.615696
2.700918 2.607381
2.709683 2.616482
2.700352 2.608188
2.709136 2.617268
2.699786 2.608994
2.708589 2.618055
2.699221 2.609801
2.708042 2.618841
2.698655 2.610608
2.707494 2.619627
2.698089 2.611415
2.706947 2.620413
2.697524 2.612221
2.706400 2.621199
2.696958 2.613028
2.705852 2.621985
2.696392 2.613835
2.705305 2.622771
2.695827 2.614641
2.704758 2.623557
2.695261 2.615448
2.704211 2.624343
2.694695 2.616255
2.703663 2.625129
2.694130 2.617061
2.703116 2.625915
2.693564 2.617868
2.702569 2.626701
2.692999 2.618675
2.702021 2.627487
2.701474 2.628274
2.692433 2.619481
2.700927 2.629060
2.691867 2.620288
2.700380 2.629846
2.691302 2.621095
2.699832 2.630632
2.690736 2.621901
2.699285 2.631418
2.690170 2.622708
2.698738 2.632204
2.689605 2.623515
2.698190 2.632990
2.689039 2.624321
2.697643 2.633776
2.688473 2.625128
2.697096 2.634562
2.687908 2.625935
2.696549 2.635348
2.687342 2.626741
2.696001 2.636134
2.686776 2.627548
2.695454 2.636920
2.686211 2.628355
2.694907 2.637706
2.685645 2.629161
2.694359 2.638492
2.685079 2.629968
2.693812 2.639279
2.684514 2.630775
2.693265 2.640065
2.683948 2.631581
2.692718 2.640851
2.683382 2.632388
2.692170 2.641637
2.682817 2.633195
2.691623 2.642423
2.682251 2.634001
2.691076 2.643209
2.681685 2.634808
2.690528 2.643995
2.681120 2.635615
2.689981 2.644781
2.680554 2.636421
2.689434 2.645567
2.679988 2.637228
2.688887 2.646353
2.679423 2.638035
2.688339 2.647139
2.678857 2.638842
2.687792 2.647925
2.678292 2.639648
2.687245 2.648711
2.677726 2.640455
2.686697 2.649498
2.677160 2.641262
2.686150 2.650284
2.676595 2.642068
2.685603 2.651070
2.676029 2.642875
2.685056 2.651856
2.675463 2.643682
2.684508 2.652642
2.683961 2.653428
2.674898 2.644488
2.683414 2.654214
2.674332 2.645295
2.682866 2.655000
2.673766 2.646102
2.682319 2.655786
2.673201 2.646908
2.681772 2.656572
2.672635 2.647715
2.681225 2.657358
2.672069 2.648522
2.680677 2.658144
2.671504 2.649328
2.680130 2.658930
2.670938 2.650135
2.679583 2.659717
2.670373 2.650941
2.679035 2.660503
2.669808 2.651747
2.678488 2.661289
2.669243 2.652553
2.677941 2.662075
2.668677 2.653360
2.677394 2.662861
2.668112 2.654166
2.676846 2.663647
2.667547 2.654972
2.676299 2.664433
2.666982 2.655778
2.675752 2.665219
2.666417 2.656584
2.675204 2.666005
2.665852 2.657390
2.674657 2.666791
2.665287 2.658196
2.674110 2.667577
2.664722 2.659002
2.673563 2.668363
2.664156 2.659809
2.673015 2.669149
2.663591 2.660615
2.672468 2.669936
2.663026 2.661421
2.671921 2.670722
2.662461 2.662227
2.671373 2.671508
2.661896 2.663033
2.670826 2.672294
2.661331 2.663839
2.670279 2.673080
2.660766 2.664645
2.669732 2.673866
2.660200 2.665452
2.669184 2.674652
2.659635 2.666258
2.668637 2.675438
2.659070 2.667064
2.668090 2.676224
2.658505 2.667870
2.667542 2.677010
2.657940 2.668676
2.666995 2.677796
2.666448 2.678582
2.657375 2.669482
2.665901 2.679368
2.656810 2.670288
2.665353 2.680155
2.656245 2.671095
2.664806 2.680941
2.655679 2.671901
2.664259 2.681727
2.655114 2.672707
2.663711 2.682513
2.654549 2.673513
2.663164 2.683299
2.653984 2.674319
2.662617 2.684085
2.653419 2.675125
2.662070 2.684871
2.652854 2.675931
2.661522 2.685657
2.652289 2.676737
2.660975 2.686443
2.651723 2.677544
2.660428 2.687229
2.651158 2.678350
2.659881 2.688015
2.650593 2.679156
2.659333 2.688801
2.650028 2.679962
2.658786 2.689587
2.649463 2.680768
2.658239 2.690373
2.648898 2.681574
2.657691 2.691160
2.648333 2.682380
2.657144 2.691946
2.647767 2.683187
2.656597 2.692732
2.647202 2.683993
2.656050 2.693518
2.646637 2.684799
2.655502 2.694304
2.646072 2.685605
2.654955 2.695090
2.645507 2.686411
2.654408 2.695876
2.644942 2.687217
2.653860 2.696662
2.644377 2.688023
2.653313 2.697448
2.643812 2.688829
2.652766 2.698234
2.643246 2.689636
2.652219 2.699020
2.642681 2.690442
2.651671 2.699806
2.642116 2.691248
2.651124 2.700592
2.641551 2.692054
2.650577 2.701379
2.640986 2.692860
2.650029 2.702165
2.640421 2.693666
2.649482 2.702951
2.648935 2.703737
2.639856 2.694472
2.648388 2.704523
2.639290 2.695279
2.647840 2.705309
2.638725 2.696085
2.647293 2.706095
2.638160 2.696891
2.646746 2.706881
2.637595 2.697697
2.646198 2.707667
2.637030 2.698503
2.645651 2.708453
2.636465 2.699309
2.645104 2.709239
2.635900 2.700115
2.644557 2.710025
2.635335 2.700921
2.644009 2.710811
2.634769 2.701728
2.643462 2.711598
2.634204 2.702534
2.642915 2.712384
2.633639 2.703340
2.642367 2.713170
2.633074 2.704146
2.641820 2.713956
2.632509 2.704952
2.641273 2.714742
2.631944 2.705758
2.640726 2.715528
2.631379 2.706564
2.640178 2.716314
2.630813 2.707371
2.639631 2.717100
2.630248 2.708177
2.639084 2.717886
2.629683 2.708983
2.638536 2.718672
2.629118 2.709789
2.637989 2.719458
2.628553 2.710595
2.637442 2.720244
2.627988 2.711401
2.636895 2.721030
2.627423 2.712207
2.636347 2.721817
2.626857 2.713014
2.635800 2.722603
2.626292 2.713820
2.635253 2.723389
2.625727 2.714626
2.634705 2.724175
2.625162 2.715432
2.634158 2.724961
2.624597 2.716238
2.633611 2.725747
2.624032 2.717044
2.633064 2.726533
2.623467 2.717850
2.632516 2.727319
2.622902 2.718656
2.631969 2.728105
2.622336 2.719463
2.631422 2.728891
2.630874 2.729677
2.621771 2.720269
2.621379 2.720864