1.076793 3.097471
1.075180 3.094299
1.076724 3.100002
1.076724 3.100002
1.075813 3.097395
1.074187 3.094238
1.075747 3.099931
1.075747 3.099931
1.074832 3.097319
1.073195 3.094177
1.074770 3.099861
1.074770 3.099861
1.073851 3.097243
1.072202 3.094117
1.073794 3.099790
1.073794 3.099790
1.072870 3.097168
1.071210 3.094056
1.072817 3.099720
1.072817 3.099720
1.071889 3.097092
1.070218 3.093995
1.071840 3.099649
1.071840 3.099649
1.070908 3.097016
1.069225 3.093934
1.070864 3.099579
1.070864 3.099579
1.069927 3.096940
1.068233 3.093873
1.069887 3.099509
1.069887 3.099509
1.068946 3.096865
1.067240 3.093812
1.068910 3.099438
1.068910 3.099438
1.067966 3.096789
1.066248 3.093751
1.067934 3.099368
1.067934 3.099368
1.066985 3.096713
1.065255 3.093690
1.066957 3.099297
1.066957 3.099297
1.066004 3.096637
1.064263 3.093629
1.065980 3.099227
1.065980 3.099227
1.065023 3.096562
1.063270 3.093568
1.065004 3.099156
1.065004 3.099156
1.064042 3.096486
1.062278 3.093507
1.064027 3.099086
1.064027 3.099086
1.063061 3.096410
1.061286 3.093446
1.063050 3.099015
1.063050 3.099015
1.062080 3.096334
1.060293 3.093385
1.062074 3.098945
1.062074 3.098945
1.061100 3.096259
1.059301 3.093324
1.061097 3.098875
1.061097 3.098875
1.060119 3.096183
1.058308 3.093263
1.060120 3.098804
1.060120 3.098804
1.059138 3.096107
1.057316 3.093202
1.059144 3.098734
1.059144 3.098734
1.058157 3.096031
1.056323 3.093141
1.058167 3.098663
1.058167 3.098663
1.057176 3.095956
1.055331 3.093080
1.057190 3.098593
1.057190 3.098593
1.056195 3.095880
1.054338 3.093019
1.056214 3.098522
1.056214 3.098522
1.055214 3.095804
1.055237 3.098452
1.055237 3.098452
1.053346 3.092959
1.054233 3.095728
1.054260 3.098381
1.054260 3.098381
1.052353 3.092898
1.053253 3.095652
1.053284 3.098311
1.053284 3.098311
1.051361 3.092837
1.052272 3.095577
1.052307 3.098241
1.052307 3.098241
1.050369 3.092776
1.051291 3.095501
1.051330 3.098170
1.051330 3.098170
1.050310 3.095425
1.049376 3.092715
1.050354 3.098100
1.050354 3.098100
1.049329 3.095349
1.048384 3.092654
1.049377 3.098029
1.049377 3.098029
1.048348 3.095274
1.047391 3.092593
1.048400 3.097959
1.048400 3.097959
1.047367 3.095198
1.046399 3.092532
1.047424 3.097888
1.047424 3.097888
1.046387 3.095122
1.045406 3.092471
1.046447 3.097818
1.046447 3.097818
1.045406 3.095046
1.044414 3.092410
1.045470 3.097747
1.045470 3.097747
1.044425 3.094971
1.043421 3.092349
1.044494 3.097677
1.044494 3.097677
1.044494 3.097677
1.043444 3.094895
1.042429 3.092288
1.043749 3.097564
1.043749 3.097564
1.043748 3.097613
1.043748 3.097613
1.042463 3.094819
1.041437 3.092227
1.043005 3.097450
1.043005 3.097450
1.043001 3.097550
1.043001 3.097550
1.041482 3.094743
1.042261 3.097337
1.042261 3.097337
1.042255 3.097486
1.042255 3.097486
1.040444 3.092166
1.041517 3.097224
1.041517 3.097224
1.041509 3.097422
1.041509 3.097422
1.040501 3.094668
1.039452 3.092105
1.040773 3.097111
1.040773 3.097111
1.040763 3.097359
1.040763 3.097359
1.039520 3.094592
1.038459 3.092044
1.040028 3.096997
1.040028 3.096997
1.040017 3.097295
1.040017 3.097295
1.038540 3.094516
1.039284 3.096884
1.039284 3.096884
1.039271 3.097232
1.039271 3.097232
1.037467 3.091983
1.038540 3.096771
1.038540 3.096771
1.038525 3.097168
1.038525 3.097168
1.037559 3.094440
1.036474 3.091922
1.037796 3.096657
1.037796 3.096657
1.037779 3.097104
1.037779 3.097104
1.036578 3.094365
1.037051 3.096544
1.037051 3.096544
1.035482 3.091861
1.037033 3.097041
1.037033 3.097041
1.035597 3.094289
1.036307 3.096431
1.036307 3.096431
1.036287 3.096977
1.036287 3.096977
1.034489 3.091801
1.035563 3.096318
1.035563 3.096318
1.035541 3.096913
1.035541 3.096913
1.034616 3.094213
1.033497 3.091740
1.034819 3.096204
1.034819 3.096204
1.034795 3.096850
1.034795 3.096850
1.033635 3.094137
1.034075 3.096091
1.034075 3.096091
1.032504 3.091679
1.034049 3.096786
1.034049 3.096786
1.033330 3.095978
1.033330 3.095978
1.032654 3.094061
1.033303 3.096723
1.033303 3.096723
1.031512 3.091618
1.032586 3.095865
1.032586 3.095865
1.031674 3.093986
1.032557 3.096659
1.032557 3.096659
1.030520 3.091557
1.031842 3.095751
1.031842 3.095751
1.031811 3.096595
1.031811 3.096595
1.030693 3.093910
1.031098 3.095638
1.031098 3.095638
1.029527 3.091496
1.031065 3.096532
1.031065 3.096532
1.030354 3.095525
1.030354 3.095525
1.029712 3.093834
1.030319 3.096468
1.030319 3.096468
1.028535 3.091435
1.029609 3.095411
1.029609 3.095411
1.028731 3.093758
1.029573 3.096404
1.029573 3.096404
1.028865 3.095298
1.028865 3.095298
1.027542 3.091374
1.028827 3.096341
1.028827 3.096341
1.027750 3.093683
1.028121 3.095185
1.028121 3.095185
1.026550 3.091313
1.028081 3.096277
1.028081 3.096277
1.027377 3.095072
1.027377 3.095072
1.026769 3.093607
1.027335 3.096214
1.027335 3.096214
1.025557 3.091252
1.026633 3.094958
1.026633 3.094958
1.025788 3.093531
1.026589 3.096150
1.026589 3.096150
1.025888 3.094845
1.025888 3.094845
1.024565 3.091191
1.025842 3.096086
1.025842 3.096086
1.024807 3.093455
1.025144 3.094732
1.025144 3.094732
1.023572 3.091130
1.025096 3.096023
1.025096 3.096023
1.024400 3.094618
1.024400 3.094618
1.023827 3.093380
1.024350 3.095959
1.024350 3.095959
1.022580 3.091069
1.023656 3.094505
1.023656 3.094505
1.022846 3.093304
1.023604 3.095895
1.023604 3.095895
1.022912 3.094392
1.022912 3.094392
1.021588 3.091008
1.022858 3.095832
1.022858 3.095832
1.021865 3.093228
1.022167 3.094279
1.022167 3.094279
1.020595 3.090947
1.022112 3.095768
1.022112 3.095768
1.021423 3.094165
1.021423 3.094165
1.020884 3.093152
1.021366 3.095704
1.021366 3.095704
1.020679 3.094052
1.020679 3.094052
1.019603 3.090886
1.019903 3.093077
1.020620 3.095641
1.020620 3.095641
1.019935 3.093939
1.019935 3.093939
1.018610 3.090825
1.019874 3.095577
1.019874 3.095577
1.018922 3.093001
1.019190 3.093826
1.019190 3.093826
1.017618 3.090764
1.019128 3.095514
1.019128 3.095514
1.018446 3.093712
1.018446 3.093712
1.017941 3.092925
1.018382 3.095450
1.018382 3.095450
1.017702 3.093599
1.017702 3.093599
1.016625 3.090703
1.016960 3.092849
1.017636 3.095386
1.017636 3.095386
1.016958 3.093486
1.016958 3.093486
1.015633 3.090643
1.016890 3.095323
1.016890 3.095323
1.016214 3.093372
1.016214 3.093372
1.015980 3.092774
1.014640 3.090582
1.016144 3.095259
1.016144 3.095259
1.015469 3.093259
1.015469 3.093259
1.014999 3.092698
1.015398 3.095195
1.015398 3.095195
1.014725 3.093146
1.014725 3.093146
1.013648 3.090521
1.014018 3.092622
1.013981 3.093033
1.013981 3.093033
1.014652 3.095132
1.014652 3.095132
1.012655 3.090460
1.013237 3.092919
1.013237 3.092919
1.013906 3.095068
1.013906 3.095068
1.013037 3.092546
1.012493 3.092806
1.012493 3.092806
1.011663 3.090399
1.013160 3.095005
1.013160 3.095005
1.012056 3.092471
1.011748 3.092693
1.011748 3.092693
1.012414 3.094941
1.012414 3.094941
1.010671 3.090338
1.011075 3.092395
1.011004 3.092579
1.011004 3.092579
1.011668 3.094877
1.011668 3.094877
1.009678 3.090277
1.010260 3.092466
1.010260 3.092466
1.010922 3.094814
1.010922 3.094814
1.010094 3.092319
1.009516 3.092353
1.009516 3.092353
1.010176 3.094750
1.010176 3.094750
1.008686 3.090216
1.009114 3.092243
1.008772 3.092240
1.008772 3.092240
1.009429 3.094686
1.009429 3.094686
1.007693 3.090155
1.008133 3.092167
1.008027 3.092126
1.008027 3.092126
1.008683 3.094623
1.008683 3.094623
1.006701 3.090094
1.007283 3.092013
1.007283 3.092013
1.007152 3.092092
1.007937 3.094559
1.007937 3.094559
1.006539 3.091900
1.006539 3.091900
1.007191 3.094495
1.007191 3.094495
1.005708 3.090033
1.006171 3.092016
1.005795 3.091786
1.005795 3.091786
1.006445 3.094432
1.006445 3.094432
1.004716 3.089972
1.005190 3.091940
1.005050 3.091673
1.005050 3.091673
1.005699 3.094368
1.005699 3.094368
1.004306 3.091560
1.004306 3.091560
1.003723 3.089911
1.004209 3.091864
1.004953 3.094305
1.004953 3.094305
1.003562 3.091447
1.003562 3.091447
1.004207 3.094241
1.004207 3.094241
1.002731 3.089850
1.003228 3.091789
1.002818 3.091333
1.002818 3.091333
1.003461 3.094177
1.003461 3.094177
1.001739 3.089789
1.002247 3.091713
1.002074 3.091220
1.002074 3.091220
1.002715 3.094114
1.002715 3.094114
1.001329 3.091107
1.001329 3.091107
1.000746 3.089728
1.001267 3.091637
1.001969 3.094050
1.001969 3.094050
1.000585 3.090994
1.000585 3.090994
1.001223 3.093986
1.001223 3.093986
0.999754 3.089667
1.000286 3.091561
0.999841 3.090880
0.999841 3.090880
1.000477 3.093923
1.000477 3.093923
0.998761 3.089606
0.999097 3.090767
0.999097 3.090767
0.999305 3.091486
0.999731 3.093859
0.999731 3.093859
0.998353 3.090654
0.998353 3.090654
0.997769 3.089545
0.998324 3.091410
0.998985 3.093796
0.998985 3.093796
0.997608 3.090540
0.997608 3.090540
0.998239 3.093732
0.998239 3.093732
0.996776 3.089484
0.997343 3.091334
0.996864 3.090427
0.996864 3.090427
0.997493 3.093668
0.997493 3.093668
0.996120 3.090314
0.996120 3.090314
0.995784 3.089424
0.996362 3.091258
0.996747 3.093605
0.996747 3.093605
0.995376 3.090201
0.995376 3.090201
0.995381 3.091183
0.994791 3.089363
0.996001 3.093541
0.996001 3.093541
0.994632 3.090087
0.994632 3.090087
0.995255 3.093477
0.995255 3.093477
0.994401 3.091107
0.993799 3.089302
0.993887 3.089974
0.993887 3.089974
0.994509 3.093414
0.994509 3.093414
0.993077 3.089356
0.993143 3.089861
0.993143 3.089861
0.993420 3.091031
0.993763 3.093350
0.993763 3.093350
0.992355 3.089411
0.992399 3.089747
0.992399 3.089747
0.992439 3.090955
0.993016 3.093287
0.993016 3.093287
0.991633 3.089466
0.991655 3.089634
0.991655 3.089634
0.992270 3.093223
0.992270 3.093223
0.991458 3.090880
0.990911 3.089521
0.990911 3.089521
0.991524 3.093159
0.991524 3.093159
0.990477 3.090804
0.989930 3.089399
0.990778 3.093096
0.990778 3.093096
0.989496 3.090728
0.988950 3.089277
0.990032 3.093032
0.990032 3.093032
0.989286 3.092968
0.989286 3.092968
0.988515 3.090652
0.987970 3.089154
0.988540 3.092905
0.988540 3.092905
0.987534 3.090576
0.986990 3.089032
0.987794 3.092841
0.987794 3.092841
0.986554 3.090501
0.986010 3.088910
0.987048 3.092777
0.987048 3.092777
0.985573 3.090425
0.986302 3.092714
0.986302 3.092714
0.985030 3.088788
0.985556 3.092650
0.985556 3.092650
0.984592 3.090349
0.984050 3.088666
0.984810 3.092587
0.984810 3.092587
0.983069 3.088544
0.983611 3.090273
0.984064 3.092523
0.984064 3.092523
0.982089 3.088422
0.982630 3.090198
0.983318 3.092459
0.983318 3.092459
0.982572 3.092396
0.982572 3.092396
0.981109 3.088299
0.981649 3.090122
0.981826 3.092332
0.981826 3.092332
0.980129 3.088177
0.980668 3.090046
0.981080 3.092268
0.981080 3.092268
0.979149 3.088055
0.979688 3.089970
0.980334 3.092205
0.980334 3.092205
0.979588 3.092141
0.979588 3.092141
0.978169 3.087933
0.978707 3.089895
0.978842 3.092078
0.978842 3.092078
0.977189 3.087811
0.977726 3.089819
0.978096 3.092014
0.978096 3.092014
0.976208 3.087689
0.976745 3.089743
0.977350 3.091950
0.977350 3.091950
0.976603 3.091887
0.976603 3.091887
0.975228 3.087567
0.975764 3.089667
0.975857 3.091823
0.975857 3.091823
0.974248 3.087444
0.974783 3.089592
0.975111 3.091759
0.975111 3.091759
0.973268 3.087322
0.973802 3.089516
0.974365 3.091696
0.974365 3.091696
0.972288 3.087200
0.973619 3.091632
0.973619 3.091632
0.972821 3.089440
0.972873 3.091568
0.972873 3.091568
0.971308 3.087078
0.971841 3.089364
0.972127 3.091505
0.972127 3.091505
0.970328 3.086956
0.970860 3.089289
0.971381 3.091441
0.971381 3.091441
0.969347 3.086834
0.970635 3.091378
0.970635 3.091378
0.969879 3.089213
0.969889 3.091314
0.969889 3.091314
0.968367 3.086712
0.968898 3.089137
0.969143 3.091250
0.969143 3.091250
0.967387 3.086589
0.967917 3.089061
0.968397 3.091187
0.968397 3.091187
0.966407 3.086467
0.967651 3.091123
0.967651 3.091123
0.966936 3.088985
0.966905 3.091059
0.966905 3.091059
0.965427 3.086345
0.965955 3.088910
0.966159 3.090996
0.966159 3.090996
0.964447 3.086223
0.964975 3.088834
0.965413 3.090932
0.965413 3.090932
0.963467 3.086101
0.964667 3.090869
0.964667 3.090869
0.963994 3.088758
0.962486 3.085979
0.963921 3.090805
0.963921 3.090805
0.963013 3.088682
0.963175 3.090741
0.963175 3.090741
0.961506 3.085857
0.962032 3.088607
0.962429 3.090678
0.962429 3.090678
0.960526 3.085734
0.961051 3.088531
0.961683 3.090614
0.961683 3.090614
0.959546 3.085612
0.960937 3.090550
0.960937 3.090550
0.960070 3.088455
0.960191 3.090487
0.960191 3.090487
0.958566 3.085490
0.959089 3.088379
0.959444 3.090423
0.959444 3.090423
0.957586 3.085368
0.958108 3.088304
0.958698 3.090360
0.958698 3.090360
0.956606 3.085246
0.957952 3.090296
0.957952 3.090296
0.957128 3.088228
0.955625 3.085124
0.957206 3.090232
0.957206 3.090232
0.956147 3.088152
0.956460 3.090169
0.956460 3.090169
0.954645 3.085002
0.955166 3.088076
0.955714 3.090105
0.955714 3.090105
0.953665 3.084879
0.954968 3.090041
0.954968 3.090041
0.954185 3.088001
0.952685 3.084757
0.954222 3.089978
0.954222 3.089978
0.953204 3.087925
0.953476 3.089914
0.953476 3.089914
0.951705 3.084635
0.952223 3.087849
0.952730 3.089850
0.952730 3.089850
0.950725 3.084513
0.951984 3.089787
0.951984 3.089787
0.951242 3.087773
0.949745 3.084391
0.951238 3.089723
0.951238 3.089723
0.950262 3.087698
0.950492 3.089660
0.950492 3.089660
0.948764 3.084269
0.949281 3.087622
0.949746 3.089596
0.949746 3.089596
0.947784 3.084147
0.949000 3.089532
0.949000 3.089532
0.948300 3.087546
0.946804 3.084024
0.948254 3.089469
0.948254 3.089469
0.947319 3.087470
0.945824 3.083902
0.947508 3.089405
0.947508 3.089405
0.946338 3.087395
0.946762 3.089341
0.946762 3.089341
0.944844 3.083780
0.946016 3.089278
0.946016 3.089278
0.945357 3.087319
0.943864 3.083658
0.945270 3.089214
0.945270 3.089214
0.944376 3.087243
0.942883 3.083536
0.944524 3.089151
0.944524 3.089151
0.943395 3.087167
0.943778 3.089087
0.943778 3.089087
0.941903 3.083414
0.943031 3.089023
0.943031 3.089023
0.942415 3.087091
0.940923 3.083292
0.942285 3.088960
0.942285 3.088960
0.941434 3.087016
0.939943 3.083169
0.941539 3.088896
0.941539 3.088896
0.940453 3.086940
0.940793 3.088832
0.940793 3.088832
0.938963 3.083047
0.939472 3.086864
0.940047 3.088769
0.940047 3.088769
0.937983 3.082925
0.939301 3.088705
0.939301 3.088705
0.938491 3.086788
0.937003 3.082803
0.938555 3.088642
0.938555 3.088642
0.937510 3.086713
0.936022 3.082681
0.937809 3.088578
0.937809 3.088578
0.936529 3.086637
0.937063 3.088514
0.937063 3.088514
0.935042 3.082559
0.936317 3.088451
0.936317 3.088451
0.935548 3.086561
0.934062 3.082437
0.935571 3.088387
0.935571 3.088387
0.934568 3.086485
0.933082 3.082314
0.934825 3.088323
0.934825 3.088323
0.933587 3.086410
0.934079 3.088260
0.934079 3.088260
0.932102 3.082192
0.933333 3.088196
0.933333 3.088196
0.932606 3.086334
0.931122 3.082070
0.932587 3.088132
0.932587 3.088132
0.931625 3.086258
0.930142 3.081948
0.931841 3.088069
0.931841 3.088069
0.930644 3.086182
0.931095 3.088005
0.931095 3.088005
0.929161 3.081826
0.930349 3.087942
0.930349 3.087942
0.929663 3.086107
0.928181 3.081704
0.929603 3.087878
0.929603 3.087878
0.928682 3.086031
0.927201 3.081582
0.928857 3.087814
0.928857 3.087814
0.927702 3.085955
0.926221 3.081459
0.928111 3.087751
0.928111 3.087751
0.927365 3.087687
0.927365 3.087687
0.926721 3.085879
0.925241 3.081337
0.926618 3.087623
0.926618 3.087623
0.925740 3.085804
0.924261 3.081215
0.925872 3.087560
0.925872 3.087560
0.924759 3.085728
0.923281 3.081093
0.925126 3.087496
0.925126 3.087496
0.924380 3.087433
0.924380 3.087433
0.923778 3.085652
0.922300 3.080971
0.923634 3.087369
0.923634 3.087369
0.922797 3.085576
0.921320 3.080849
0.922888 3.087305
0.922888 3.087305
0.921816 3.085500
0.920340 3.080727
0.922142 3.087242
0.922142 3.087242
0.921396 3.087178
0.921396 3.087178
0.920835 3.085425
0.919360 3.080604
0.920650 3.087114
0.920650 3.087114
0.919855 3.085349
0.918380 3.080482
0.919904 3.087051
0.919904 3.087051
0.918874 3.085273
0.917400 3.080360
0.919158 3.086987
0.919158 3.086987
0.918412 3.086923
0.918412 3.086923
0.916420 3.080238
0.917893 3.085197
0.917666 3.086860
0.917666 3.086860
0.915439 3.080116
0.916912 3.085122
0.916920 3.086796
0.916920 3.086796
0.914459 3.079994
0.915931 3.085046
0.916174 3.086733
0.916174 3.086733
0.913479 3.079871
0.914950 3.084970
0.915428 3.086669
0.915428 3.086669
0.914682 3.086605
0.914682 3.086605
0.912499 3.079749
0.913969 3.084894
0.913936 3.086542
0.913936 3.086542
0.911519 3.079627
0.912989 3.084819
0.913190 3.086478
0.913190 3.086478
0.910539 3.079505
0.912008 3.084743
0.912444 3.086414
0.912444 3.086414
0.911698 3.086351
0.911698 3.086351
0.909559 3.079383
0.911027 3.084667
0.910952 3.086287
0.910952 3.086287
0.908578 3.079261
0.910046 3.084591
0.910205 3.086224
0.910205 3.086224
0.907598 3.079139
0.909065 3.084516
0.909459 3.086160
0.909459 3.086160
0.908713 3.086096
0.908713 3.086096
0.906618 3.079016
0.908084 3.084440
0.907967 3.086033
0.907967 3.086033
0.905638 3.078894
0.907103 3.084364
0.907221 3.085969
0.907221 3.085969
0.904658 3.078772
0.906122 3.084288
0.906475 3.085905
0.906475 3.085905
0.903678 3.078650
0.905729 3.085842
0.905729 3.085842
0.905142 3.084213
0.904983 3.085778
0.904983 3.085778
0.902698 3.078528
0.904161 3.084137
0.904237 3.085715
0.904237 3.085715
0.901717 3.078406
0.903180 3.084061
0.903491 3.085651
0.903491 3.085651
0.900737 3.078284
0.902745 3.085587
0.902745 3.085587
0.902199 3.083985
0.901999 3.085524
0.901999 3.085524
0.899757 3.078161
0.901218 3.083909
0.901253 3.085460
0.901253 3.085460
0.898777 3.078039
0.900237 3.083834
0.900507 3.085396
0.900507 3.085396
0.897797 3.077917
0.899761 3.085333
0.899761 3.085333
0.899256 3.083758
0.899015 3.085269
0.899015 3.085269
0.896817 3.077795
0.898276 3.083682
0.898269 3.085205
0.898269 3.085205
0.895837 3.077673
0.897295 3.083606
0.897523 3.085142
0.897523 3.085142
0.894856 3.077551
0.896777 3.085078
0.896777 3.085078
0.896314 3.083531
0.893876 3.077429
0.896031 3.085015
0.896031 3.085015
0.895333 3.083455
0.895285 3.084951
0.895285 3.084951
0.892896 3.077306
0.894352 3.083379
0.894539 3.084887
0.894539 3.084887
0.891916 3.077184
0.893371 3.083303
0.893793 3.084824
0.893793 3.084824
0.890936 3.077062
0.893046 3.084760
0.893046 3.084760
0.892390 3.083228
0.892300 3.084696
0.892300 3.084696
0.889956 3.076940
0.891409 3.083152
0.891554 3.084633
0.891554 3.084633
0.888976 3.076818
0.890429 3.083076
0.890808 3.084569
0.890808 3.084569
0.887995 3.076696
0.890062 3.084506
0.890062 3.084506
0.889448 3.083000
0.889316 3.084442
0.889316 3.084442
0.887015 3.076574
0.888467 3.082925
0.888570 3.084378
0.888570 3.084378
0.886035 3.076451
0.887486 3.082849
0.887824 3.084315
0.887824 3.084315
0.885055 3.076329
0.887078 3.084251
0.887078 3.084251
0.886505 3.082773
0.884075 3.076207
0.886332 3.084187
0.886332 3.084187
0.885524 3.082697
0.885586 3.084124
0.885586 3.084124
0.883095 3.076085
0.884543 3.082622
0.884840 3.084060
0.884840 3.084060
0.882115 3.075963
0.884094 3.083996
0.884094 3.083996
0.883563 3.082546
0.881134 3.075841
0.883348 3.083933
0.883348 3.083933
0.882582 3.082470
0.882602 3.083869
0.882602 3.083869
0.880154 3.075719
0.881601 3.082394
0.881856 3.083806
0.881856 3.083806
0.879174 3.075596
0.881110 3.083742
0.881110 3.083742
0.880620 3.082319
0.878194 3.075474
0.880364 3.083678
0.880364 3.083678
0.879639 3.082243
0.879618 3.083615
0.879618 3.083615
0.877214 3.075352
0.878658 3.082167
0.878872 3.083551
0.878872 3.083551
0.876234 3.075230
0.878126 3.083487
0.878126 3.083487
0.877677 3.082091
0.875254 3.075108
0.877380 3.083424
0.877380 3.083424
0.876696 3.082015
0.874273 3.074986
0.876633 3.083360
0.876633 3.083360
0.875716 3.081940
0.875887 3.083297
0.875887 3.083297
0.873293 3.074864
0.875141 3.083233
0.875141 3.083233
0.874735 3.081864
0.872313 3.074741
0.874395 3.083169
0.874395 3.083169
0.873754 3.081788
0.871333 3.074619
0.873649 3.083106
0.873649 3.083106
0.872773 3.081712
0.872903 3.083042
0.872903 3.083042
0.870353 3.074497
0.871792 3.081637
0.872157 3.082978
0.872157 3.082978
0.869373 3.074375
0.871411 3.082915
0.871411 3.082915
0.870811 3.081561
0.868393 3.074253
0.870665 3.082851
0.870665 3.082851
0.869830 3.081485
0.869919 3.082788
0.869919 3.082788
0.867412 3.074131
0.868849 3.081409
0.869173 3.082724
0.869173 3.082724
0.866432 3.074009
0.868427 3.082660
0.868427 3.082660
0.867869 3.081334
0.865452 3.073886
0.867681 3.082597
0.867681 3.082597
0.866888 3.081258
0.864472 3.073764
0.866935 3.082533
0.866935 3.082533
0.865907 3.081182
0.866189 3.082469
0.866189 3.082469
0.863492 3.073642
0.865443 3.082406
0.865443 3.082406
0.864926 3.081106
0.862512 3.073520
0.864697 3.082342
0.864697 3.082342
0.863945 3.081031
0.861532 3.073398
0.863951 3.082278
0.863951 3.082278
0.862964 3.080955
0.863205 3.082215
0.863205 3.082215
0.860551 3.073276
0.862459 3.082151
0.862459 3.082151
0.861983 3.080879
0.859571 3.073154
0.861713 3.082088
0.861713 3.082088
0.861003 3.080803
0.858591 3.073031
0.860967 3.082024
0.860967 3.082024
0.860022 3.080728
0.860220 3.081960
0.860220 3.081960
0.857611 3.072909
0.859474 3.081897
0.859474 3.081897
0.859041 3.080652
0.856631 3.072787
0.858728 3.081833
0.858728 3.081833
0.858060 3.080576
0.855651 3.072665
0.857982 3.081769
0.857982 3.081769
0.857079 3.080500
0.857236 3.081706
0.857236 3.081706
0.854671 3.072543
0.856490 3.081642
0.856490 3.081642
0.856098 3.080424
0.853690 3.072421
0.855744 3.081579
0.855744 3.081579
0.855117 3.080349
0.852710 3.072299
0.854998 3.081515
0.854998 3.081515
0.854136 3.080273
0.851730 3.072176
0.854252 3.081451
0.854252 3.081451
0.853506 3.081388
0.853506 3.081388
0.853156 3.080197
0.850750 3.072054
0.852760 3.081324
0.852760 3.081324
0.852175 3.080121
0.849770 3.071932
0.852014 3.081260
0.852014 3.081260
0.851194 3.080046
0.848790 3.071810
0.851268 3.081197
0.851268 3.081197
0.850213 3.079970
0.850522 3.081133
0.850522 3.081133
0.847810 3.071688
0.849776 3.081069
0.849776 3.081069
0.849232 3.079894
0.846829 3.071566
0.849030 3.081006
0.849030 3.081006
0.848251 3.079818
0.845849 3.071444
0.848284 3.080942
0.848284 3.080942
0.847270 3.079743
0.847538 3.080879
0.847538 3.080879
0.844869 3.071321
0.846792 3.080815
0.846792 3.080815
0.846290 3.079667
0.843889 3.071199
0.846046 3.080751
0.846046 3.080751
0.845309 3.079591
0.842909 3.071077
0.845300 3.080688
0.845300 3.080688
0.844328 3.079515
0.841929 3.070955
0.844554 3.080624
0.844554 3.080624
0.843807 3.080560
0.843807 3.080560
0.843347 3.079440
0.840949 3.070833
0.843061 3.080497
0.843061 3.080497
0.842366 3.079364
0.839968 3.070711
0.842315 3.080433
0.842315 3.080433
0.841385 3.079288
0.838988 3.070589
0.841569 3.080370
0.841569 3.080370
0.840823 3.080306
0.840823 3.080306
0.840404 3.079212
0.838008 3.070466
0.840077 3.080242
0.840077 3.080242
0.837028 3.070344
0.839423 3.079137
0.839331 3.080179
0.839331 3.080179
0.836048 3.070222
0.838443 3.079061
0.838585 3.080115
0.838585 3.080115
0.837839 3.080051
0.837839 3.080051
0.835068 3.070100
0.837462 3.078985
0.837093 3.079988
0.837093 3.079988
0.834088 3.069978
0.836481 3.078909
0.836347 3.079924
0.836347 3.079924
0.833107 3.069856
0.835500 3.078833
0.835601 3.079861
0.835601 3.079861
0.832127 3.069734
0.834855 3.079797
0.834855 3.079797
0.834519 3.078758
0.834109 3.079733
0.834109 3.079733
0.831147 3.069611
0.833538 3.078682
0.833363 3.079670
0.833363 3.079670
0.830167 3.069489
0.832557 3.078606
0.832617 3.079606
0.832617 3.079606
0.829187 3.069367
0.831871 3.079542
0.831871 3.079542
0.831577 3.078530
0.831125 3.079479
0.831125 3.079479
0.828207 3.069245
0.830596 3.078455
0.830379 3.079415
0.830379 3.079415
0.827227 3.069123
0.829615 3.078379
0.829633 3.079351
0.829633 3.079351
0.826246 3.069001
0.828634 3.078303
0.828887 3.079288
0.828887 3.079288
0.828141 3.079224
0.828141 3.079224
0.825266 3.068879
0.827653 3.078227
0.827395 3.079161
0.827395 3.079161
0.824286 3.068756
0.826672 3.078152
0.826648 3.079097
0.826648 3.079097
0.823306 3.068634
0.825691 3.078076
0.825902 3.079033
0.825902 3.079033
0.825156 3.078970
0.825156 3.078970
0.822326 3.068512
0.824710 3.078000
0.824410 3.078906
0.824410 3.078906
0.821346 3.068390
0.823730 3.077924
0.823664 3.078842
0.823664 3.078842
0.820366 3.068268
0.822749 3.077849
0.822918 3.078779
0.822918 3.078779
0.819385 3.068146
0.822172 3.078715
0.822172 3.078715
0.821768 3.077773
0.821426 3.078652
0.821426 3.078652
0.818405 3.068024
0.820787 3.077697
0.820680 3.078588
0.820680 3.078588
0.817425 3.067901
0.819806 3.077621
0.819934 3.078524
0.819934 3.078524
0.816445 3.067779
0.819188 3.078461
0.819188 3.078461
0.818825 3.077546
0.818442 3.078397
0.818442 3.078397
0.815465 3.067657
0.817844 3.077470
0.817696 3.078333
0.817696 3.078333
0.814485 3.067535
0.816864 3.077394
0.816950 3.078270
0.816950 3.078270
0.813505 3.067413
0.816204 3.078206
0.816204 3.078206
0.815883 3.077318
0.815458 3.078142
0.815458 3.078142
0.812524 3.067291
0.814902 3.077243
0.814712 3.078079
0.814712 3.078079
0.811544 3.067169
0.813921 3.077167
0.813966 3.078015
0.813966 3.078015
0.810564 3.067046
0.813220 3.077952
0.813220 3.077952
0.812940 3.077091
0.809584 3.066924
0.812474 3.077888
0.812474 3.077888
0.811959 3.077015
0.811728 3.077824
0.811728 3.077824
0.808604 3.066802
0.810978 3.076939
0.810982 3.077761
0.810982 3.077761
0.807624 3.066680
0.810235 3.077697
0.810235 3.077697
0.809997 3.076864
0.806644 3.066558
0.809489 3.077633
0.809489 3.077633
0.809017 3.076788
0.808743 3.077570
0.808743 3.077570
0.805663 3.066436
0.808036 3.076712
0.807997 3.077506
0.807997 3.077506
0.804683 3.066314
0.807055 3.076636
0.807251 3.077443
0.807251 3.077443
0.803703 3.066191
0.806505 3.077379
0.806505 3.077379
0.806074 3.076561
0.805759 3.077315
0.805759 3.077315
0.802723 3.066069
0.805093 3.076485
0.805013 3.077252
0.805013 3.077252
0.801743 3.065947
0.804112 3.076409
0.804267 3.077188
0.804267 3.077188
0.800763 3.065825
0.803521 3.077124
0.803521 3.077124
0.803131 3.076333
0.802775 3.077061
0.802775 3.077061
0.799783 3.065703
0.802151 3.076258
0.802029 3.076997
0.802029 3.076997
0.798802 3.065581
0.801170 3.076182
0.801283 3.076934
0.801283 3.076934
0.797822 3.065459
0.800537 3.076870
0.800537 3.076870
0.800189 3.076106
0.796842 3.065336
0.799791 3.076806
0.799791 3.076806
0.799208 3.076030
0.799045 3.076743
0.799045 3.076743
0.795862 3.065214
0.798227 3.075955
0.798299 3.076679
0.798299 3.076679
0.794882 3.065092
0.797553 3.076615
0.797553 3.076615
0.797246 3.075879
0.793902 3.064970
0.796807 3.076552
0.796807 3.076552
0.796265 3.075803
0.796061 3.076488
0.796061 3.076488
0.792922 3.064848
0.795284 3.075727
0.795315 3.076424
0.795315 3.076424
0.791941 3.064726
0.794569 3.076361
0.794569 3.076361
0.794304 3.075652
0.790961 3.064603
0.793822 3.076297
0.793822 3.076297
0.793323 3.075576
0.793076 3.076234
0.793076 3.076234
0.789981 3.064481
0.792342 3.075500
0.792330 3.076170
0.792330 3.076170
0.789001 3.064359
0.791584 3.076106
0.791584 3.076106
0.791361 3.075424
0.791361 3.075424
0.791310 3.075432
0.791310 3.075432
0.791259 3.075440
0.791259 3.075440
0.791208 3.075448
0.791208 3.075448
0.791156 3.075456
0.791156 3.075456
0.791105 3.075464
0.791105 3.075464
0.791054 3.075472
0.791054 3.075472
0.791003 3.075480
0.791003 3.075480
0.790952 3.075488
0.790952 3.075488
0.788021 3.064237
0.790901 3.075495
0.790901 3.075495
0.790850 3.075503
0.790850 3.075503
0.790799 3.075511
0.790799 3.075511
0.790747 3.075519
0.790747 3.075519
0.790838 3.076043
0.790838 3.076043
0.790696 3.075527
0.790696 3.075527
0.790645 3.075535
0.790645 3.075535
0.790594 3.075543
0.790594 3.075543
0.790543 3.075551
0.790543 3.075551
0.790492 3.075559
0.790492 3.075559
0.790411 3.075285
0.790441 3.075567
0.790441 3.075567
0.790390 3.075575
0.790390 3.075575
0.790338 3.075583
0.790338 3.075583
0.790287 3.075591
0.790287 3.075591
0.790236 3.075598
0.790236 3.075598
0.790185 3.075606
0.790185 3.075606
0.790134 3.075614
0.790134 3.075614
0.790083 3.075622
0.790083 3.075622
0.790032 3.075630
0.790032 3.075630
0.790092 3.075979
0.790092 3.075979
0.787041 3.064115
0.789981 3.075638
0.789981 3.075638
0.789929 3.075646
0.789929 3.075646
0.789878 3.075654
0.789878 3.075654
0.789827 3.075662
0.789827 3.075662
0.789776 3.075670
0.789776 3.075670
0.789725 3.075678
0.789725 3.075678
0.789674 3.075686
0.789674 3.075686
0.789623 3.075693
0.789623 3.075693
0.789461 3.075146
0.789572 3.075701
0.789572 3.075701
0.789520 3.075709
0.789520 3.075709
0.789469 3.075717
0.789469 3.075717
0.789418 3.075725
0.789418 3.075725
0.789367 3.075733
0.789367 3.075733
0.789316 3.075741
0.789316 3.075741
0.789346 3.075915
0.789346 3.075915
0.789265 3.075749
0.789265 3.075749
0.789214 3.075757
0.789214 3.075757
0.789163 3.075765
0.789163 3.075765
0.789111 3.075773
0.789111 3.075773
0.786061 3.063993
0.789060 3.075781
0.789060 3.075781
0.789009 3.075788
0.789009 3.075788
0.788958 3.075796
0.788958 3.075796
0.788907 3.075804
0.788907 3.075804
0.788856 3.075812
0.788856 3.075812
0.788805 3.075820
0.788805 3.075820
0.788754 3.075828
0.788754 3.075828
0.788511 3.075007
0.788702 3.075836
0.788702 3.075836
0.788651 3.075844
0.788651 3.075844
0.788600 3.075852
0.788600 3.075852
0.788600 3.075852
0.785080 3.063871
0.787562 3.074867
0.787684 3.075728
0.787684 3.075728
0.784100 3.063748
0.786612 3.074728
0.786768 3.075605
0.786768 3.075605
0.783120 3.063626
0.785662 3.074589
0.785851 3.075482
0.785851 3.075482
0.782140 3.063504
0.784712 3.074450
0.784935 3.075358
0.784935 3.075358
0.781160 3.063382
0.784019 3.075235
0.784019 3.075235
0.783762 3.074311
0.780180 3.063260
0.783102 3.075112
0.783102 3.075112
0.782812 3.074171
0.779200 3.063138
0.782186 3.074988
0.782186 3.074988
0.781862 3.074032
0.781270 3.074865
0.781270 3.074865
0.778219 3.063016
0.780913 3.073893
0.780354 3.074742
0.780354 3.074742
0.777239 3.062893
0.779963 3.073754
0.779437 3.074618
0.779437 3.074618
0.779013 3.073615
0.776259 3.062771
0.778521 3.074495
0.778521 3.074495
0.778063 3.073475
0.775279 3.062649
0.777605 3.074372
0.777605 3.074372
0.777113 3.073336
0.774299 3.062527
0.776688 3.074248
0.776688 3.074248
0.776163 3.073197
0.773319 3.062405
0.775772 3.074125
0.775772 3.074125
0.775213 3.073058
0.772339 3.062283
0.774856 3.074002
0.774856 3.074002
0.774263 3.072919
0.771358 3.062161
0.773939 3.073878
0.773939 3.073878
0.773314 3.072779
0.770378 3.062038
0.773023 3.073755
0.773023 3.073755
0.772364 3.072640
0.769398 3.061916
0.772107 3.073632
0.772107 3.073632
0.771414 3.072501
0.768418 3.061794
0.771191 3.073508
0.771191 3.073508
0.770464 3.072362
0.767438 3.061672
0.770274 3.073385
0.770274 3.073385
0.769514 3.072223
0.766458 3.061550
0.769358 3.073262
0.769358 3.073262
0.768564 3.072083
0.768442 3.073138
0.768442 3.073138
0.765478 3.061428
0.767614 3.071944
0.767525 3.073015
0.767525 3.073015
0.764497 3.061306
0.766665 3.071805
0.766609 3.072891
0.766609 3.072891
0.763517 3.061183
0.765715 3.071666
0.765693 3.072768
0.765693 3.072768
0.762537 3.061061
0.764765 3.071527
0.764777 3.072645
0.764777 3.072645
0.761557 3.060939
0.763815 3.071387
0.763860 3.072521
0.763860 3.072521
0.760577 3.060817
0.762865 3.071248
0.762944 3.072398
0.762944 3.072398
0.759597 3.060695
0.761915 3.071109
0.762028 3.072275
0.762028 3.072275
0.758617 3.060573
0.760965 3.070970
0.761111 3.072151
0.761111 3.072151
0.757636 3.060451
0.760016 3.070831
0.760195 3.072028
0.760195 3.072028
0.756656 3.060328
0.759066 3.070691
0.759279 3.071905
0.759279 3.071905
0.755676 3.060206
0.758116 3.070552
0.758363 3.071781
0.758363 3.071781
0.754696 3.060084
0.757166 3.070413
0.757446 3.071658
0.757446 3.071658
0.753716 3.059962
0.756530 3.071535
0.756530 3.071535
0.756216 3.070274
0.755614 3.071411
0.755614 3.071411
0.752736 3.059840
0.755266 3.070134
0.754697 3.071288
0.754697 3.071288
0.754316 3.069995
0.751756 3.059718
0.753781 3.071165
0.753781 3.071165
0.753367 3.069856
0.750775 3.059596
0.752865 3.071041
0.752865 3.071041
0.752417 3.069717
0.749795 3.059473
0.751948 3.070918
0.751948 3.070918
0.751467 3.069578
0.748815 3.059351
0.751032 3.070795
0.751032 3.070795
0.750517 3.069438
0.747835 3.059229
0.750116 3.070671
0.750116 3.070671
0.749567 3.069299
0.746855 3.059107
0.749200 3.070548
0.749200 3.070548
0.748617 3.069160
0.745875 3.058985
0.748283 3.070425
0.748283 3.070425
0.747709 3.069026
0.744895 3.058863
0.747367 3.070301
0.747367 3.070301
0.746801 3.068891
0.743914 3.058741
0.746451 3.070178
0.746451 3.070178
0.745892 3.068757
0.742934 3.058618
0.745534 3.070055
0.745534 3.070055
0.744984 3.068622
0.741954 3.058496
0.744618 3.069931
0.744618 3.069931
0.744076 3.068488
0.740974 3.058374
0.743702 3.069808
0.743702 3.069808
0.743167 3.068354
0.742786 3.069684
0.742786 3.069684
0.739994 3.058252
0.742259 3.068219
0.741869 3.069561
0.741869 3.069561
0.739014 3.058130
0.741351 3.068085
0.740953 3.069438
0.740953 3.069438
0.740442 3.067951
0.738034 3.058008
0.740037 3.069314
0.740037 3.069314
0.739534 3.067816
0.737053 3.057886
0.739120 3.069191
0.739120 3.069191
0.738626 3.067682
0.736073 3.057763
0.738204 3.069068
0.738204 3.069068
0.737718 3.067547
0.735093 3.057641
0.737288 3.068944
0.737288 3.068944
0.736809 3.067413
0.734113 3.057519
0.736371 3.068821
0.736371 3.068821
0.735901 3.067279
0.733133 3.057397
0.735455 3.068698
0.735455 3.068698
0.734993 3.067144
0.732153 3.057275
0.734539 3.068574
0.734539 3.068574
0.734084 3.067010
0.731173 3.057153
0.733623 3.068451
0.733623 3.068451
0.733176 3.066875
0.730192 3.057031
0.732706 3.068328
0.732706 3.068328
0.732268 3.066741
0.729212 3.056908
0.731790 3.068204
0.731790 3.068204
0.731359 3.066607
0.728232 3.056786
0.730874 3.068081
0.730874 3.068081
0.730386 3.066464
0.729957 3.067958
0.729957 3.067958
0.727252 3.056664
0.729412 3.066321
0.729041 3.067834
0.729041 3.067834
0.726272 3.056542
0.728438 3.066178
0.728125 3.067711
0.728125 3.067711
0.725292 3.056420
0.727464 3.066034
0.727209 3.067588
0.727209 3.067588
0.724312 3.056298
0.726491 3.065891
0.726292 3.067464
0.726292 3.067464
0.723331 3.056176
0.725517 3.065748
0.725376 3.067341
0.725376 3.067341
0.722351 3.056053
0.724543 3.065605
0.724460 3.067218
0.724460 3.067218
0.721371 3.055931
0.723569 3.065462
0.723543 3.067094
0.723543 3.067094
0.720391 3.055809
0.722596 3.065319
0.722627 3.066971
0.722627 3.066971
0.719411 3.055687
0.721622 3.065176
0.721711 3.066847
0.721711 3.066847
0.718431 3.055565
0.720648 3.065033
0.720795 3.066724
0.720795 3.066724
0.719674 3.064890
0.717451 3.055443
0.719878 3.066601
0.719878 3.066601
0.718701 3.064747
0.716470 3.055321
0.718962 3.066477
0.718962 3.066477
0.717727 3.064604
0.715490 3.055198
0.718046 3.066354
0.718046 3.066354
0.716753 3.064461
0.717129 3.066231
0.717129 3.066231
0.714510 3.055076
0.716213 3.066107
0.716213 3.066107
0.715779 3.064318
0.713530 3.054954
0.715297 3.065984
0.715297 3.065984
0.714806 3.064175
0.712550 3.054832
0.714380 3.065861
0.714380 3.065861
0.713832 3.064032
0.711570 3.054710
0.713464 3.065737
0.713464 3.065737
0.712782 3.063880
0.710590 3.054588
0.712548 3.065614
0.712548 3.065614
0.709609 3.054466
0.711732 3.063728
0.711632 3.065491
0.711632 3.065491
0.708629 3.054343
0.710682 3.063576
0.710715 3.065367
0.710715 3.065367
0.707649 3.054221
0.709631 3.063424
0.709799 3.065244
0.709799 3.065244
0.706669 3.054099
0.708581 3.063272
0.708883 3.065121
0.708883 3.065121
0.705689 3.053977
0.707555 3.063133
0.707966 3.064997
0.707966 3.064997
0.704709 3.053855
0.707050 3.064874
0.707050 3.064874
0.706529 3.062995
0.703729 3.053733
0.706134 3.064751
0.706134 3.064751
0.705502 3.062856
0.702748 3.053611
0.705218 3.064627
0.705218 3.064627
0.704476 3.062718
0.704301 3.064504
0.704301 3.064504
0.701768 3.053488
0.703450 3.062579
0.703385 3.064381
0.703385 3.064381
0.700788 3.053366
0.702424 3.062441
0.702469 3.064257
0.702469 3.064257
0.699808 3.053244
0.701585 3.062331
0.701552 3.064134
0.701552 3.064134
0.698828 3.053122
0.700746 3.062221
0.700636 3.064011
0.700636 3.064011
0.697848 3.053000
0.699908 3.062111
0.699720 3.063887
0.699720 3.063887
0.699069 3.062001
0.696868 3.052878
0.698803 3.063764
0.698803 3.063764
0.698230 3.061891
0.695887 3.052756
0.697887 3.063640
0.697887 3.063640
0.697391 3.061782
0.694907 3.052633
0.696553 3.061672
0.696971 3.063517
0.696971 3.063517
0.693927 3.052511
0.695714 3.061562
0.696055 3.063394
0.696055 3.063394
0.692947 3.052389
0.694875 3.061452
0.695138 3.063270
0.695138 3.063270
0.694036 3.061342
0.691967 3.052267
0.694222 3.063147
0.694222 3.063147
0.693198 3.061232
0.690987 3.052145
0.693306 3.063024
0.693306 3.063024
0.692359 3.061122
0.690007 3.052023
0.692389 3.062900
0.692389 3.062900
0.691520 3.061012
0.689026 3.051901
0.691473 3.062777
0.691473 3.062777
0.690682 3.060902
0.690557 3.062654
0.690557 3.062654
0.688046 3.051778
0.689843 3.060792
0.689641 3.062530
0.689641 3.062530
0.689641 3.062530
0.687066 3.051656
0.689472 3.062473
0.689472 3.062473
0.689004 3.060682
0.689303 3.062416
0.689303 3.062416
0.689134 3.062360
0.689134 3.062360
0.688965 3.062303
0.688965 3.062303
0.688973 3.062447
0.688973 3.062447
0.688797 3.062246
0.688797 3.062246
0.688628 3.062189
0.688628 3.062189
0.688165 3.060573
0.686086 3.051534
0.688459 3.062132
0.688459 3.062132
0.688290 3.062075
0.688290 3.062075
0.688305 3.062364
0.688305 3.062364
0.688122 3.062018
0.688122 3.062018
0.687953 3.061961
0.687953 3.061961
0.687784 3.061904
0.687784 3.061904
0.687327 3.060463
0.687615 3.061847
0.687615 3.061847
0.687638 3.062281
0.687638 3.062281
0.687446 3.061790
0.687446 3.061790
0.685106 3.051412
0.687278 3.061733
0.687278 3.061733
0.687109 3.061676
0.687109 3.061676
0.686940 3.061619
0.686940 3.061619
0.686970 3.062198
0.686970 3.062198
0.686771 3.061563
0.686771 3.061563
0.686488 3.060353
0.686603 3.061506
0.686603 3.061506
0.686434 3.061449
0.686434 3.061449
0.684126 3.051290
0.686265 3.061392
0.686265 3.061392
0.686302 3.062116
0.686302 3.062116
0.686096 3.061335
0.686096 3.061335
0.685927 3.061278
0.685927 3.061278
0.685649 3.060243
0.685759 3.061221
0.685759 3.061221
0.685590 3.061164
0.685590 3.061164
0.685635 3.062033
0.685635 3.062033
0.685421 3.061107
0.685421 3.061107
0.683146 3.051168
0.685252 3.061050
0.685252 3.061050
0.685084 3.060993
0.685084 3.060993
0.684810 3.060133
0.684915 3.060936
0.684915 3.060936
0.684746 3.060879
0.684746 3.060879
0.684967 3.061950
0.684967 3.061950
0.684577 3.060822
0.684577 3.060822
0.684408 3.060766
0.684408 3.060766
0.682165 3.051046
0.684240 3.060709
0.684240 3.060709
0.683972 3.060023
0.684071 3.060652
0.684071 3.060652
0.684299 3.061867
0.684299 3.061867
0.683902 3.060595
0.683902 3.060595
0.683733 3.060538
0.683733 3.060538
0.683564 3.060481
0.683564 3.060481
0.683396 3.060424
0.683396 3.060424
0.683632 3.061784
0.683632 3.061784
0.681185 3.050923
0.683133 3.059913
0.683227 3.060367
0.683227 3.060367
0.683058 3.060310
0.683058 3.060310
0.682889 3.060253
0.682889 3.060253
0.682721 3.060196
0.682721 3.060196
0.682964 3.061701
0.682964 3.061701
0.682552 3.060139
0.682552 3.060139
0.682383 3.060082
0.682383 3.060082
0.682294 3.059803
0.680205 3.050801
0.682214 3.060025
0.682214 3.060025
0.682045 3.059969
0.682045 3.059969
0.682297 3.061618
0.682297 3.061618
0.681877 3.059912
0.681877 3.059912
0.681708 3.059855
0.681708 3.059855
0.681539 3.059798
0.681539 3.059798
0.681456 3.059693
0.681370 3.059741
0.681370 3.059741
0.679225 3.050679
0.681629 3.061535
0.681629 3.061535
0.681202 3.059684
0.681202 3.059684
0.681033 3.059627
0.681033 3.059627
0.680864 3.059570
0.680864 3.059570
0.680695 3.059513
0.680695 3.059513
0.680617 3.059583
0.680526 3.059456
0.680526 3.059456
0.680961 3.061452
0.680961 3.061452
0.680358 3.059399
0.680358 3.059399
0.678245 3.050557
0.680189 3.059342
0.680189 3.059342
0.680020 3.059285
0.680020 3.059285
0.679851 3.059228
0.679851 3.059228
0.680294 3.061369
0.680294 3.061369
0.679804 3.059478
0.679683 3.059172
0.679683 3.059172
0.679514 3.059115
0.679514 3.059115
0.679345 3.059058
0.679345 3.059058
0.679176 3.059001
0.679176 3.059001
0.677265 3.050435
0.679626 3.061286
0.679626 3.061286
0.679007 3.058944
0.679007 3.058944
0.678990 3.059372
0.678839 3.058887
0.678839 3.058887
0.678670 3.058830
0.678670 3.058830
0.678501 3.058773
0.678501 3.058773
0.678958 3.061203
0.678958 3.061203
0.678332 3.058716
0.678332 3.058716
0.678164 3.058659
0.678164 3.058659
0.676285 3.050313
0.678177 3.059267
0.677995 3.058602
0.677995 3.058602
0.677826 3.058545
0.677826 3.058545
0.678291 3.061120
0.678291 3.061120
0.677657 3.058488
0.677657 3.058488
0.677488 3.058431
0.677488 3.058431
0.677320 3.058375
0.677320 3.058375
0.677364 3.059161
0.677151 3.058318
0.677151 3.058318
0.675304 3.050191
0.677623 3.061037
0.677623 3.061037
0.676982 3.058261
0.676982 3.058261
0.676813 3.058204
0.676813 3.058204
0.676645 3.058147
0.676645 3.058147
0.676476 3.058090
0.676476 3.058090
0.676551 3.059056
0.676955 3.060954
0.676955 3.060954
0.676307 3.058033
0.676307 3.058033
0.676138 3.057976
0.676138 3.057976
0.674324 3.050068
0.675969 3.057919
0.675969 3.057919
0.675801 3.057862
0.675801 3.057862
0.675632 3.057805
0.675632 3.057805
0.676288 3.060871
0.676288 3.060871
0.675738 3.058950
0.675463 3.057748
0.675463 3.057748
0.675294 3.057691
0.675294 3.057691
0.675125 3.057634
0.675125 3.057634
0.673344 3.049946
0.674957 3.057578
0.674957 3.057578
0.675620 3.060788
0.675620 3.060788
0.674788 3.057521
0.674788 3.057521
0.674924 3.058845
0.674619 3.057464
0.674619 3.057464
0.674450 3.057407
0.674450 3.057407
0.674282 3.057350
0.674282 3.057350
0.674952 3.060705
0.674952 3.060705
0.674113 3.057293
0.674113 3.057293
0.672364 3.049824
0.673944 3.057236
0.673944 3.057236
0.673775 3.057179
0.673775 3.057179
0.674111 3.058739
0.673606 3.057122
0.673606 3.057122
0.674285 3.060622
0.674285 3.060622
0.673438 3.057065
0.673438 3.057065
0.673269 3.057008
0.673269 3.057008
0.673100 3.056951
0.673100 3.056951
0.671384 3.049702
0.672931 3.056894
0.672931 3.056894
0.673298 3.058634
0.673617 3.060539
0.673617 3.060539
0.672763 3.056837
0.672763 3.056837
0.672594 3.056781
0.672594 3.056781
0.672425 3.056724
0.672425 3.056724
0.672256 3.056667
0.672256 3.056667
0.672950 3.060456
0.672950 3.060456
0.672087 3.056610
0.672087 3.056610
0.672485 3.058528
0.670404 3.049580
0.671919 3.056553
0.671919 3.056553
0.671750 3.056496
0.671750 3.056496
0.671581 3.056439
0.671581 3.056439
0.671412 3.056382
0.671412 3.056382
0.672282 3.060373
0.672282 3.060373
0.671244 3.056325
0.671244 3.056325
0.671672 3.058423
0.671075 3.056268
0.671075 3.056268
0.669424 3.049458
0.670906 3.056211
0.670906 3.056211
0.670737 3.056154
0.670737 3.056154
0.671614 3.060290
0.671614 3.060290
0.670568 3.056097
0.670568 3.056097
0.670400 3.056040
0.670400 3.056040
0.670858 3.058317
0.670231 3.055984
0.670231 3.055984
0.670062 3.055927
0.670062 3.055927
0.670947 3.060207
0.670947 3.060207
0.669893 3.055870
0.669893 3.055870
0.668443 3.049336
0.669725 3.055813
0.669725 3.055813
0.669556 3.055756
0.669556 3.055756
0.670045 3.058212
0.669387 3.055699
0.669387 3.055699
0.670279 3.060124
0.670279 3.060124
0.669218 3.055642
0.669218 3.055642
0.669049 3.055585
0.669049 3.055585
0.668881 3.055528
0.668881 3.055528
0.667463 3.049213
0.668712 3.055471
0.668712 3.055471
0.669232 3.058106
0.669611 3.060041
0.669611 3.060041
0.668543 3.055414
0.668543 3.055414
0.668374 3.055357
0.668374 3.055357
0.668206 3.055300
0.668206 3.055300
0.668037 3.055243
0.668037 3.055243
0.668944 3.059958
0.668944 3.059958
0.667868 3.055187
0.667868 3.055187
0.666483 3.049091
0.668419 3.058000
0.667699 3.055130
0.667699 3.055130
0.667530 3.055073
0.667530 3.055073
0.667362 3.055016
0.667362 3.055016
0.668276 3.059876
0.668276 3.059876
0.667193 3.054959
0.667193 3.054959
0.667024 3.054902
0.667024 3.054902
0.667606 3.057895
0.666855 3.054845
0.666855 3.054845
0.665503 3.048969
0.666687 3.054788
0.666687 3.054788
0.666518 3.054731
0.666518 3.054731
0.667608 3.059793
0.667608 3.059793
0.666349 3.054674
0.666349 3.054674
0.666180 3.054617
0.666180 3.054617
0.666792 3.057789
0.666011 3.054560
0.666011 3.054560
0.665843 3.054503
0.665843 3.054503
0.666941 3.059710
0.666941 3.059710
0.664523 3.048847
0.665674 3.054446
0.665674 3.054446
0.665505 3.054390
0.665505 3.054390
0.665336 3.054333
0.665336 3.054333
0.665979 3.057684
0.665167 3.054276
0.665167 3.054276
0.666273 3.059627
0.666273 3.059627
0.664999 3.054219
0.664999 3.054219
0.664830 3.054162
0.664830 3.054162
0.663543 3.048725
0.664661 3.054105
0.664661 3.054105
0.664492 3.054048
0.664492 3.054048
0.665606 3.059544
0.665606 3.059544
0.665166 3.057578
0.664324 3.053991
0.664324 3.053991
0.664155 3.053934
0.664155 3.053934
0.663986 3.053877
0.663986 3.053877
0.663817 3.053820
0.663817 3.053820
0.664938 3.059461
0.664938 3.059461
0.662563 3.048603
0.663648 3.053763
0.663648 3.053763
0.664353 3.057473
0.663480 3.053706
0.663480 3.053706
0.663311 3.053649
0.663311 3.053649
0.663142 3.053593
0.663142 3.053593
0.664270 3.059378
0.664270 3.059378
0.662973 3.053536
0.662973 3.053536
0.662805 3.053479
0.662805 3.053479
0.663540 3.057367
0.661582 3.048480
0.662636 3.053422
0.662636 3.053422
0.662467 3.053365
0.662467 3.053365
0.663603 3.059295
0.663603 3.059295
0.662298 3.053308
0.662298 3.053308
0.662129 3.053251
0.662129 3.053251
0.661961 3.053194
0.661961 3.053194
0.662726 3.057262
0.661792 3.053137
0.661792 3.053137
0.660602 3.048358
0.661623 3.053080
0.661623 3.053080
0.662935 3.059212
0.662935 3.059212
0.661454 3.053023
0.661454 3.053023
0.661286 3.052966
0.661286 3.052966
0.661117 3.052909
0.661117 3.052909
0.661913 3.057156
0.660948 3.052852
0.660948 3.052852
0.662267 3.059129
0.662267 3.059129
0.660779 3.052796
0.660779 3.052796
0.660610 3.052739
0.660610 3.052739
0.659622 3.048236
0.660442 3.052682
0.660442 3.052682
0.660273 3.052625
0.660273 3.052625
0.661600 3.059046
0.661600 3.059046
0.661100 3.057051
0.660104 3.052568
0.660104 3.052568
0.659935 3.052511
0.659935 3.052511
0.659767 3.052454
0.659767 3.052454
0.659598 3.052397
0.659598 3.052397
0.658642 3.048114
0.660932 3.058963
0.660932 3.058963
0.659429 3.052340
0.659429 3.052340
0.660287 3.056945
0.659260 3.052283
0.659260 3.052283
0.659091 3.052226
0.659091 3.052226
0.658923 3.052169
0.658923 3.052169
0.660264 3.058880
0.660264 3.058880
0.658754 3.052112
0.658754 3.052112
0.658585 3.052055
0.658585 3.052055
0.657662 3.047992
0.659474 3.056840
0.658416 3.051999
0.658416 3.051999
0.658248 3.051942
0.658248 3.051942
0.659597 3.058797
0.659597 3.058797
0.658079 3.051885
0.658079 3.051885
0.657910 3.051828
0.657910 3.051828
0.657741 3.051771
0.657741 3.051771
0.658660 3.056734
0.657572 3.051714
0.657572 3.051714
0.656682 3.047870
0.658929 3.058714
0.658929 3.058714
0.657404 3.051657
0.657404 3.051657
0.657235 3.051600
0.657235 3.051600
0.657066 3.051543
0.657066 3.051543
0.656897 3.051486
0.656897 3.051486
0.656728 3.051429
0.656728 3.051429
0.657847 3.056629
0.658261 3.058631
0.658261 3.058631
0.656560 3.051372
0.656560 3.051372
0.655702 3.047748
0.656391 3.051315
0.656391 3.051315
0.656222 3.051258
0.656222 3.051258
0.656053 3.051202
0.656053 3.051202
0.657594 3.058548
0.657594 3.058548
0.655885 3.051145
0.655885 3.051145
0.657034 3.056523
0.655716 3.051088
0.655716 3.051088
0.655547 3.051031
0.655547 3.051031
0.654721 3.047625
0.655378 3.050974
0.655378 3.050974
0.656926 3.058465
0.656926 3.058465
0.655209 3.050917
0.655209 3.050917
0.655041 3.050860
0.655041 3.050860
0.656221 3.056418
0.654872 3.050803
0.654872 3.050803
0.654703 3.050746
0.654703 3.050746
0.656259 3.058382
0.656259 3.058382
0.654534 3.050689
0.654534 3.050689
0.655658 3.056350
0.653741 3.047503
0.654366 3.050632
0.654366 3.050632
0.654197 3.050575
0.654197 3.050575
0.654028 3.050518
0.654028 3.050518
0.655591 3.058299
0.655591 3.058299
0.653859 3.050461
0.653859 3.050461
0.655095 3.056283
0.653690 3.050405
0.653690 3.050405
0.653522 3.050348
0.653522 3.050348
0.652761 3.047381
0.653353 3.050291
0.653353 3.050291
0.654532 3.056216
0.654923 3.058216
0.654923 3.058216
0.653184 3.050234
0.653184 3.050234
0.653015 3.050177
0.653015 3.050177
0.652847 3.050120
0.652847 3.050120
0.652678 3.050063
0.652678 3.050063
0.653968 3.056149
0.654256 3.058133
0.654256 3.058133
0.652509 3.050006
0.652509 3.050006
0.651781 3.047259
0.652340 3.049949
0.652340 3.049949
0.652171 3.049892
0.652171 3.049892
0.653405 3.056082
0.652003 3.049835
0.652003 3.049835
0.651834 3.049778
0.651834 3.049778
0.653588 3.058050
0.653588 3.058050
0.651665 3.049721
0.651665 3.049721
0.651496 3.049664
0.651496 3.049664
0.652842 3.056015
0.650801 3.047137
0.651328 3.049608
0.651328 3.049608
0.651159 3.049551
0.651159 3.049551
0.652920 3.057967
0.652920 3.057967
0.650990 3.049494
0.650990 3.049494
0.652279 3.055948
0.650821 3.049437
0.650821 3.049437
0.650652 3.049380
0.650652 3.049380
0.650484 3.049323
0.650484 3.049323
0.652253 3.057884
0.652253 3.057884
0.650315 3.049266
0.650315 3.049266
0.651716 3.055881
0.649821 3.047015
0.650146 3.049209
0.650146 3.049209
0.649977 3.049152
0.649977 3.049152
0.649809 3.049095
0.649809 3.049095
0.651585 3.057801
0.651585 3.057801
0.651153 3.055814
0.649640 3.049038
0.649640 3.049038
0.649471 3.048981
0.649471 3.048981
0.649302 3.048924
0.649302 3.048924
0.648841 3.046893
0.649133 3.048867
0.649133 3.048867
0.650590 3.055747
0.650917 3.057718
0.650917 3.057718
0.648965 3.048811
0.648965 3.048811
0.648796 3.048754
0.648796 3.048754
0.648627 3.048697
0.648627 3.048697
0.650026 3.055680
0.648458 3.048640
0.648458 3.048640
0.650250 3.057635
0.650250 3.057635
0.648290 3.048583
0.648290 3.048583
0.647860 3.046770
0.648121 3.048526
0.648121 3.048526
0.647952 3.048469
0.647952 3.048469
0.649463 3.055613
0.647783 3.048412
0.647783 3.048412
0.649582 3.057553
0.649582 3.057553
0.647614 3.048355
0.647614 3.048355
0.647446 3.048298
0.647446 3.048298
0.648900 3.055546
0.647277 3.048241
0.647277 3.048241
0.646880 3.046648
0.647108 3.048184
0.647108 3.048184
0.646939 3.048127
0.646939 3.048127
0.648915 3.057470
0.648915 3.057470
0.646770 3.048070
0.646770 3.048070
0.648337 3.055479
0.646602 3.048014
0.646602 3.048014
0.646433 3.047957
0.646433 3.047957
0.646264 3.047900
0.646264 3.047900
0.648247 3.057387
0.648247 3.057387
0.645900 3.046526
0.647774 3.055412
0.646095 3.047843
0.646095 3.047843
0.645927 3.047786
0.645927 3.047786
0.645758 3.047729
0.645758 3.047729
0.645589 3.047672
0.645589 3.047672
0.647211 3.055345
0.647579 3.057304
0.647579 3.057304
0.645420 3.047615
0.645420 3.047615
0.645251 3.047558
0.645251 3.047558
0.644920 3.046404
0.645083 3.047501
0.645083 3.047501
0.646648 3.055278
0.644914 3.047444
0.644914 3.047444
0.646912 3.057221
0.646912 3.057221
0.644745 3.047387
0.644745 3.047387
0.644576 3.047330
0.644576 3.047330
0.644408 3.047273
0.644408 3.047273
0.646084 3.055211
0.644239 3.047217
0.644239 3.047217
0.646244 3.057138
0.646244 3.057138
0.643940 3.046282
0.644070 3.047160
0.644070 3.047160
0.643901 3.047103
0.643901 3.047103
0.645521 3.055144
0.643732 3.047046
0.643732 3.047046
0.643564 3.046989
0.643564 3.046989
0.645576 3.057055
0.645576 3.057055
0.643395 3.046932
0.643395 3.046932
0.644958 3.055077
0.643226 3.046875
0.643226 3.046875
0.642960 3.046160
0.643057 3.046818
0.643057 3.046818
0.642889 3.046761
0.642889 3.046761
0.644909 3.056972
0.644909 3.056972
0.642720 3.046704
0.642720 3.046704
0.644395 3.055010
0.642551 3.046647
0.642551 3.046647
0.642382 3.046590
0.642382 3.046590
0.642213 3.046533
0.642213 3.046533
0.641980 3.046038
0.643832 3.054943
0.644241 3.056889
0.644241 3.056889
0.642045 3.046476
0.642045 3.046476
0.641876 3.046420
0.641876 3.046420
0.641707 3.046363
0.641707 3.046363
0.641538 3.046306
0.641538 3.046306
0.643269 3.054876
0.641370 3.046249
0.641370 3.046249
0.643573 3.056806
0.643573 3.056806
0.641201 3.046192
0.641201 3.046192
0.640999 3.045915
0.641032 3.046135
0.641032 3.046135
0.642706 3.054809
0.640863 3.046078
0.640863 3.046078
0.640694 3.046021
0.640694 3.046021
0.642906 3.056723
0.642906 3.056723
0.640526 3.045964
0.640526 3.045964
0.640357 3.045907
0.640357 3.045907
0.642143 3.054742
0.640188 3.045850
0.640188 3.045850
0.640019 3.045793
0.640019 3.045793
0.642238 3.056640
0.642238 3.056640
0.641579 3.054675
0.639497 3.045793
0.641570 3.056557
0.641570 3.056557
0.641016 3.054608
0.638974 3.045793
0.640903 3.056474
0.640903 3.056474
0.640453 3.054541
0.638451 3.045793
0.639890 3.054474
0.640235 3.056391
0.640235 3.056391
0.637929 3.045793
0.639327 3.054407
0.637406 3.045793
0.639568 3.056308
0.639568 3.056308
0.638764 3.054340
0.636884 3.045793
0.638900 3.056225
0.638900 3.056225
0.638201 3.054273
0.636361 3.045794
0.638232 3.056142
0.638232 3.056142
0.637637 3.054206
0.635838 3.045794
0.637565 3.056059
0.637565 3.056059
0.637074 3.054139
0.635316 3.045794
0.634793 3.045794
0.636511 3.054072
0.636897 3.055976
0.636897 3.055976
0.634270 3.045794
0.635948 3.054004
0.636229 3.055893
0.636229 3.055893
0.633748 3.045794
0.635385 3.053937
0.635562 3.055810
0.635562 3.055810
0.633225 3.045794
0.634822 3.053870
0.634894 3.055727
0.634894 3.055727
0.632703 3.045794
0.634259 3.053803
0.634226 3.055644
0.634226 3.055644
0.632180 3.045794
0.633696 3.053736
0.631657 3.045794
0.633559 3.055561
0.633559 3.055561
0.633132 3.053669
0.631135 3.045794
0.632569 3.053602
0.632891 3.055478
0.632891 3.055478
0.630612 3.045794
0.632006 3.053535
0.632224 3.055395
0.632224 3.055395
0.630089 3.045794
0.631443 3.053468
0.631556 3.055312
0.631556 3.055312
0.629567 3.045794
0.630880 3.053401
0.629044 3.045794
0.630888 3.055230
0.630888 3.055230
0.630317 3.053334
0.628522 3.045794
0.630221 3.055147
0.630221 3.055147
0.629754 3.053267
0.627999 3.045794
0.629190 3.053200
0.629553 3.055064
0.629553 3.055064
0.627476 3.045794
0.628627 3.053133
0.628885 3.054981
0.628885 3.054981
0.626954 3.045794
0.628064 3.053066
0.626431 3.045794
0.628218 3.054898
0.628218 3.054898
0.627501 3.052999
0.625908 3.045794
0.627550 3.054815
0.627550 3.054815
0.626938 3.052932
0.625386 3.045794
0.626882 3.054732
0.626882 3.054732
0.626375 3.052865
0.624863 3.045794
0.626215 3.054649
0.626215 3.054649
0.625812 3.052798
0.624341 3.045794
0.625249 3.052731
0.623818 3.045794
0.625547 3.054566
0.625547 3.054566
0.623295 3.045794
0.624685 3.052664
0.624880 3.054483
0.624880 3.054483
0.622773 3.045794
0.624122 3.052597
0.624212 3.054400
0.624212 3.054400
0.622250 3.045794
0.623559 3.052530
0.623544 3.054317
0.623544 3.054317
0.621727 3.045794
0.622996 3.052463
0.621205 3.045794
0.622877 3.054234
0.622877 3.054234
0.622433 3.052396
0.620682 3.045794
0.621870 3.052329
0.622209 3.054151
0.622209 3.054151
0.620160 3.045794
0.621307 3.052262
0.621541 3.054068
0.621541 3.054068
0.619637 3.045794
0.620743 3.052195
0.620874 3.053985
0.620874 3.053985
0.619114 3.045794
0.620180 3.052128
0.618592 3.045794
0.620206 3.053902
0.620206 3.053902
0.619617 3.052061
0.618069 3.045794
0.619538 3.053819
0.619538 3.053819
0.619054 3.051994
0.617546 3.045794
0.618871 3.053736
0.618871 3.053736
0.618491 3.051927
0.617024 3.045794
0.617928 3.051860
0.618203 3.053653
0.618203 3.053653
0.616501 3.045794
0.617365 3.051793
0.615979 3.045794
0.617535 3.053570
0.617535 3.053570
0.616801 3.051725
0.615456 3.045794
0.616868 3.053487
0.616868 3.053487
0.616238 3.051658
0.614933 3.045795
0.616200 3.053404
0.616200 3.053404
0.615675 3.051591
0.614411 3.045795
0.615533 3.053321
0.615533 3.053321
0.615112 3.051524
0.613888 3.045795
0.614549 3.051457
0.614865 3.053238
0.614865 3.053238
0.613365 3.045795
0.613986 3.051390
0.612843 3.045795
0.614197 3.053155
0.614197 3.053155
0.612320 3.045795
0.613423 3.051323
0.613530 3.053072
0.613530 3.053072
0.611798 3.045795
0.612860 3.051256
0.612862 3.052989
0.612862 3.052989
0.611275 3.045795
0.612296 3.051189
0.612194 3.052907
0.612194 3.052907
0.610752 3.045795
0.611733 3.051122
0.610230 3.045795
0.611527 3.052824
0.611527 3.052824
0.611170 3.051055
0.609707 3.045795
0.610607 3.050988
0.610859 3.052741
0.610859 3.052741
0.609184 3.045795
0.610044 3.050921
0.610191 3.052658
0.610191 3.052658
0.608662 3.045795
0.609481 3.050854
0.609524 3.052575
0.609524 3.052575
0.608139 3.045795
0.608918 3.050787
0.607617 3.045795
0.608856 3.052492
0.608856 3.052492
0.608354 3.050720
0.607094 3.045795
0.608189 3.052409
0.608189 3.052409
0.607791 3.050653
0.606571 3.045795
0.607228 3.050586
0.607521 3.052326
0.607521 3.052326
0.606049 3.045795
0.606665 3.050519
0.606853 3.052243
0.606853 3.052243
0.605526 3.045795
0.606102 3.050452
0.605003 3.045795
0.606186 3.052160
0.606186 3.052160
0.605539 3.050385
0.604481 3.045795
0.605518 3.052077
0.605518 3.052077
0.604976 3.050318
0.603958 3.045795
0.604850 3.051994
0.604850 3.051994
0.604413 3.050251
0.603436 3.045795
0.603849 3.050184
0.604183 3.051911
0.604183 3.051911
0.602913 3.045795
0.603286 3.050117
0.602390 3.045795
0.603515 3.051828
0.603515 3.051828
0.602723 3.050050
0.601868 3.045795
0.602847 3.051745
0.602847 3.051745
0.601345 3.045795
0.602160 3.049983
0.602180 3.051662
0.602180 3.051662
0.600822 3.045795
0.601597 3.049916
0.601512 3.051579
0.601512 3.051579
0.600300 3.045795
0.601034 3.049849
0.599777 3.045795
0.600844 3.051496
0.600844 3.051496
0.600471 3.049782
0.599255 3.045795
0.599907 3.049715
0.600177 3.051413
0.600177 3.051413
0.598732 3.045795
0.599344 3.049648
0.599509 3.051330
0.599509 3.051330
0.598209 3.045795
0.598781 3.049581
0.598842 3.051247
0.598842 3.051247
0.597687 3.045795
0.598218 3.049514
0.597164 3.045795
0.598174 3.051164
0.598174 3.051164
0.597655 3.049447
0.596641 3.045795
0.597506 3.051081
0.597506 3.051081
0.597092 3.049379
0.596119 3.045795
0.596529 3.049312
0.596839 3.050998
0.596839 3.050998
0.595596 3.045795
0.595966 3.049245
0.596171 3.050915
0.596171 3.050915
0.595074 3.045795
0.595402 3.049178
0.594551 3.045795
0.595503 3.050832
0.595503 3.050832
0.594839 3.049111
0.594028 3.045795
0.594836 3.050749
0.594836 3.050749
0.594276 3.049044
0.593506 3.045796
0.594168 3.050667
0.594168 3.050667
0.593713 3.048977
0.592983 3.045796
0.593500 3.050584
0.593500 3.050584
0.593150 3.048910
0.592460 3.045796
0.592587 3.048843
0.591938 3.045796
0.592833 3.050501
0.592833 3.050501
0.592024 3.048776
0.591415 3.045796
0.592165 3.050418
0.592165 3.050418
0.591460 3.048709
0.590893 3.045796
0.591498 3.050335
0.591498 3.050335
0.590370 3.045796
0.590897 3.048642
0.590830 3.050252
0.590830 3.050252
0.589847 3.045796
0.590334 3.048575
0.589325 3.045796
0.590162 3.050169
0.590162 3.050169
0.589771 3.048508
0.588802 3.045796
0.589208 3.048441
0.589495 3.050086
0.589495 3.050086
0.588279 3.045796
0.588645 3.048374
0.588827 3.050003
0.588827 3.050003
0.587757 3.045796
0.588082 3.048307
0.588159 3.049920
0.588159 3.049920
0.587234 3.045796
0.587519 3.048240
0.587492 3.049837
0.587492 3.049837
0.586712 3.045796
0.586955 3.048173
0.586189 3.045796
0.586824 3.049754
0.586824 3.049754
0.586392 3.048106
0.585666 3.045796
0.586156 3.049671
0.586156 3.049671
0.585829 3.048039
0.585144 3.045796
0.585266 3.047972
0.585489 3.049588
0.585489 3.049588
0.584621 3.045796
0.584703 3.047905
0.584821 3.049505
0.584821 3.049505
0.584098 3.045796
0.584140 3.047838
0.583576 3.045796
0.584153 3.049422
0.584153 3.049422
0.583577 3.047771
0.583053 3.045796
0.583486 3.049339
0.583486 3.049339
0.583013 3.047704
0.582531 3.045796
0.582818 3.049256
0.582818 3.049256
0.582450 3.047637
0.582008 3.045796
0.581887 3.047570
0.582151 3.049173
0.582151 3.049173
0.581485 3.045796
0.581324 3.047503
0.580963 3.045796
0.581483 3.049090
0.581483 3.049090
0.580761 3.047436
0.580440 3.045796
0.580815 3.049007
0.580815 3.049007
0.579917 3.045796
0.580198 3.047369
0.580148 3.048924
0.580148 3.048924
0.579395 3.045796
0.579635 3.047302
0.579480 3.048841
0.579480 3.048841
0.578872 3.045796
0.579071 3.047235
0.578350 3.045796
0.578812 3.048758
0.578812 3.048758
0.578508 3.047168
0.577827 3.045796
0.577945 3.047100
0.578145 3.048675
0.578145 3.048675
0.577304 3.045796
0.577382 3.047033
0.577477 3.048592
0.577477 3.048592
0.576782 3.045796
0.576819 3.046966
0.576809 3.048509
0.576809 3.048509
0.576259 3.045796
0.576256 3.046899
0.575736 3.045796
0.576142 3.048426
0.576142 3.048426
0.575693 3.046832
0.575214 3.045796
0.575474 3.048344
0.575474 3.048344
0.575130 3.046765
0.574691 3.045796
0.574566 3.046698
0.574807 3.048261
0.574807 3.048261
0.574169 3.045796
0.574003 3.046631
0.574139 3.048178
0.574139 3.048178
0.573646 3.045796
0.573440 3.046564
0.573123 3.045796
0.573471 3.048095
0.573471 3.048095
0.572877 3.046497
0.572601 3.045796
0.572804 3.048012
0.572804 3.048012
0.572314 3.046430
0.572078 3.045797
0.572136 3.047929
0.572136 3.047929
0.571751 3.046363
0.571555 3.045797
0.571188 3.046296
0.571468 3.047846
0.571468 3.047846
0.571033 3.045797
0.570624 3.046229
0.570510 3.045797
0.570801 3.047763
0.570801 3.047763
0.570061 3.046162
0.569988 3.045797
0.570133 3.047680
0.570133 3.047680
0.569465 3.045797
0.569498 3.046095
0.569465 3.047597
0.569465 3.047597
0.568942 3.045797
0.568935 3.046028
0.568798 3.047514
0.568798 3.047514
0.568420 3.045797
0.568372 3.045961
0.567897 3.045797
0.568130 3.047431
0.568130 3.047431
0.567809 3.045894
0.567374 3.045797
0.567246 3.045827
0.567462 3.047348
0.567462 3.047348
0.566852 3.045797
0.566683 3.045760
0.566795 3.047265
0.566795 3.047265
0.566329 3.045797
0.566119 3.045693
0.566127 3.047182
0.566127 3.047182
0.565807 3.045797
0.565556 3.045626
0.565284 3.045797
0.565460 3.047099
0.565460 3.047099
0.564993 3.045559
0.564761 3.045797
0.564792 3.047016
0.564792 3.047016
0.564430 3.045492
0.564239 3.045797
0.563867 3.045425
0.564124 3.046933
0.564124 3.046933
0.563716 3.045797
0.563304 3.045358
0.563457 3.046850
0.563457 3.046850
0.563193 3.045797
0.562741 3.045291
0.562671 3.045797
0.562789 3.046767
0.562789 3.046767
0.562177 3.045224
0.562148 3.045797
0.562121 3.046684
0.562121 3.046684
0.561614 3.045157
0.561626 3.045797
0.561454 3.046601
0.561454 3.046601
0.561051 3.045090
0.561103 3.045797
0.560786 3.046518
0.560786 3.046518
0.560488 3.045023
0.560580 3.045797
0.559925 3.044956
0.560058 3.045797
0.560118 3.046435
0.560118 3.046435
0.559535 3.045797
0.559362 3.044889
0.559451 3.046352
0.559451 3.046352
0.559012 3.045797
0.558799 3.044821
0.558783 3.046269
0.558783 3.046269
0.558490 3.045797
0.558236 3.044754
0.558116 3.046186
0.558116 3.046186
0.557967 3.045797
0.557672 3.044687
0.557445 3.045797
0.557448 3.046103
0.557448 3.046103
0.557109 3.044620
0.556922 3.045797
0.556546 3.044553
0.556780 3.046021
0.556780 3.046021
0.556780 3.046021
0.556685 3.045965
0.556685 3.045965
0.556590 3.045909
0.556590 3.045909
0.556495 3.045853
0.556495 3.045853
0.556503 3.045967
0.556503 3.045967
0.556399 3.045797
0.556399 3.045797
0.555983 3.044486
0.556227 3.045913
0.556227 3.045913
0.555950 3.045860
0.555950 3.045860
0.555420 3.044419
0.555673 3.045806
0.555673 3.045806
0.555446 3.045522
0.555396 3.045753
0.555396 3.045753
0.555119 3.045699
0.555119 3.045699
0.554857 3.044352
0.554842 3.045646
0.554842 3.045646
0.554565 3.045592
0.554565 3.045592
0.554493 3.045247
0.554294 3.044285
0.554288 3.045539
0.554288 3.045539
0.554012 3.045485
0.554012 3.045485
0.553730 3.044218
0.553735 3.045432
0.553735 3.045432
0.553540 3.044971
0.553458 3.045378
0.553458 3.045378
0.553167 3.044151
0.553181 3.045325
0.553181 3.045325
0.552904 3.045271
0.552904 3.045271
0.552604 3.044084
0.552587 3.044696
0.552627 3.045218
0.552627 3.045218
0.552350 3.045164
0.552350 3.045164
0.552041 3.044017
0.552074 3.045111
0.552074 3.045111
0.551797 3.045057
0.551797 3.045057
0.551634 3.044421
0.551478 3.043950
0.551520 3.045004
0.551520 3.045004
0.551243 3.044950
0.551243 3.044950
0.550915 3.043883
0.550966 3.044897
0.550966 3.044897
0.550681 3.044146
0.550689 3.044843
0.550689 3.044843
0.550352 3.043816
0.550412 3.044790
0.550412 3.044790
0.550135 3.044736
0.550135 3.044736
0.549788 3.043749
0.549729 3.043870
0.549859 3.044683
0.549859 3.044683
0.549582 3.044629
0.549582 3.044629
0.549225 3.043682
0.549305 3.044576
0.549305 3.044576
0.549028 3.044522
0.549028 3.044522
0.548776 3.043595
0.548662 3.043615
0.548751 3.044469
0.548751 3.044469
0.548474 3.044415
0.548474 3.044415
0.548099 3.043548
0.548197 3.044362
0.548197 3.044362
0.547823 3.043320
0.547920 3.044308
0.547920 3.044308
0.547536 3.043481
0.547644 3.044254
0.547644 3.044254
0.547367 3.044201
0.547367 3.044201
0.546973 3.043414
0.547090 3.044147
0.547090 3.044147
0.546870 3.043045
0.546813 3.044094
0.546813 3.044094
0.546536 3.044040
0.546536 3.044040
0.546410 3.043347
0.546259 3.043987
0.546259 3.043987
0.545917 3.042769
0.545982 3.043933
0.545982 3.043933
0.545847 3.043280
0.545706 3.043880
0.545706 3.043880
0.545429 3.043826
0.545429 3.043826
0.545283 3.043213
0.544964 3.042494
0.545152 3.043773
0.545152 3.043773
0.544875 3.043719
0.544875 3.043719
0.544720 3.043146
0.544598 3.043666
0.544598 3.043666
0.544321 3.043612
0.544321 3.043612
0.544011 3.042219
0.544157 3.043079
0.544044 3.043559
0.544044 3.043559
0.543767 3.043505
0.543767 3.043505
0.543594 3.043012
0.543491 3.043452
0.543491 3.043452
0.543058 3.041943
0.543214 3.043398
0.543214 3.043398
0.543031 3.042945
0.542937 3.043345
0.542937 3.043345
0.542660 3.043291
0.542660 3.043291
0.542468 3.042878
0.542105 3.041668
0.542383 3.043238
0.542383 3.043238
0.542106 3.043184
0.542106 3.043184
0.541905 3.042811
0.541829 3.043131
0.541829 3.043131
0.541553 3.043077
0.541553 3.043077
0.541152 3.041393
0.541341 3.042744
0.541276 3.043024
0.541276 3.043024
0.540999 3.042970
0.540999 3.042970
0.540778 3.042677
0.540722 3.042917
0.540722 3.042917
0.540199 3.041118
0.540445 3.042863
0.540445 3.042863
0.540215 3.042610
0.540168 3.042810
0.540168 3.042810
0.539891 3.042756
0.539891 3.042756
0.539652 3.042543
0.539614 3.042703
0.539614 3.042703
0.539246 3.040842
0.539338 3.042649
0.539338 3.042649
0.539089 3.042475
0.539061 3.042595
0.539061 3.042595
0.538784 3.042542
0.538784 3.042542
0.538293 3.040567
0.538526 3.042408
0.538507 3.042488
0.538507 3.042488
0.538230 3.042435
0.538230 3.042435
0.537963 3.042341
0.537953 3.042381