1.541251 3.073168
1.541251 3.073168
1.541014 3.073193
1.541014 3.073193
1.541001 3.073181
1.540776 3.073218
1.540776 3.073218
1.540751 3.073193
1.540538 3.073243
1.540538 3.073243
1.540501 3.073205
1.540300 3.073268
1.540300 3.073268
1.540251 3.073217
1.538617 3.070029
1.540062 3.073293
1.540062 3.073293
1.540000 3.073229
1.539824 3.073318
1.539824 3.073318
1.539750 3.073241
1.539587 3.073343
1.539587 3.073343
1.539500 3.073253
1.539349 3.073368
1.539349 3.073368
1.539250 3.073265
1.537653 3.070251
1.539111 3.073393
1.539111 3.073393
1.539000 3.073277
1.538873 3.073418
1.538873 3.073418
1.538750 3.073289
1.538635 3.073443
1.538635 3.073443
1.538499 3.073301
1.538398 3.073468
1.538398 3.073468
1.538249 3.073313
1.536690 3.070472
1.538160 3.073493
1.538160 3.073493
1.537999 3.073325
1.537922 3.073518
1.537922 3.073518
1.537749 3.073337
1.537684 3.073543
1.537684 3.073543
1.537499 3.073349
1.537446 3.073568
1.537446 3.073568
1.537249 3.073361
1.537209 3.073593
1.537209 3.073593
1.535726 3.070694
1.536998 3.073373
1.536971 3.073618
1.536971 3.073618
1.536748 3.073385
1.536733 3.073643
1.536733 3.073643
1.536498 3.073398
1.536495 3.073668
1.536495 3.073668
1.536248 3.073410
1.536257 3.073693
1.536257 3.073693
1.534763 3.070916
1.535998 3.073422
1.536020 3.073718
1.536020 3.073718
1.535747 3.073434
1.535782 3.073742
1.535782 3.073742
1.535497 3.073446
1.535544 3.073767
1.535544 3.073767
1.535247 3.073458
1.535306 3.073792
1.535306 3.073792
1.534997 3.073470
1.533800 3.071138
1.535068 3.073817
1.535068 3.073817
1.534747 3.073482
1.534831 3.073842
1.534831 3.073842
1.534497 3.073494
1.534593 3.073867
1.534593 3.073867
1.534246 3.073506
1.534355 3.073892
1.534355 3.073892
1.533996 3.073518
1.534117 3.073917
1.534117 3.073917
1.532836 3.071360
1.533746 3.073530
1.533879 3.073942
1.533879 3.073942
1.533496 3.073542
1.533641 3.073967
1.533641 3.073967
1.533246 3.073554
1.533404 3.073992
1.533404 3.073992
1.532995 3.073566
1.533166 3.074017
1.533166 3.074017
1.531873 3.071582
1.532745 3.073578
1.532928 3.074042
1.532928 3.074042
1.532495 3.073590
1.532690 3.074067
1.532690 3.074067
1.532245 3.073602
1.532452 3.074092
1.532452 3.074092
1.531995 3.073615
1.532215 3.074117
1.532215 3.074117
1.530910 3.071804
1.531745 3.073627
1.531977 3.074142
1.531977 3.074142
1.531494 3.073639
1.531739 3.074167
1.531739 3.074167
1.531244 3.073651
1.531501 3.074192
1.531501 3.074192
1.530994 3.073663
1.531263 3.074217
1.531263 3.074217
1.529946 3.072025
1.530744 3.073675
1.531026 3.074242
1.531026 3.074242
1.530788 3.074267
1.530788 3.074267
1.530494 3.073687
1.530550 3.074292
1.530550 3.074292
1.530244 3.073699
1.530312 3.074316
1.530312 3.074316
1.529993 3.073711
1.530074 3.074341
1.530074 3.074341
1.529743 3.073723
1.528983 3.072247
1.529837 3.074366
1.529837 3.074366
1.529493 3.073735
1.529599 3.074391
1.529599 3.074391
1.529243 3.073747
1.529361 3.074416
1.529361 3.074416
1.528993 3.073759
1.529123 3.074441
1.529123 3.074441
1.528742 3.073771
1.528019 3.072469
1.528885 3.074466
1.528885 3.074466
1.528492 3.073783
1.528648 3.074491
1.528648 3.074491
1.528242 3.073795
1.528410 3.074516
1.528410 3.074516
1.527992 3.073807
1.528172 3.074541
1.528172 3.074541
1.527742 3.073819
1.527056 3.072691
1.527934 3.074566
1.527934 3.074566
1.527492 3.073832
1.527696 3.074591
1.527696 3.074591
1.527241 3.073844
1.527458 3.074616
1.527458 3.074616
1.526991 3.073856
1.527221 3.074641
1.527221 3.074641
1.526741 3.073868
1.526983 3.074666
1.526983 3.074666
1.526093 3.072913
1.526491 3.073880
1.526745 3.074691
1.526745 3.074691
1.526241 3.073892
1.526507 3.074716
1.526507 3.074716
1.525991 3.073904
1.526269 3.074741
1.526269 3.074741
1.525740 3.073916
1.526032 3.074766
1.526032 3.074766
1.525129 3.073135
1.525490 3.073928
1.525794 3.074791
1.525794 3.074791
1.525240 3.073940
1.525556 3.074816
1.525556 3.074816
1.524990 3.073952
1.525318 3.074841
1.525318 3.074841
1.524740 3.073964
1.525080 3.074866
1.525080 3.074866
1.524489 3.073976
1.524166 3.073356
1.524843 3.074890
1.524843 3.074890
1.524239 3.073988
1.524605 3.074915
1.524605 3.074915
1.523989 3.074000
1.524367 3.074940
1.524367 3.074940
1.523739 3.074012
1.524129 3.074965
1.524129 3.074965
1.523489 3.074024
1.523202 3.073578
1.523891 3.074990
1.523891 3.074990
1.523239 3.074036
1.523654 3.075015
1.523654 3.075015
1.522988 3.074049
1.523416 3.075040
1.523416 3.075040
1.522738 3.074061
1.523178 3.075065
1.523178 3.075065
1.522488 3.074073
1.522940 3.075090
1.522940 3.075090
1.522239 3.073800
1.522238 3.074085
1.522702 3.075115
1.522702 3.075115
1.521988 3.074097
1.522465 3.075140
1.522465 3.075140
1.521737 3.074109
1.522227 3.075165
1.522227 3.075165
1.521487 3.074121
1.521989 3.075190
1.521989 3.075190
1.521276 3.074022
1.521237 3.074133
1.521751 3.075215
1.521751 3.075215
1.520987 3.074145
1.521513 3.075240
1.521513 3.075240
1.520737 3.074157
1.521275 3.075265
1.521275 3.075265
1.520487 3.074169
1.521038 3.075290
1.521038 3.075290
1.520312 3.074244
1.520800 3.075315
1.520800 3.075315
1.520236 3.074181
1.520562 3.075340
1.520562 3.075340
1.519986 3.074193
1.520324 3.075365
1.520324 3.075365
1.519736 3.074205
1.520086 3.075390
1.520086 3.075390
1.519486 3.074217
1.519849 3.075415
1.519849 3.075415
1.519236 3.074229
1.519349 3.074466
1.519611 3.075440
1.519611 3.075440
1.518986 3.074241
1.519373 3.075464
1.519373 3.075464
1.518735 3.074253
1.519135 3.075489
1.519135 3.075489
1.518485 3.074266
1.518897 3.075514
1.518897 3.075514
1.518235 3.074278
1.518385 3.074688
1.518660 3.075539
1.518660 3.075539
1.517985 3.074290
1.518422 3.075564
1.518422 3.075564
1.517735 3.074302
1.518184 3.075589
1.518184 3.075589
1.517484 3.074314
1.517946 3.075614
1.517946 3.075614
1.517234 3.074326
1.517422 3.074909
1.517708 3.075639
1.517708 3.075639
1.516984 3.074338
1.517471 3.075664
1.517471 3.075664
1.516734 3.074350
1.517233 3.075689
1.517233 3.075689
1.516484 3.074362
1.516995 3.075714
1.516995 3.075714
1.516234 3.074374
1.516459 3.075131
1.516757 3.075739
1.516757 3.075739
1.515983 3.074386
1.516519 3.075764
1.516519 3.075764
1.515733 3.074398
1.516281 3.075789
1.516281 3.075789
1.516242 3.075767
1.516203 3.075745
1.516164 3.075724
1.516124 3.075702
1.515483 3.074410
1.516085 3.075680
1.516046 3.075658
1.516006 3.075636
1.515967 3.075615
1.515928 3.075593
1.515888 3.075571
1.515849 3.075549
1.515810 3.075527
1.515770 3.075506
1.515233 3.074422
1.515731 3.075484
1.515692 3.075462
1.515653 3.075440
1.515613 3.075418
1.515574 3.075397
1.515535 3.075375
1.515495 3.075353
1.514983 3.074434
1.514732 3.074446
1.515375 3.075855
1.514482 3.074458
1.514232 3.074470
1.513982 3.074483
1.514469 3.075920
1.513732 3.074495
1.513482 3.074507
1.513231 3.074519
1.512981 3.074531
1.513563 3.075986
1.512731 3.074543
1.512481 3.074555
1.512231 3.074567
1.511981 3.074579
1.512656 3.076052
1.511730 3.074591
1.511480 3.074603
1.511230 3.074615
1.511750 3.076117
1.510980 3.074627
1.510730 3.074639
1.510479 3.074651
1.510229 3.074663
1.510844 3.076183
1.509979 3.074675
1.509729 3.074687
1.509479 3.074700
1.509229 3.074712
1.509937 3.076249
1.508978 3.074724
1.508728 3.074736
1.508478 3.074748
1.509031 3.076314
1.508228 3.074760
1.507978 3.074772
1.507728 3.074784
1.507477 3.074796
1.508125 3.076380
1.507227 3.074808
1.507218 3.076446
1.506243 3.074884
1.506312 3.076511
1.505259 3.074959
1.505406 3.076577
1.504276 3.075035
1.504500 3.076643
1.503292 3.075111
1.503593 3.076708
1.502308 3.075187
1.502687 3.076774
1.501324 3.075262
1.501781 3.076840
1.500340 3.075338
1.500874 3.076905
1.499356 3.075414
1.499968 3.076971
1.498373 3.075490
1.499062 3.077037
1.498155 3.077102
1.497389 3.075565
1.497249 3.077168
1.496405 3.075641
1.496343 3.077234
1.495421 3.075717
1.495436 3.077299
1.494437 3.075792
1.494530 3.077365
1.493453 3.075868
1.493624 3.077431
1.492470 3.075944
1.492718 3.077496
1.491486 3.076020
1.491811 3.077562
1.490502 3.076095
1.490905 3.077628
1.489518 3.076171
1.489999 3.077693
1.488534 3.076247
1.489092 3.077759
1.487550 3.076323
1.488186 3.077825
1.486567 3.076398
1.487280 3.077890
1.486373 3.077956
1.485583 3.076474
1.485467 3.078022
1.484599 3.076550
1.484561 3.078087
1.483615 3.076625
1.483654 3.078153
1.482631 3.076701
1.482748 3.078219
1.481647 3.076777
1.481842 3.078284
1.480664 3.076853
1.480936 3.078350
1.479680 3.076928
1.480029 3.078416
1.478696 3.077004
1.479123 3.078481
1.477712 3.077080
1.478217 3.078547
1.476728 3.077156
1.477310 3.078613
1.475744 3.077231
1.476404 3.078678
1.475498 3.078744
1.474761 3.077307
1.474591 3.078810
1.473777 3.077383
1.473685 3.078875
1.472793 3.077458
1.472779 3.078941
1.471809 3.077534
1.471872 3.079007
1.470825 3.077610
1.470966 3.079072
1.469841 3.077686
1.470060 3.079138
1.468858 3.077761
1.469154 3.079204
1.467874 3.077837
1.468247 3.079269
1.466890 3.077913
1.467341 3.079335
1.465906 3.077989
1.466435 3.079401
1.464922 3.078064
1.465528 3.079466
1.464622 3.079532
1.463938 3.078140
1.463716 3.079598
1.462955 3.078216
1.462809 3.079663
1.461971 3.078291
1.461903 3.079729
1.460987 3.078367
1.460997 3.079795
1.460003 3.078443
1.460091 3.079860
1.459019 3.078519
1.459184 3.079926
1.458035 3.078594
1.458278 3.079992
1.457052 3.078670
1.457372 3.080057
1.456068 3.078746
1.456465 3.080123
1.455084 3.078821
1.455559 3.080189
1.454100 3.078897
1.454653 3.080254
1.453116 3.078973
1.453746 3.080320
1.452840 3.080386
1.452132 3.079049
1.451934 3.080451
1.451149 3.079124
1.451027 3.080517
1.450165 3.079200
1.450121 3.080583
1.449181 3.079276
1.449215 3.080648
1.448197 3.079352
1.448309 3.080714
1.447213 3.079427
1.447402 3.080780
1.446229 3.079503
1.446496 3.080845
1.445246 3.079579
1.445590 3.080911
1.444262 3.079654
1.444683 3.080977
1.443278 3.079730
1.443777 3.081042
1.442294 3.079806
1.442871 3.081108
1.441964 3.081174
1.441310 3.079882
1.441058 3.081239
1.440326 3.079957
1.440152 3.081305
1.439343 3.080033
1.439245 3.081371
1.438359 3.080109
1.438339 3.081436
1.437375 3.080185
1.437433 3.081502
1.436391 3.080260
1.436527 3.081568
1.435407 3.080336
1.435620 3.081633
1.434423 3.080412
1.434714 3.081699
1.433440 3.080487
1.433808 3.081765
1.432456 3.080563
1.432901 3.081830
1.431472 3.080639
1.431995 3.081896
1.431089 3.081962
1.430488 3.080715
1.430182 3.082027
1.429504 3.080790
1.429276 3.082093
1.428520 3.080866
1.428370 3.082159
1.427537 3.080942
1.427463 3.082224
1.426553 3.081018
1.426557 3.082290
1.425569 3.081093
1.425651 3.082356
1.424585 3.081169
1.424745 3.082421
1.423601 3.081245
1.423838 3.082487
1.422617 3.081320
1.422932 3.082553
1.421634 3.081396
1.422026 3.082618
1.420650 3.081472
1.421119 3.082684
1.419666 3.081548
1.420213 3.082750
1.419307 3.082815
1.418682 3.081623
1.418400 3.082881
1.417698 3.081699
1.417494 3.082947
1.416714 3.081775
1.416588 3.083012
1.415731 3.081851
1.415681 3.083078
1.414747 3.081926
1.414775 3.083144
1.413763 3.082002
1.413869 3.083209
1.412779 3.082078
1.412963 3.083275
1.411795 3.082153
1.412056 3.083341
1.410811 3.082229
1.411150 3.083406
1.409827 3.082305
1.410244 3.083472
1.408844 3.082381
1.409337 3.083538
1.408431 3.083603
1.407860 3.082456
1.407525 3.083669
1.406876 3.082532
1.406618 3.083735
1.405892 3.082608
1.405712 3.083800
1.404908 3.082684
1.404806 3.083866
1.403924 3.082759
1.403900 3.083932
1.402941 3.082835
1.402993 3.083997
1.401957 3.082911
1.402087 3.084063
1.400973 3.082986
1.401181 3.084129
1.399989 3.083062
1.400274 3.084194
1.399005 3.083138
1.399368 3.084260
1.398021 3.083214
1.398462 3.084326
1.397555 3.084391
1.397038 3.083289
1.396649 3.084457
1.396054 3.083365
1.395743 3.084523
1.395070 3.083441
1.394836 3.084588
1.394086 3.083517
1.393930 3.084654
1.393102 3.083592
1.393024 3.084720
1.392118 3.083668
1.392118 3.084785
1.391135 3.083744
1.391211 3.084851
1.390151 3.083819
1.390305 3.084917
1.389167 3.083895
1.389399 3.084982
1.388183 3.083971
1.388492 3.085048
1.387199 3.084047
1.387586 3.085114
1.386215 3.084122
1.386680 3.085179
1.385773 3.085245
1.385232 3.084198
1.384867 3.085311
1.384248 3.084274
1.383961 3.085376
1.383264 3.084350
1.383054 3.085442
1.382280 3.084425
1.382148 3.085508
1.381296 3.084501
1.381242 3.085573
1.380312 3.084577
1.380336 3.085639
1.379329 3.084652
1.379429 3.085705
1.378345 3.084728
1.378523 3.085770
1.377361 3.084804
1.377617 3.085836
1.376377 3.084880
1.376710 3.085902
1.375393 3.084955
1.375804 3.085967
1.374898 3.086033
1.374409 3.085031
1.373991 3.086099
1.373426 3.085107
1.373085 3.086164
1.372442 3.085183
1.372179 3.086230
1.371458 3.085258
1.371272 3.086296
1.370474 3.085334
1.370366 3.086361
1.369490 3.085410
1.369460 3.086427
1.368506 3.085485
1.368554 3.086493
1.367523 3.085561
1.367647 3.086558
1.366539 3.085637
1.366741 3.086624
1.365555 3.085713
1.365835 3.086690
1.364571 3.085788
1.364928 3.086755
1.364022 3.086821
1.363587 3.085864
1.363116 3.086887
1.362603 3.085940
1.362209 3.086952
1.361620 3.086015
1.361303 3.087018
1.360636 3.086091
1.360397 3.087084
1.359652 3.086167
1.359491 3.087149
1.358668 3.086243
1.358584 3.087215
1.357684 3.086318
1.357678 3.087281
1.356700 3.086394
1.356772 3.087346
1.355717 3.086470
1.355865 3.087412
1.354733 3.086546
1.354959 3.087478
1.353749 3.086621
1.354053 3.087543
1.352765 3.086697
1.353146 3.087609
1.352240 3.087675
1.351781 3.086773
1.351334 3.087740
1.350797 3.086848
1.350427 3.087806
1.349814 3.086924
1.349521 3.087872
1.348830 3.087000
1.348615 3.087937
1.347846 3.087076
1.347709 3.088003
1.346862 3.087151
1.346802 3.088069
1.345878 3.087227
1.345896 3.088134
1.344894 3.087303
1.344990 3.088200
1.343911 3.087379
1.344083 3.088266
1.342927 3.087454
1.343177 3.088331
1.341943 3.087530
1.342271 3.088397
1.341364 3.088463
1.340959 3.087606
1.340458 3.088528
1.339975 3.087681
1.339552 3.088594
1.338991 3.087757
1.338645 3.088660
1.338008 3.087833
1.337739 3.088725
1.337024 3.087909
1.336833 3.088791
1.336040 3.087984
1.335927 3.088857
1.335056 3.088060
1.335020 3.088922
1.334072 3.088136
1.334114 3.088988
1.333088 3.088212
1.333208 3.089054
1.332105 3.088287
1.332301 3.089119
1.331121 3.088363
1.331395 3.089185
1.330489 3.089251
1.330137 3.088439
1.329582 3.089316
1.329153 3.088514
1.328676 3.089382
1.328169 3.088590
1.327770 3.089448
1.327185 3.088666
1.326863 3.089513
1.326202 3.088742
1.325957 3.089579
1.325218 3.088817
1.325051 3.089645
1.324234 3.088893
1.324145 3.089710
1.323250 3.088969
1.323238 3.089776
1.322266 3.089045
1.322332 3.089842
1.321282 3.089120
1.321426 3.089907
1.320299 3.089196
1.320519 3.089973
1.319315 3.089272
1.319613 3.090039
1.318707 3.090104
1.318331 3.089347
1.317800 3.090170
1.317347 3.089423
1.316894 3.090236
1.316363 3.089499
1.315988 3.090301
1.315379 3.089575
1.315081 3.090367
1.314395 3.089650
1.314175 3.090433
1.313412 3.089726
1.313269 3.090498
1.312428 3.089802
1.312363 3.090564
1.311444 3.089878
1.311456 3.090630
1.310460 3.089953
1.310550 3.090695
1.309476 3.090029
1.309644 3.090761
1.308492 3.090105
1.308737 3.090827
1.307831 3.090892
1.307509 3.090180
1.306925 3.090958
1.306525 3.090256
1.306018 3.091024
1.305541 3.090332
1.305112 3.091089
1.304557 3.090408
1.304206 3.091155
1.303573 3.090483
1.303300 3.091221
1.302589 3.090559
1.302393 3.091286
1.301606 3.090635
1.301487 3.091352
1.300622 3.090711
1.300581 3.091418
1.299638 3.090786
1.299674 3.091483
1.298654 3.090862
1.298768 3.091549
1.297670 3.090938
1.297862 3.091615
1.296686 3.091013
1.296955 3.091680
1.296955 3.091680
1.296849 3.091681
1.296849 3.091681
1.296743 3.091682
1.296743 3.091682
1.296636 3.091683
1.296636 3.091683
1.296530 3.091684
1.296530 3.091684
1.296423 3.091685
1.296423 3.091685
1.296317 3.091686
1.296317 3.091686
1.296233 3.091709
1.296211 3.091687
1.296211 3.091687
1.296104 3.091688
1.296104 3.091688
1.295998 3.091689
1.295998 3.091689
1.295703 3.091089
1.295891 3.091690
1.295891 3.091690
1.295785 3.091691
1.295785 3.091691
1.295679 3.091692
1.295679 3.091692
1.295572 3.091693
1.295572 3.091693
1.295510 3.091737
1.295466 3.091694
1.295466 3.091694
1.295359 3.091695
1.295359 3.091695
1.295253 3.091696
1.295253 3.091696
1.295147 3.091696
1.295147 3.091696
1.295040 3.091697
1.295040 3.091697
1.294719 3.091165
1.294934 3.091698
1.294934 3.091698
1.294828 3.091699
1.294828 3.091699
1.294788 3.091766
1.294721 3.091700
1.294721 3.091700
1.294615 3.091701
1.294615 3.091701
1.294508 3.091702
1.294508 3.091702
1.294402 3.091703
1.294402 3.091703
1.294296 3.091704
1.294296 3.091704
1.294189 3.091705
1.294189 3.091705
1.294083 3.091706
1.294083 3.091706
1.294065 3.091794
1.293976 3.091707
1.293976 3.091707
1.293735 3.091241
1.293870 3.091708
1.293870 3.091708
1.293764 3.091709
1.293764 3.091709
1.293657 3.091710
1.293657 3.091710
1.293551 3.091711
1.293551 3.091711
1.293444 3.091712
1.293444 3.091712
1.293338 3.091713
1.293338 3.091713
1.293342 3.091822
1.293232 3.091714
1.293232 3.091714
1.293125 3.091715
1.293125 3.091715
1.293019 3.091716
1.293019 3.091716
1.292751 3.091316
1.292912 3.091716
1.292912 3.091716
1.292806 3.091717
1.292806 3.091717
1.292700 3.091718
1.292700 3.091718
1.292593 3.091719
1.292593 3.091719
1.292620 3.091851
1.292487 3.091720
1.292487 3.091720
1.292381 3.091721
1.292381 3.091721
1.292274 3.091722
1.292274 3.091722
1.292168 3.091723
1.292168 3.091723
1.292061 3.091724
1.292061 3.091724
1.291955 3.091725
1.291955 3.091725
1.291767 3.091392
1.291849 3.091726
1.291849 3.091726
1.291897 3.091879
1.291742 3.091727
1.291742 3.091727
1.291636 3.091728
1.291636 3.091728
1.291529 3.091729
1.291529 3.091729
1.291423 3.091730
1.291423 3.091730
1.291317 3.091731
1.291317 3.091731
1.291210 3.091732
1.291210 3.091732
1.291104 3.091733
1.291104 3.091733
1.291175 3.091908
1.290997 3.091734
1.290997 3.091734
1.290783 3.091468
1.290891 3.091735
1.290891 3.091735
1.290785 3.091735
1.290785 3.091735
1.290678 3.091736
1.290678 3.091736
1.290572 3.091737
1.290572 3.091737
1.290465 3.091738
1.290465 3.091738
1.290452 3.091936
1.290359 3.091739
1.290359 3.091739
1.290253 3.091740
1.290253 3.091740
1.290146 3.091741
1.290146 3.091741
1.290040 3.091742
1.290040 3.091742
1.289933 3.091743
1.289933 3.091743
1.289800 3.091544
1.289827 3.091744
1.289827 3.091744
1.289721 3.091745
1.289721 3.091745
1.289730 3.091964
1.289614 3.091746
1.289614 3.091746
1.289508 3.091747
1.289508 3.091747
1.289402 3.091748
1.289402 3.091748
1.289295 3.091749
1.289295 3.091749
1.289189 3.091750
1.289189 3.091750
1.289082 3.091751
1.289082 3.091751
1.288976 3.091752
1.288976 3.091752
1.289007 3.091993
1.288816 3.091619
1.288870 3.091753
1.288870 3.091753
1.288763 3.091754
1.288763 3.091754
1.288657 3.091755
1.288657 3.091755
1.288550 3.091755
1.288550 3.091755
1.288444 3.091756
1.288444 3.091756
1.288338 3.091757
1.288338 3.091757
1.288231 3.091758
1.288231 3.091758
1.288284 3.092021
1.288125 3.091759
1.288125 3.091759
1.288018 3.091760
1.288018 3.091760
1.287912 3.091761
1.287912 3.091761
1.287832 3.091695
1.287806 3.091762
1.287806 3.091762
1.287699 3.091763
1.287699 3.091763
1.287593 3.091764
1.287593 3.091764
1.287486 3.091765
1.287486 3.091765
1.287562 3.092050
1.287380 3.091766
1.287380 3.091766
1.287274 3.091767
1.287274 3.091767
1.287167 3.091768
1.287167 3.091768
1.287061 3.091769
1.287061 3.091769
1.286955 3.091770
1.286955 3.091770
1.286848 3.091771
1.286848 3.091771
1.286839 3.092078
1.286117 3.092106
1.285851 3.091807
1.285394 3.092135
1.284854 3.091844
1.284671 3.092163
1.283857 3.091880
1.283949 3.092192
1.283226 3.092220
1.282861 3.091917
1.282504 3.092249
1.281864 3.091954
1.281781 3.092277
1.281058 3.092305
1.280867 3.091990
1.280336 3.092334
1.279870 3.092027
1.279613 3.092362
1.278873 3.092063
1.278891 3.092391
1.278168 3.092419
1.277876 3.092100
1.277446 3.092447
1.276879 3.092137
1.276723 3.092476
1.275882 3.092173
1.276000 3.092504
1.275278 3.092533
1.274885 3.092210
1.274555 3.092561
1.273889 3.092246
1.273833 3.092589
1.273110 3.092618
1.272892 3.092283
1.272387 3.092646
1.271895 3.092320
1.271665 3.092675
1.270898 3.092356
1.270942 3.092703
1.270220 3.092732
1.269901 3.092393
1.269497 3.092760
1.268904 3.092429
1.268775 3.092788
1.268052 3.092817
1.267907 3.092466
1.267329 3.092845
1.266910 3.092503
1.266607 3.092874
1.265913 3.092539
1.265884 3.092902
1.265162 3.092930
1.264917 3.092576
1.264439 3.092959
1.263920 3.092612
1.263716 3.092987
1.262923 3.092649
1.262994 3.093016
1.262271 3.093044
1.261926 3.092686
1.261549 3.093072
1.260929 3.092722
1.260826 3.093101
1.260104 3.093129
1.259932 3.092759
1.259381 3.093158
1.258935 3.092795
1.258658 3.093186
1.257938 3.092832
1.257936 3.093215
1.257213 3.093243
1.256942 3.092869
1.256491 3.093271
1.255945 3.092905
1.255768 3.093300
1.254948 3.092942
1.255045 3.093328
1.254323 3.093357
1.253951 3.092978
1.253600 3.093385
1.252954 3.093015
1.252878 3.093413
1.252155 3.093442
1.251957 3.093052
1.251432 3.093470
1.250960 3.093088
1.250710 3.093499
1.249963 3.093125
1.249987 3.093527
1.249265 3.093555
1.248966 3.093161
1.248542 3.093584
1.247970 3.093198
1.247820 3.093612
1.246973 3.093235
1.247097 3.093641
1.246374 3.093669
1.245976 3.093271
1.245652 3.093697
1.244979 3.093308
1.244929 3.093726
1.244207 3.093754
1.243982 3.093344
1.243484 3.093783
1.242985 3.093381
1.242761 3.093811
1.241988 3.093418
1.242039 3.093840
1.241316 3.093868
1.240991 3.093454
1.240594 3.093896
1.239994 3.093491
1.239871 3.093925
1.238998 3.093527
1.239149 3.093953
1.238426 3.093982
1.238001 3.093564
1.237703 3.094010
1.237004 3.093601
1.236981 3.094038
1.236258 3.094067
1.236007 3.093637
1.235536 3.094095
1.235010 3.093674
1.234813 3.094124
1.234013 3.093710
1.234090 3.094152
1.233368 3.094180
1.233016 3.093747
1.232645 3.094209
1.232019 3.093784
1.231923 3.094237
1.231200 3.094266
1.231022 3.093820
1.230477 3.094294
1.230026 3.093857
1.229755 3.094323
1.229029 3.093893
1.229032 3.094351
1.228310 3.094379
1.228032 3.093930
1.227587 3.094408
1.227035 3.093967
1.226865 3.094436
1.226038 3.094003
1.226142 3.094465
1.225419 3.094493
1.225041 3.094040
1.224697 3.094521
1.224044 3.094076
1.223974 3.094550
1.223252 3.094578
1.223047 3.094113
1.222529 3.094607
1.222050 3.094150
1.221806 3.094635
1.221054 3.094186
1.221084 3.094663
1.220361 3.094692
1.220057 3.094223
1.219639 3.094720
1.219060 3.094259
1.218916 3.094749
1.218063 3.094296
1.218194 3.094777
1.217471 3.094806
1.217066 3.094333
1.216748 3.094834
1.216069 3.094369
1.216026 3.094862
1.215303 3.094891
1.215072 3.094406
1.214581 3.094919
1.214075 3.094442
1.213858 3.094948
1.213079 3.094479
1.213135 3.094976
1.212413 3.095004
1.212082 3.094516
1.211690 3.095033
1.211085 3.094552
1.210968 3.095061
1.210088 3.094589
1.210245 3.095090
1.209523 3.095118
1.209091 3.094625
1.208800 3.095146
1.208094 3.094662
1.208077 3.095175
1.207355 3.095203
1.207097 3.094699
1.206632 3.095232
1.206100 3.094735
1.205910 3.095260
1.205103 3.094772
1.205187 3.095289
1.204464 3.095317
1.204107 3.094808
1.203742 3.095345
1.203110 3.094845
1.203019 3.095374
1.202113 3.094882
1.202297 3.095402
1.201574 3.095431
1.201116 3.094918
1.200851 3.095459
1.200119 3.094955
1.200129 3.095487
1.199406 3.095516
1.199122 3.094991
1.198684 3.095544
1.198125 3.095028
1.197961 3.095573
1.197128 3.095065
1.197239 3.095601
1.196516 3.095629
1.196131 3.095101
1.195793 3.095658
1.195135 3.095138
1.195071 3.095686
1.194348 3.095715
1.194138 3.095174
1.193626 3.095743
1.193141 3.095211
1.192903 3.095772
1.192144 3.095248
1.192180 3.095800
1.191458 3.095828
1.191147 3.095284
1.190735 3.095857
1.190150 3.095321
1.190013 3.095885
1.189153 3.095357
1.189290 3.095914
1.188568 3.095942
1.188156 3.095394
1.187845 3.095970
1.187159 3.095431
1.187122 3.095999
1.186400 3.096027
1.186163 3.095467
1.185677 3.096056
1.185166 3.095504
1.184955 3.096084
1.184169 3.095540
1.184232 3.096112
1.183509 3.096141
1.183172 3.095577
1.182787 3.096169
1.182175 3.095614
1.182064 3.096198
1.181178 3.095650
1.181342 3.096226
1.180619 3.096255
1.180181 3.095687
1.179897 3.096283
1.179184 3.095723
1.179174 3.096311
1.178451 3.096340
1.178187 3.095760
1.177729 3.096368
1.177191 3.095797
1.177006 3.096397
1.176194 3.095833
1.176284 3.096425
1.175561 3.096453
1.175197 3.095870
1.174838 3.096482
1.174200 3.095906
1.174116 3.096510
1.173203 3.095943
1.173393 3.096539
1.172671 3.096567
1.172206 3.095980
1.171948 3.096595
1.171209 3.096016
1.171225 3.096624
1.170503 3.096652
1.170212 3.096053
1.169780 3.096681
1.169216 3.096089
1.169058 3.096709
1.168219 3.096126
1.168335 3.096737
1.167613 3.096766
1.167222 3.096163
1.166890 3.096794
1.166225 3.096199
1.166167 3.096823
1.165228 3.096236
1.165445 3.096851
1.164722 3.096880
1.164231 3.096272
1.164000 3.096908
1.163234 3.096309
1.163277 3.096936
1.162554 3.096965
1.162237 3.096346
1.161832 3.096993
1.161240 3.096382
1.161109 3.097022
1.160244 3.096419
1.160387 3.097050
1.159664 3.097078
1.159247 3.096455
1.158942 3.097107
1.158250 3.096492
1.158219 3.097135
1.157496 3.097164
1.157253 3.096529
1.156774 3.097192
1.156256 3.096565
1.156051 3.097220
1.155259 3.096602
1.155329 3.097249
1.154606 3.097277
1.154262 3.096638
1.153883 3.097306
1.153265 3.096675
1.153161 3.097334
1.152268 3.096712
1.152438 3.097363
1.151716 3.097391
1.151272 3.096748
1.150993 3.097419
1.150275 3.096785
1.150270 3.097448
1.149548 3.097476
1.149278 3.096821
1.148825 3.097505
1.148281 3.096858
1.148103 3.097533
1.147284 3.096895
1.147380 3.097561
1.146658 3.097590
1.146287 3.096931
1.145935 3.097618
1.145290 3.096968
1.145212 3.097647
1.144293 3.097004
1.144490 3.097675
1.143767 3.097703
1.143296 3.097041
1.143045 3.097732
1.142300 3.097078
1.142322 3.097760
1.141599 3.097789
1.141303 3.097114
1.140877 3.097817
1.140306 3.097151
1.140154 3.097846
1.139309 3.097187
1.139432 3.097874
1.138709 3.097902
1.138312 3.097224
1.137987 3.097931
1.137315 3.097261
1.137264 3.097959
1.136318 3.097297
1.136541 3.097988
1.135819 3.098016
1.135321 3.097334
1.135096 3.098044
1.134324 3.097370
1.134374 3.098073
1.133651 3.098101
1.133328 3.097407
1.132928 3.098130
1.132331 3.097444
1.132206 3.098158
1.131334 3.097480
1.131483 3.098186
1.130761 3.098215
1.130337 3.097517
1.130523 3.098031
1.130038 3.098243
1.129840 3.098090
1.129547 3.097947
1.129340 3.097553
1.129316 3.098272
1.129157 3.098149
1.128571 3.097864
1.128343 3.097590
1.128593 3.098300
1.128474 3.098208
1.127870 3.098329
1.127791 3.098267
1.127596 3.097780
1.127346 3.097627
1.127148 3.098357
1.127108 3.098326
1.126620 3.097696
1.126349 3.097663
1.126425 3.098385
1.126425 3.098385
1.125644 3.097612
1.125353 3.097700
1.125570 3.098415
1.125570 3.098415
1.124668 3.097529
1.124716 3.098445
1.124716 3.098445
1.124356 3.097736
1.123693 3.097445
1.123861 3.098474
1.123861 3.098474
1.123359 3.097773
1.122717 3.097361
1.123006 3.098504
1.123006 3.098504
1.122362 3.097810
1.121741 3.097278
1.122151 3.098533
1.122151 3.098533
1.121365 3.097846
1.121296 3.098563
1.121296 3.098563
1.120766 3.097194
1.120368 3.097883
1.120441 3.098592
1.120441 3.098592
1.119790 3.097110
1.119371 3.097919
1.119587 3.098622
1.119587 3.098622
1.118814 3.097027
1.118732 3.098652
1.118732 3.098652
1.118374 3.097956
1.117838 3.096943
1.117877 3.098681
1.117877 3.098681
1.117377 3.097993
1.116863 3.096859
1.117022 3.098711
1.117022 3.098711
1.116381 3.098029
1.115870 3.096798
1.116167 3.098740
1.116167 3.098740
1.115384 3.098066
1.114878 3.096737
1.115312 3.098770
1.115312 3.098770
1.113885 3.096676
1.114387 3.098102
1.114458 3.098800
1.114458 3.098800
1.112893 3.096615
1.113390 3.098139
1.113603 3.098829
1.113603 3.098829
1.112748 3.098859
1.112748 3.098859
1.111900 3.096554
1.112393 3.098176
1.111893 3.098888
1.111893 3.098888
1.110908 3.096494
1.111396 3.098212
1.111038 3.098918
1.111038 3.098918
1.109916 3.096433
1.110399 3.098249
1.110184 3.098948
1.110184 3.098948
1.108923 3.096372
1.109402 3.098285
1.109329 3.098977
1.109329 3.098977
1.107931 3.096311
1.108405 3.098322
1.108474 3.099007
1.108474 3.099007
1.106938 3.096250
1.107409 3.098359
1.107619 3.099036
1.107619 3.099036
1.105946 3.096189
1.106764 3.099066
1.106764 3.099066
1.106412 3.098395
1.104953 3.096128
1.105909 3.099096
1.105909 3.099096
1.105415 3.098432
1.105055 3.099125
1.105055 3.099125
1.103961 3.096067
1.104418 3.098468
1.104200 3.099155
1.104200 3.099155
1.102968 3.096006
1.103421 3.098505
1.103345 3.099184
1.103345 3.099184
1.101976 3.095945
1.102424 3.098542
1.102490 3.099214
1.102490 3.099214
1.100984 3.095884
1.101427 3.098578
1.101635 3.099243
1.101635 3.099243
1.099991 3.095823
1.100780 3.099273
1.100780 3.099273
1.100430 3.098615
1.098999 3.095762
1.099926 3.099303
1.099926 3.099303
1.099433 3.098651
1.098006 3.095701
1.099071 3.099332
1.099071 3.099332
1.098437 3.098688
1.097014 3.095640
1.098216 3.099362
1.098216 3.099362
1.097440 3.098725
1.096021 3.095579
1.097361 3.099391
1.097361 3.099391
1.096443 3.098761
1.096506 3.099421
1.096506 3.099421
1.095029 3.095518
1.095446 3.098798
1.095652 3.099451
1.095652 3.099451
1.094036 3.095457
1.094797 3.099480
1.094797 3.099480
1.094449 3.098834
1.094449 3.098834
1.094371 3.098840
1.094371 3.098840
1.094293 3.098846
1.094293 3.098846
1.093044 3.095396
1.094214 3.098852
1.094214 3.098852
1.094136 3.098858
1.094136 3.098858
1.094058 3.098863
1.094058 3.098863
1.093979 3.098869
1.093979 3.098869
1.093901 3.098875
1.093901 3.098875
1.093823 3.098881
1.093823 3.098881
1.093745 3.098886
1.093745 3.098886
1.093942 3.099510
1.093942 3.099510
1.093666 3.098892
1.093666 3.098892
1.093588 3.098898
1.093588 3.098898
1.093468 3.098759
1.093510 3.098904
1.093510 3.098904
1.093432 3.098910
1.093432 3.098910
1.093353 3.098915
1.093353 3.098915
1.092051 3.095335
1.093275 3.098921
1.093275 3.098921
1.093197 3.098927
1.093197 3.098927
1.093119 3.098933
1.093119 3.098933
1.093040 3.098939
1.093040 3.098939
1.092962 3.098944
1.092962 3.098944
1.092884 3.098950
1.092884 3.098950
1.093087 3.099539
1.093087 3.099539
1.092805 3.098956
1.092805 3.098956
1.092727 3.098962
1.092727 3.098962
1.092649 3.098967
1.092649 3.098967
1.092487 3.098683
1.092571 3.098973
1.092571 3.098973
1.092492 3.098979
1.092492 3.098979
1.092414 3.098985
1.092414 3.098985
1.091059 3.095275
1.092336 3.098991
1.092336 3.098991
1.092258 3.098996
1.092258 3.098996
1.092179 3.099002
1.092179 3.099002
1.092101 3.099008
1.092101 3.099008
1.092232 3.099569
1.092232 3.099569
1.092023 3.099014
1.092023 3.099014
1.091945 3.099020
1.091945 3.099020
1.091866 3.099025
1.091866 3.099025
1.091788 3.099031
1.091788 3.099031
1.091710 3.099037
1.091710 3.099037
1.091506 3.098607
1.091631 3.099043
1.091631 3.099043
1.091553 3.099048
1.091553 3.099048
1.091475 3.099054
1.091475 3.099054
1.090067 3.095214
1.091397 3.099060
1.091397 3.099060
1.091318 3.099066
1.091318 3.099066
1.091240 3.099072
1.091240 3.099072
1.091377 3.099599
1.091377 3.099599
1.091162 3.099077
1.091162 3.099077
1.091084 3.099083
1.091084 3.099083
1.091005 3.099089
1.091005 3.099089
1.090927 3.099095
1.090927 3.099095
1.090849 3.099100
1.090849 3.099100
1.090771 3.099106
1.090771 3.099106
1.090526 3.098531
1.090692 3.099112
1.090692 3.099112
1.090614 3.099118
1.090614 3.099118
1.090536 3.099124
1.090536 3.099124
1.089074 3.095153
1.090457 3.099129
1.090457 3.099129
1.090379 3.099135
1.090379 3.099135
1.090523 3.099628
1.090523 3.099628
1.090301 3.099141
1.090301 3.099141
1.090223 3.099147
1.090223 3.099147
1.090144 3.099153
1.090144 3.099153
1.090066 3.099158
1.090066 3.099158
1.089988 3.099164
1.089988 3.099164
1.089910 3.099170
1.089910 3.099170
1.089831 3.099176
1.089831 3.099176
1.089545 3.098456
1.089753 3.099181
1.089753 3.099181
1.089675 3.099187
1.089675 3.099187
1.089597 3.099193
1.089597 3.099193
1.088082 3.095092
1.089518 3.099199
1.089518 3.099199
1.089668 3.099658
1.089668 3.099658
1.089440 3.099205
1.089440 3.099205
1.089362 3.099210
1.089362 3.099210
1.089284 3.099216
1.089284 3.099216
1.089205 3.099222
1.089205 3.099222
1.089127 3.099228
1.089127 3.099228
1.089049 3.099233
1.089049 3.099233
1.088970 3.099239
1.088970 3.099239
1.088892 3.099245
1.088892 3.099245
1.088564 3.098380
1.088814 3.099251
1.088814 3.099251
1.088736 3.099257
1.088736 3.099257
1.088813 3.099687
1.088813 3.099687
1.088657 3.099262
1.088657 3.099262
1.088579 3.099268
1.088579 3.099268
1.087089 3.095031
1.088501 3.099274
1.088501 3.099274
1.088423 3.099280
1.088423 3.099280
1.088344 3.099286
1.088344 3.099286
1.088266 3.099291
1.088266 3.099291
1.088188 3.099297
1.088188 3.099297
1.088110 3.099303
1.088110 3.099303
1.088031 3.099309
1.088031 3.099309
1.087953 3.099314
1.087953 3.099314
1.087583 3.098304
1.087875 3.099320
1.087875 3.099320
1.087958 3.099717
1.087958 3.099717
1.087796 3.099326
1.087796 3.099326
1.087718 3.099332
1.087718 3.099332
1.087640 3.099338
1.087640 3.099338
1.086097 3.094970
1.087562 3.099343
1.087562 3.099343
1.087483 3.099349
1.087483 3.099349
1.087405 3.099355
1.087405 3.099355
1.087327 3.099361
1.087327 3.099361
1.087249 3.099367
1.087249 3.099367
1.087170 3.099372
1.087170 3.099372
1.087092 3.099378
1.087092 3.099378
1.087014 3.099384
1.087014 3.099384
1.086602 3.098228
1.087103 3.099747
1.087103 3.099747
1.086936 3.099390
1.086936 3.099390
1.086857 3.099395
1.086857 3.099395
1.086779 3.099401
1.086779 3.099401
1.086701 3.099407
1.086701 3.099407
1.085104 3.094909
1.086622 3.099413
1.086622 3.099413
1.086544 3.099419
1.086544 3.099419
1.086466 3.099424
1.086466 3.099424
1.086388 3.099430
1.086388 3.099430
1.086309 3.099436
1.086309 3.099436
1.086231 3.099442
1.086231 3.099442
1.086153 3.099447
1.086153 3.099447
1.086248 3.099776
1.086248 3.099776
1.085621 3.098153
1.086075 3.099453
1.086075 3.099453
1.085996 3.099459
1.085996 3.099459
1.085918 3.099465
1.085918 3.099465
1.085840 3.099471
1.085840 3.099471
1.085762 3.099476
1.085762 3.099476
1.084112 3.094848
1.085683 3.099482
1.085683 3.099482
1.085605 3.099488
1.085605 3.099488
1.085527 3.099494
1.085527 3.099494
1.085449 3.099500
1.085449 3.099500
1.085370 3.099505
1.085370 3.099505
1.085292 3.099511
1.085292 3.099511
1.085394 3.099806
1.085394 3.099806
1.085214 3.099517
1.085214 3.099517
1.084640 3.098077
1.085135 3.099523
1.085135 3.099523
1.085057 3.099528
1.085057 3.099528
1.084979 3.099534
1.084979 3.099534
1.084901 3.099540
1.084901 3.099540
1.084822 3.099546
1.084822 3.099546
1.083119 3.094787
1.084744 3.099552
1.084744 3.099552
1.084666 3.099557
1.084666 3.099557
1.084588 3.099563
1.084588 3.099563
1.084509 3.099569
1.084509 3.099569
1.084539 3.099835
1.084539 3.099835
1.084431 3.099575
1.084431 3.099575
1.084353 3.099580
1.084353 3.099580
1.084275 3.099586
1.084275 3.099586
1.083659 3.098001
1.084196 3.099592
1.084196 3.099592
1.084118 3.099598
1.084118 3.099598
1.084040 3.099604
1.084040 3.099604
1.083961 3.099609
1.083961 3.099609
1.083883 3.099615
1.083883 3.099615
1.082127 3.094726
1.083805 3.099621
1.083805 3.099621
1.083727 3.099627
1.083727 3.099627
1.083648 3.099633
1.083648 3.099633
1.083684 3.099865
1.083684 3.099865
1.083570 3.099638
1.083570 3.099638
1.083492 3.099644
1.083492 3.099644
1.083414 3.099650
1.083414 3.099650
1.083335 3.099656
1.083335 3.099656
1.082679 3.097925
1.083257 3.099661
1.083257 3.099661
1.083179 3.099667
1.083179 3.099667
1.083101 3.099673
1.083101 3.099673
1.083022 3.099679
1.083022 3.099679
1.082944 3.099685
1.082944 3.099685
1.081135 3.094665
1.082866 3.099690
1.082866 3.099690
1.082787 3.099696
1.082787 3.099696
1.082829 3.099895
1.082829 3.099895
1.082709 3.099702
1.082709 3.099702
1.082631 3.099708
1.082631 3.099708
1.082553 3.099713
1.082553 3.099713
1.082474 3.099719
1.082474 3.099719
1.082396 3.099725
1.082396 3.099725
1.081698 3.097850
1.082318 3.099731
1.082318 3.099731
1.082240 3.099737
1.082240 3.099737
1.082161 3.099742
1.082161 3.099742
1.082083 3.099748
1.082083 3.099748
1.082005 3.099754
1.082005 3.099754
1.080142 3.094604
1.081927 3.099760
1.081927 3.099760
1.081974 3.099924
1.081974 3.099924
1.081848 3.099766
1.081848 3.099766
1.081770 3.099771
1.081770 3.099771
1.081692 3.099777
1.081692 3.099777
1.081613 3.099783
1.081613 3.099783
1.081535 3.099789
1.081535 3.099789
1.081457 3.099794
1.081457 3.099794
1.080717 3.097774
1.081379 3.099800
1.081379 3.099800
1.081300 3.099806
1.081300 3.099806
1.081222 3.099812
1.081222 3.099812
1.081144 3.099818
1.081144 3.099818
1.081120 3.099954
1.081120 3.099954
1.081066 3.099823
1.081066 3.099823
1.079150 3.094543
1.080987 3.099829
1.080987 3.099829
1.080909 3.099835
1.080909 3.099835
1.080831 3.099841
1.080831 3.099841
1.080753 3.099847
1.080753 3.099847
1.080674 3.099852
1.080674 3.099852
1.080596 3.099858
1.080596 3.099858
1.080518 3.099864
1.080518 3.099864
1.079736 3.097698
1.080440 3.099870
1.080440 3.099870
1.080361 3.099875
1.080361 3.099875
1.080283 3.099881
1.080283 3.099881
1.080265 3.099983
1.080265 3.099983
1.080205 3.099887
1.080205 3.099887
1.080126 3.099893
1.080126 3.099893
1.080048 3.099899
1.080048 3.099899
1.078157 3.094482
1.079970 3.099904
1.079970 3.099904
1.079892 3.099910
1.079892 3.099910
1.079813 3.099916
1.079813 3.099916
1.079735 3.099922
1.079735 3.099922
1.079657 3.099927
1.079657 3.099927
1.079579 3.099933
1.079579 3.099933
1.078755 3.097622
1.079500 3.099939
1.079500 3.099939
1.079422 3.099945
1.079422 3.099945
1.079410 3.100013
1.079410 3.100013
1.079344 3.099951
1.079344 3.099951
1.079266 3.099956
1.079266 3.099956
1.079187 3.099962
1.079187 3.099962
1.079109 3.099968
1.079109 3.099968
1.077165 3.094421
1.079031 3.099974
1.079031 3.099974
1.078952 3.099980
1.078952 3.099980
1.078874 3.099985
1.078874 3.099985
1.078796 3.099991
1.078796 3.099991
1.078718 3.099997
1.078718 3.099997
1.078639 3.100003
1.078639 3.100003
1.077774 3.097547
1.078561 3.100008
1.078561 3.100008
1.078555 3.100042
1.078555 3.100042
1.078483 3.100014
1.078483 3.100014
1.078405 3.100020
1.078405 3.100020
1.078326 3.100026
1.078326 3.100026
1.078248 3.100032
1.078248 3.100032
1.078170 3.100037
1.078170 3.100037
1.076172 3.094360
1.078092 3.100043
1.078092 3.100043
1.078013 3.100049
1.078013 3.100049
1.077935 3.100055
1.077935 3.100055
1.077857 3.100060
1.077857 3.100060
1.077778 3.100066
1.077778 3.100066
1.077700 3.100072
1.077700 3.100072