3.544627 0.269172
3.544756 0.269852
3.544770 0.270155
3.544884 0.270532
3.544914 0.271139
3.545013 0.271213
3.545141 0.271893
3.545057 0.272122
3.545270 0.272573
3.545201 0.273105
3.545398 0.273253
3.545527 0.273933
3.545344 0.274088
3.545655 0.274614
3.545488 0.275072
3.545784 0.275294
3.545912 0.275974
3.545631 0.276055
3.546041 0.276654
3.545775 0.277038
3.546170 0.277334
3.546298 0.278015
3.545918 0.278022
3.546427 0.278695
3.546062 0.279005
3.546555 0.279375
3.546205 0.279988
3.546684 0.280055
3.546812 0.280735
3.546349 0.280971
3.546941 0.281416
3.546492 0.281955
3.547069 0.282096
3.547198 0.282776
3.546636 0.282938
3.547326 0.283456
3.546779 0.283921
3.547455 0.284136
3.547584 0.284817
3.546923 0.284905
3.547712 0.285497
3.547066 0.285888
3.547841 0.286177
3.547969 0.286857
3.547210 0.286871
3.548098 0.287537
3.547353 0.287854
3.548226 0.288218
3.548355 0.288898
3.547497 0.288838
3.548483 0.289578
3.547640 0.289821
3.548612 0.290258
3.547784 0.290804
3.548740 0.290938
3.548869 0.291619
3.547927 0.291788
3.548998 0.292299
3.548071 0.292771
3.549126 0.292979
3.549255 0.293659
3.548214 0.293754
3.549383 0.294339
3.548358 0.294737
3.549512 0.295020
3.549640 0.295700
3.548501 0.295721
3.549769 0.296380
3.548645 0.296704
3.549897 0.297060
3.550026 0.297740
3.548788 0.297687
3.550154 0.298421
3.548932 0.298671
3.550283 0.299101
3.549075 0.299654
3.550412 0.299781
3.550540 0.300461
3.549219 0.300637
3.550669 0.301141
3.549362 0.301620
3.550797 0.301822
3.550926 0.302502
3.549506 0.302604
3.551054 0.303182
3.549649 0.303587
3.551183 0.303862
3.551311 0.304542
3.549793 0.304570
3.551440 0.305223
3.549936 0.305554
3.551568 0.305903
3.551697 0.306583
3.550080 0.306537
3.551826 0.307263
3.550223 0.307520
3.551954 0.307943
3.552083 0.308624
3.550367 0.308503
3.552211 0.309304
3.550510 0.309487
3.552340 0.309984
3.550654 0.310470
3.552468 0.310664
3.552597 0.311344
3.550797 0.311453
3.552725 0.312025
3.550941 0.312437
3.552854 0.312705
3.552982 0.313385
3.551084 0.313420
3.553111 0.314065
3.551228 0.314403
3.553240 0.314745
3.553368 0.315426
3.551371 0.315386
3.553497 0.316106
3.551515 0.316370
3.553625 0.316786
3.553754 0.317466
3.551658 0.317353
3.553882 0.318146
3.551802 0.318336
3.554011 0.318827
3.554139 0.319507
3.551945 0.319320
3.554268 0.320187
3.552089 0.320303
3.554396 0.320867
3.552232 0.321286
3.554525 0.321547
3.554654 0.322228
3.552376 0.322269
3.554782 0.322908
3.552519 0.323253
3.554911 0.323588
3.555039 0.324268
3.552663 0.324236
3.555168 0.324948
3.552806 0.325219
3.555296 0.325629
3.555425 0.326309
3.552950 0.326203
3.555553 0.326989
3.553093 0.327186
3.555682 0.327669
3.555810 0.328349
3.553237 0.328169
3.555939 0.329030
3.553380 0.329152
3.556068 0.329710
3.553524 0.330136
3.556196 0.330390
3.556325 0.331070
3.553667 0.331119
3.556453 0.331750
3.553811 0.332102
3.556582 0.332431
3.556710 0.333111
3.553954 0.333086
3.556839 0.333791
3.554098 0.334069
3.556967 0.334471
3.557096 0.335151
3.554241 0.335052
3.557224 0.335832
3.554385 0.336035
3.557353 0.336512
3.557482 0.337192
3.554528 0.337019
3.557610 0.337872
3.554672 0.338002
3.557739 0.338552
3.557867 0.339233
3.554815 0.338985
3.557996 0.339913
3.554959 0.339969
3.558124 0.340593
3.555102 0.340952
3.558253 0.341273
3.558381 0.341953
3.555246 0.341935
3.558510 0.342634
3.555389 0.342918
3.558638 0.343314
3.558767 0.343994
3.555533 0.343902
3.558896 0.344674
3.555676 0.344885
3.559024 0.345354
3.559153 0.346035
3.555820 0.345868
3.559281 0.346715
3.555963 0.346852
3.559410 0.347395
3.559538 0.348075
3.556107 0.347835
3.559667 0.348755
3.556250 0.348818
3.559795 0.349436
3.559924 0.350116
3.556393 0.349801
3.560052 0.350796
3.556537 0.350785
3.560181 0.351476
3.556680 0.351768
3.560310 0.352156
3.560438 0.352837
3.556824 0.352751
3.560567 0.353517
3.556967 0.353735
3.560695 0.354197
3.560824 0.354877
3.557111 0.354718
3.560952 0.355557
3.557254 0.355701
3.561081 0.356238
3.561209 0.356918
3.557398 0.356684
3.561338 0.357598
3.557541 0.357668
3.561466 0.358278
3.561595 0.358958
3.557685 0.358651
3.561724 0.359638
3.557828 0.359634
3.561852 0.360319
3.561981 0.360999
3.557972 0.360618
3.562109 0.361679
3.558115 0.361601
3.562238 0.362359
3.558259 0.362584
3.562366 0.363039
3.562495 0.363720
3.558402 0.363567
3.562623 0.364400
3.558546 0.364551
3.562752 0.365080
3.562880 0.365760
3.558689 0.365534
3.563009 0.366440
3.558833 0.366517
3.563138 0.367121
3.563266 0.367801
3.558976 0.367501
3.563395 0.368481
3.559120 0.368484
3.563523 0.369161
3.563652 0.369841
3.559263 0.369467
3.563780 0.370522
3.559407 0.370450
3.563909 0.371202
3.564037 0.371882
3.559550 0.371434
3.564166 0.372562
3.559694 0.372417
3.564294 0.373242
3.559837 0.373400
3.564423 0.373923
3.564552 0.374603
3.559981 0.374384
3.564680 0.375283
3.560124 0.375367
3.564809 0.375963
3.564937 0.376643
3.560268 0.376350
3.565066 0.377324
3.560411 0.377333
3.565194 0.378004
3.565323 0.378684
3.560555 0.378317
3.565451 0.379364
3.560698 0.379300
3.565580 0.380044
3.565708 0.380725
3.560842 0.380283
3.565837 0.381405
3.560985 0.381267
3.565966 0.382085
3.566094 0.382765
3.561129 0.382250
3.566223 0.383445
3.561272 0.383233
3.566351 0.384126
3.561416 0.384216
3.566480 0.384806
3.566608 0.385486
3.561559 0.385200
3.566737 0.386166
3.561703 0.386183
3.566865 0.386846
3.566994 0.387527
3.561846 0.387166
3.567122 0.388207
3.561990 0.388150
3.567251 0.388887
3.567380 0.389567
3.562133 0.389133
3.567508 0.390247
3.562277 0.390116
3.567637 0.390928
3.567765 0.391608
3.562420 0.391099
3.567894 0.392288
3.562564 0.392083
3.568022 0.392968
3.568151 0.393648
3.562707 0.393066
3.568279 0.394329
3.562851 0.394049
3.568408 0.395009
3.562994 0.395033
3.568536 0.395689
3.568665 0.396369
3.563138 0.396016
3.568794 0.397049
3.563281 0.396999
3.568922 0.397730
3.569051 0.398410
3.563425 0.397982
3.569179 0.399090
3.563568 0.398966
3.569308 0.399770
3.569436 0.400450
3.563712 0.399949
3.569565 0.401131
3.563855 0.400932
3.569693 0.401811
3.569822 0.402491
3.563999 0.401916
3.569950 0.403171
3.564142 0.402899
3.570079 0.403851
3.570208 0.404532
3.564286 0.403882
3.570336 0.405212
3.564429 0.404865
3.570465 0.405892
3.564573 0.405849
3.570593 0.406572
3.570722 0.407252
3.564716 0.406832
3.570850 0.407933
3.564860 0.407815
3.570979 0.408613
3.571107 0.409293
3.565003 0.408799
3.571236 0.409973
3.565147 0.409782
3.571364 0.410653
3.571493 0.411334
3.565290 0.410765
3.571622 0.412014
3.565434 0.411748
3.571750 0.412694
3.571879 0.413374
3.565577 0.412732
3.572007 0.414054
3.565721 0.413715
3.572136 0.414735
3.572264 0.415415
3.565864 0.414698
3.572393 0.416095
3.566008 0.415682
3.572521 0.416775
3.566151 0.416665
3.572650 0.417455
3.572778 0.418136
3.566295 0.417648
3.572907 0.418816
3.566438 0.418631
3.573036 0.419496
3.573164 0.420176
3.566582 0.419615
3.573293 0.420856
3.566725 0.420598
3.573421 0.421537
3.573550 0.422217
3.566869 0.421581
3.573678 0.422897
3.567012 0.422564
3.573807 0.423577
3.573935 0.424257
3.567156 0.423548
3.574064 0.424938
3.567299 0.424531
3.574192 0.425618
3.574321 0.426298
3.567443 0.425514
3.574450 0.426978
3.567586 0.426498
3.574578 0.427658
3.567730 0.427481
3.574707 0.428339
3.574835 0.429019
3.567873 0.428464
3.574964 0.429699
3.568017 0.429447
3.575092 0.430379
3.575221 0.431059
3.568160 0.430431
3.575349 0.431740
3.568303 0.431414
3.575478 0.432420
3.575606 0.433100
3.568447 0.432397
3.575735 0.433780
3.568590 0.433381
3.575864 0.434460
3.575992 0.435141
3.568734 0.434364
3.576121 0.435821
3.568877 0.435347
3.576249 0.436501
3.576378 0.437181
3.569021 0.436330
3.576531 0.438082
3.569164 0.437314
3.576685 0.438983
3.569308 0.438297
3.576839 0.439883
3.569451 0.439280
3.576992 0.440784
3.569595 0.440264
3.577146 0.441685
3.569738 0.441247
3.577300 0.442586
3.569882 0.442230
3.577454 0.443486
3.570025 0.443213
3.577607 0.444387
3.570169 0.444197
3.577761 0.445288
3.570312 0.445180
3.577915 0.446189
3.578068 0.447089
3.570456 0.446163
3.578222 0.447990
3.570599 0.447147
3.578376 0.448891
3.570743 0.448130
3.578529 0.449792
3.570886 0.449113
3.578683 0.450693
3.571030 0.450096
3.578726 0.451185
3.578768 0.451678
3.571173 0.451080
3.578811 0.452170
3.578853 0.452663
3.571317 0.452063
3.578896 0.453156
3.578939 0.453648
3.571460 0.453046
3.578981 0.454141
3.579024 0.454634
3.571604 0.454030
3.579066 0.455126
3.579109 0.455619
3.571747 0.455013
3.579151 0.456112
3.579194 0.456604
3.571891 0.455996
3.579237 0.457097
3.579279 0.457590
3.572043 0.456977
3.579322 0.458082
3.579364 0.458575
3.572196 0.457957
3.579407 0.459067
3.579450 0.459560
3.572349 0.458938
3.579492 0.460053
3.579535 0.460545
3.572501 0.459919
3.579577 0.461038
3.579620 0.461531
3.572654 0.460899
3.579663 0.462023
3.579705 0.462516
3.572807 0.461880
3.579748 0.463009
3.579790 0.463501
3.572959 0.462861
3.579833 0.463994
3.579876 0.464487
3.573112 0.463841
3.579918 0.464979
3.579961 0.465472
3.573265 0.464822
3.580003 0.465964
3.580046 0.466457
3.573417 0.465803
3.580088 0.466950
3.580131 0.467442
3.573570 0.466783
3.580174 0.467935
3.580216 0.468428
3.573722 0.467764
3.580259 0.468920
3.580301 0.469413
3.573875 0.468745
3.580344 0.469906
3.580387 0.470398
3.574028 0.469725
3.580429 0.470891
3.580472 0.471384
3.574180 0.470706
3.580514 0.471876
3.580557 0.472369
3.574333 0.471687
3.580600 0.472861
3.580642 0.473354
3.574486 0.472667
3.580685 0.473847
3.580727 0.474339
3.574638 0.473648
3.580770 0.474832
3.580813 0.475325
3.574791 0.474629
3.580855 0.475817
3.580898 0.476310
3.574943 0.475609
3.580940 0.476803
3.580983 0.477295
3.575096 0.476590
3.581026 0.477788
3.581068 0.478281
3.575249 0.477571
3.581111 0.478773
3.581153 0.479266
3.575401 0.478551
3.581196 0.479758
3.581238 0.480251
3.575554 0.479532
3.581281 0.480744
3.581324 0.481236
3.575707 0.480513
3.581366 0.481729
3.581409 0.482222
3.575859 0.481493
3.581451 0.482714
3.581494 0.483207
3.576012 0.482474
3.581537 0.483700
3.576165 0.483454
3.581579 0.484192
3.581622 0.484685
3.576317 0.484435
3.581664 0.485178
3.581707 0.485670
3.576470 0.485416
3.581750 0.486163
3.581792 0.486655
3.576622 0.486396
3.581835 0.487148
3.581877 0.487641
3.576775 0.487377
3.581920 0.488133
3.581963 0.488626
3.576928 0.488358
3.582005 0.489119
3.582048 0.489611
3.577080 0.489338
3.582090 0.490104
3.582133 0.490597
3.577233 0.490319
3.582176 0.491089
3.582218 0.491582
3.577386 0.491300
3.582261 0.492075
3.582303 0.492567
3.577538 0.492280
3.582346 0.493060
3.582388 0.493552
3.577691 0.493261
3.582431 0.494045
3.582474 0.494538
3.577843 0.494242
3.582516 0.495030
3.582559 0.495523
3.577996 0.495222
3.582601 0.496016
3.582644 0.496508
3.578149 0.496203
3.582687 0.497001
3.582729 0.497494
3.578301 0.497184
3.582772 0.497986
3.582814 0.498479
3.578454 0.498164
3.582857 0.498972
3.582900 0.499464
3.578607 0.499145
3.582942 0.499957
3.582985 0.500449
3.578759 0.500126
3.583027 0.500942
3.583070 0.501435
3.578912 0.501106
3.583113 0.501927
3.583155 0.502420
3.579065 0.502087
3.583198 0.502913
3.583240 0.503405
3.579217 0.503068
3.583283 0.503898
3.583325 0.504391
3.579370 0.504048
3.583368 0.504883
3.583411 0.505376
3.579522 0.505029
3.583453 0.505869
3.583496 0.506361
3.579675 0.506009
3.583538 0.506854
3.583581 0.507346
3.579828 0.506990
3.583624 0.507839
3.583666 0.508332
3.579980 0.507971
3.583709 0.508824
3.583751 0.509317
3.580133 0.508951
3.583794 0.509810
3.583837 0.510302
3.580286 0.509932
3.583879 0.510795
3.583922 0.511288
3.580438 0.510913
3.583964 0.511780
3.584007 0.512273
3.580591 0.511893
3.584050 0.512766
3.584092 0.513258
3.580743 0.512874
3.584135 0.513751
3.584177 0.514243
3.580896 0.513855
3.584220 0.514736
3.584263 0.515229
3.581049 0.514835
3.584305 0.515721
3.584348 0.516214
3.581201 0.515816
3.584390 0.516707
3.584433 0.517199
3.581354 0.516797
3.584475 0.517692
3.584518 0.518185
3.581507 0.517777
3.584561 0.518677
3.584603 0.519170
3.581659 0.518758
3.584646 0.519663
3.584688 0.520155
3.581812 0.519739
3.584731 0.520648
3.581965 0.520719
3.584774 0.521140
3.584816 0.521633
3.582117 0.521700
3.584859 0.522126
3.584901 0.522618
3.582270 0.522681
3.584944 0.523111
3.584987 0.523604
3.582422 0.523661
3.585029 0.524096
3.585072 0.524589
3.582575 0.524642
3.585114 0.525082
3.585157 0.525574
3.582728 0.525623
3.585200 0.526067
3.585242 0.526560
3.582880 0.526603
3.585285 0.527052
3.585327 0.527545
3.583033 0.527584
3.585370 0.528037
3.585413 0.528530
3.585413 0.528530
3.585399 0.528675
3.585399 0.528675
3.585385 0.528821
3.585385 0.528821
3.583186 0.528564
3.585371 0.528966
3.585371 0.528966
3.585357 0.529111
3.585357 0.529111
3.585343 0.529256
3.585343 0.529256
3.585329 0.529402
3.585329 0.529402
3.585478 0.529526
3.585315 0.529547
3.585315 0.529547
3.585301 0.529692
3.585301 0.529692
3.583338 0.529545
3.585287 0.529837
3.585287 0.529837
3.585273 0.529983
3.585273 0.529983
3.585259 0.530128
3.585259 0.530128
3.585245 0.530273
3.585245 0.530273
3.585231 0.530418
3.585231 0.530418
3.585544 0.530522
3.585217 0.530564
3.585217 0.530564
3.585203 0.530709
3.585203 0.530709
3.583491 0.530526
3.585189 0.530854
3.585189 0.530854
3.585175 0.530999
3.585175 0.530999
3.585161 0.531145
3.585161 0.531145
3.585147 0.531290
3.585147 0.531290
3.585133 0.531435
3.585133 0.531435
3.585610 0.531518
3.585119 0.531580
3.585119 0.531580
3.583643 0.531506
3.585105 0.531726
3.585105 0.531726
3.585091 0.531871
3.585091 0.531871
3.585077 0.532016
3.585077 0.532016
3.585063 0.532161
3.585063 0.532161
3.585049 0.532307
3.585049 0.532307
3.585676 0.532514
3.585035 0.532452
3.585035 0.532452
3.585021 0.532597
3.585021 0.532597
3.583796 0.532487
3.585007 0.532742
3.585007 0.532742
3.584993 0.532888
3.584993 0.532888
3.584979 0.533033
3.584979 0.533033
3.584965 0.533178
3.584965 0.533178
3.584951 0.533323
3.584951 0.533323
3.585741 0.533510
3.584937 0.533469
3.584937 0.533469
3.583949 0.533468
3.584923 0.533614
3.584923 0.533614
3.584909 0.533759
3.584909 0.533759
3.584895 0.533904
3.584895 0.533904
3.584881 0.534050
3.584881 0.534050
3.584867 0.534195
3.584867 0.534195
3.584853 0.534340
3.584853 0.534340
3.585807 0.534506
3.584839 0.534485
3.584839 0.534485
3.584101 0.534448
3.584825 0.534631
3.584825 0.534631
3.584811 0.534776
3.584811 0.534776
3.584797 0.534921
3.584797 0.534921
3.584783 0.535066
3.584783 0.535066
3.584769 0.535212
3.584769 0.535212
3.585873 0.535502
3.584755 0.535357
3.584755 0.535357
3.584254 0.535429
3.584741 0.535502
3.584741 0.535502
3.584727 0.535647
3.584727 0.535647
3.584713 0.535793
3.584713 0.535793
3.584699 0.535938
3.584699 0.535938
3.584685 0.536083
3.584685 0.536083
3.584671 0.536228
3.584671 0.536228
3.585939 0.536498
3.584657 0.536374
3.584657 0.536374
3.584407 0.536410
3.584643 0.536519
3.584643 0.536519
3.584629 0.536664
3.584629 0.536664
3.584615 0.536809
3.584615 0.536809
3.584601 0.536955
3.584601 0.536955
3.584587 0.537100
3.584587 0.537100
3.584573 0.537245
3.584573 0.537245
3.586004 0.537494
3.584559 0.537390
3.584559 0.537390
3.586070 0.538490
3.584617 0.538374
3.586136 0.539486
3.584675 0.539357
3.586202 0.540482
3.584733 0.540340
3.586268 0.541478
3.584792 0.541323
3.586333 0.542474
3.584850 0.542307
3.586399 0.543470
3.584908 0.543290
3.586465 0.544466
3.584966 0.544273
3.586531 0.545462
3.585024 0.545257
3.586596 0.546458
3.585082 0.546240
3.586662 0.547454
3.585140 0.547223
3.585198 0.548206
3.586728 0.548450
3.585256 0.549190
3.586794 0.549446
3.585314 0.550173
3.586859 0.550442
3.585372 0.551156
3.586925 0.551438
3.585430 0.552139
3.586991 0.552434
3.585488 0.553123
3.587057 0.553430
3.585547 0.554106
3.587123 0.554426
3.585605 0.555089
3.587188 0.555422
3.585663 0.556072
3.587254 0.556418
3.585721 0.557056
3.587320 0.557414
3.585779 0.558039
3.587386 0.558410
3.585837 0.559022
3.587451 0.559406
3.585895 0.560006
3.587517 0.560402
3.585953 0.560989
3.587583 0.561398
3.586011 0.561972
3.587649 0.562394
3.586069 0.562955
3.587714 0.563390
3.586127 0.563939
3.587780 0.564386
3.586185 0.564922
3.587846 0.565382
3.586243 0.565905
3.587912 0.566378
3.586302 0.566888
3.587978 0.567374
3.586360 0.567872
3.588043 0.568370
3.586418 0.568855
3.588109 0.569366
3.586476 0.569838
3.588175 0.570362
3.586534 0.570822
3.588241 0.571358
3.586592 0.571805
3.588306 0.572354
3.586650 0.572788
3.588372 0.573350
3.586708 0.573771
3.588438 0.574346
3.586766 0.574755
3.588504 0.575342
3.586824 0.575738
3.588569 0.576338
3.586882 0.576721
3.588635 0.577334
3.586940 0.577704
3.588701 0.578330
3.586998 0.578688
3.588767 0.579326
3.587057 0.579671
3.588833 0.580322
3.587115 0.580654
3.588898 0.581318
3.587173 0.581638
3.588964 0.582314
3.587231 0.582621
3.589030 0.583310
3.587289 0.583604
3.589096 0.584306
3.587347 0.584587
3.589161 0.585302
3.587405 0.585571
3.589227 0.586298
3.587463 0.586554
3.589293 0.587294
3.587521 0.587537
3.589359 0.588290
3.587579 0.588520
3.589424 0.589286
3.587637 0.589504
3.589490 0.590282
3.587695 0.590487
3.589556 0.591278
3.587753 0.591470
3.589622 0.592274
3.587811 0.592454
3.589688 0.593270
3.587870 0.593437
3.589753 0.594266
3.587928 0.594420
3.589819 0.595262
3.587986 0.595403
3.589885 0.596258
3.588044 0.596387
3.589951 0.597254
3.588102 0.597370
3.590016 0.598250
3.588160 0.598353
3.590082 0.599246
3.588218 0.599336
3.590148 0.600242
3.588276 0.600320
3.590214 0.601238
3.588334 0.601303
3.590279 0.602234
3.588392 0.602286
3.590345 0.603230
3.588450 0.603269
3.590411 0.604226
3.588508 0.604253
3.590477 0.605222
3.588566 0.605236
3.590543 0.606218
3.588625 0.606219
3.590608 0.607214
3.588683 0.607203
3.590674 0.608210
3.588741 0.608186
3.590740 0.609206
3.588799 0.609169
3.590806 0.610202
3.588857 0.610152
3.590871 0.611198
3.588915 0.611136
3.590937 0.612194
3.588973 0.612119
3.591003 0.613190
3.589031 0.613102
3.591069 0.614186
3.589089 0.614085
3.591134 0.615182
3.589147 0.615069
3.591200 0.616178
3.589205 0.616052
3.591266 0.617174
3.589263 0.617035
3.591332 0.618170
3.589321 0.618019
3.591398 0.619166
3.589380 0.619002
3.591463 0.620162
3.589438 0.619985
3.591529 0.621158
3.589496 0.620968
3.591595 0.622154
3.589554 0.621952
3.591661 0.623150
3.589612 0.622935
3.591726 0.624146
3.589670 0.623918
3.591792 0.625142
3.589728 0.624901
3.591858 0.626138
3.589786 0.625885
3.591924 0.627134
3.589844 0.626868
3.591989 0.628130
3.589902 0.627851
3.592055 0.629126
3.589960 0.628835
3.592121 0.630122
3.590018 0.629818
3.592187 0.631118
3.590076 0.630801
3.592253 0.632114
3.590135 0.631784
3.592318 0.633110
3.590193 0.632768
3.592384 0.634106
3.590251 0.633751
3.592450 0.635102
3.590309 0.634734
3.592516 0.636098
3.590367 0.635717
3.590425 0.636701
3.592581 0.637094
3.590483 0.637684
3.592647 0.638090
3.590541 0.638667
3.592713 0.639086
3.590599 0.639650
3.592779 0.640082
3.590657 0.640634
3.592844 0.641078
3.590715 0.641617
3.592910 0.642074
3.590773 0.642600
3.592976 0.643070
3.590831 0.643584
3.593042 0.644066
3.590889 0.644567
3.593108 0.645062
3.590948 0.645550
3.593173 0.646058
3.591006 0.646533
3.593239 0.647054
3.591064 0.647517
3.593305 0.648050
3.591122 0.648500
3.593371 0.649046
3.591180 0.649483
3.593436 0.650042
3.591238 0.650466
3.593502 0.651038
3.591296 0.651450
3.593568 0.652034
3.591354 0.652433
3.593634 0.653030
3.591412 0.653416
3.593699 0.654026
3.591470 0.654400
3.593765 0.655021
3.591528 0.655383
3.593831 0.656017
3.591586 0.656366
3.593897 0.657013
3.591644 0.657349
3.591644 0.657349
3.593963 0.658009
3.591695 0.658324
3.591708 0.658347
3.591708 0.658347
3.594028 0.659005
3.591747 0.659298
3.591771 0.659345
3.591771 0.659345
3.594094 0.660001
3.591798 0.660273
3.591834 0.660343
3.591834 0.660343
3.594160 0.660997
3.591849 0.661248
3.591898 0.661341
3.591898 0.661341
3.594226 0.661993
3.591900 0.662222
3.591961 0.662339
3.591961 0.662339
3.594291 0.662989
3.591951 0.663197
3.592024 0.663337
3.592024 0.663337
3.594357 0.663985
3.592002 0.664171
3.592087 0.664335
3.592087 0.664335
3.594423 0.664981
3.592053 0.665146
3.592151 0.665333
3.592151 0.665333
3.594489 0.665977
3.592104 0.666120
3.592214 0.666331
3.592214 0.666331
3.594554 0.666973
3.592155 0.667095
3.592277 0.667329
3.592277 0.667329
3.594620 0.667969
3.592206 0.668069
3.592340 0.668327
3.592340 0.668327
3.594686 0.668965
3.592257 0.669044
3.592404 0.669324
3.592404 0.669324
3.594752 0.669961
3.592308 0.670019
3.592467 0.670322
3.592467 0.670322
3.594818 0.670957
3.592359 0.670993
3.592530 0.671320
3.592530 0.671320
3.594883 0.671953
3.592410 0.671968
3.592594 0.672318
3.592594 0.672318
3.594949 0.672949
3.592461 0.672942
3.592657 0.673316
3.592657 0.673316
3.595015 0.673945
3.592512 0.673917
3.592720 0.674314
3.592720 0.674314
3.595081 0.674941
3.592563 0.674891
3.592783 0.675312
3.592783 0.675312
3.595146 0.675937
3.592614 0.675866
3.592847 0.676310
3.592847 0.676310
3.595212 0.676933
3.592665 0.676840
3.592910 0.677308
3.592910 0.677308
3.595278 0.677929
3.592716 0.677815
3.592973 0.678306
3.592973 0.678306
3.595344 0.678925
3.592767 0.678789
3.593037 0.679304
3.593037 0.679304
3.595409 0.679921
3.592818 0.679764
3.593100 0.680302
3.593100 0.680302
3.595475 0.680917
3.592869 0.680739
3.593163 0.681300
3.593163 0.681300
3.595541 0.681913
3.592920 0.681713
3.593226 0.682297
3.593226 0.682297
3.595607 0.682909
3.592971 0.682688
3.593290 0.683295
3.593290 0.683295
3.595673 0.683905
3.593022 0.683662
3.593353 0.684293
3.593353 0.684293
3.595738 0.684901
3.593073 0.684637
3.593416 0.685291
3.593416 0.685291
3.595804 0.685897
3.593124 0.685611
3.593479 0.686289
3.593479 0.686289
3.595870 0.686893
3.593175 0.686586
3.593543 0.687287
3.593543 0.687287
3.595936 0.687889
3.593226 0.687560
3.593606 0.688285
3.593606 0.688285
3.596001 0.688885
3.593277 0.688535
3.593669 0.689283
3.593669 0.689283
3.596067 0.689881
3.593328 0.689510
3.593733 0.690281
3.593733 0.690281
3.596133 0.690877
3.593379 0.690484
3.593796 0.691279
3.593796 0.691279
3.596199 0.691873
3.593430 0.691459
3.593859 0.692277
3.593859 0.692277
3.596264 0.692869
3.593481 0.692433
3.593922 0.693275
3.593922 0.693275
3.596330 0.693865
3.593532 0.693408
3.593986 0.694273
3.593986 0.694273
3.596396 0.694861
3.593583 0.694382
3.594049 0.695271
3.594049 0.695271
3.596462 0.695857
3.593634 0.695357
3.594112 0.696268
3.594112 0.696268
3.596528 0.696853
3.593685 0.696331
3.594175 0.697266
3.594175 0.697266
3.596593 0.697849
3.593736 0.697306
3.594239 0.698264
3.594239 0.698264
3.593787 0.698280
3.596659 0.698845
3.594302 0.699262
3.594302 0.699262
3.593838 0.699255
3.596725 0.699841
3.594365 0.700260
3.594365 0.700260
3.593889 0.700230
3.596791 0.700837
3.594429 0.701258
3.594429 0.701258
3.593940 0.701204
3.596856 0.701833
3.594492 0.702256
3.594492 0.702256
3.593991 0.702179
3.596922 0.702829
3.594042 0.703153
3.594555 0.703254
3.594555 0.703254
3.596988 0.703825
3.594093 0.704128
3.594618 0.704252
3.594618 0.704252
3.597054 0.704821
3.594144 0.705102
3.594682 0.705250
3.594682 0.705250
3.597119 0.705817
3.594195 0.706077
3.594745 0.706248
3.594745 0.706248
3.597185 0.706813
3.594246 0.707051
3.594808 0.707246
3.594808 0.707246
3.597251 0.707809
3.594297 0.708026
3.594872 0.708244
3.594872 0.708244
3.597317 0.708805
3.594348 0.709001
3.594935 0.709241
3.594935 0.709241
3.597383 0.709801
3.594399 0.709975
3.594998 0.710239
3.594998 0.710239
3.597448 0.710797
3.594450 0.710950
3.595061 0.711237
3.595061 0.711237
3.597514 0.711793
3.594501 0.711924
3.595125 0.712235
3.595125 0.712235
3.597580 0.712789
3.594552 0.712899
3.595188 0.713233
3.595188 0.713233
3.597646 0.713785
3.594604 0.713873
3.595251 0.714231
3.595251 0.714231
3.597711 0.714781
3.594655 0.714848
3.595314 0.715229
3.595314 0.715229
3.597777 0.715777
3.594706 0.715822
3.595378 0.716227
3.595378 0.716227
3.597843 0.716773
3.594757 0.716797
3.595441 0.717225
3.595441 0.717225
3.597909 0.717769
3.594808 0.717772
3.595504 0.718223
3.595504 0.718223
3.597974 0.718765
3.594859 0.718746
3.595568 0.719221
3.595568 0.719221
3.598040 0.719761
3.594910 0.719721
3.595631 0.720219
3.595631 0.720219
3.598106 0.720757
3.594961 0.720695
3.595694 0.721217
3.595694 0.721217
3.598172 0.721753
3.595012 0.721670
3.595757 0.722215
3.595757 0.722215
3.598238 0.722749
3.595063 0.722644
3.595821 0.723212
3.595821 0.723212
3.598303 0.723745
3.595114 0.723619
3.595884 0.724210
3.595884 0.724210
3.598369 0.724741
3.595165 0.724593
3.595947 0.725208
3.595947 0.725208
3.598435 0.725737
3.595216 0.725568
3.596010 0.726206
3.596010 0.726206
3.598501 0.726733
3.595267 0.726542
3.596074 0.727204
3.596074 0.727204
3.598566 0.727729
3.595318 0.727517
3.596137 0.728202
3.596137 0.728202
3.598632 0.728725
3.595369 0.728492
3.596200 0.729200
3.596200 0.729200
3.598698 0.729721
3.595420 0.729466
3.596264 0.730198
3.596264 0.730198
3.598764 0.730717
3.595471 0.730441
3.596327 0.731196
3.596327 0.731196
3.598829 0.731713
3.595522 0.731415
3.596390 0.732194
3.596390 0.732194
3.598895 0.732709
3.595573 0.732390
3.596453 0.733192
3.596453 0.733192
3.598961 0.733705
3.595624 0.733364
3.599027 0.734701
3.596517 0.734190
3.596517 0.734190
3.595675 0.734339
3.599093 0.735697
3.596580 0.735188
3.596580 0.735188
3.595726 0.735313
3.599158 0.736693
3.596643 0.736185
3.596643 0.736185
3.595777 0.736288
3.599224 0.737689
3.596707 0.737183
3.596707 0.737183
3.595828 0.737263
3.599290 0.738685
3.596770 0.738181
3.596770 0.738181
3.595879 0.738237
3.599356 0.739681
3.596833 0.739179
3.596833 0.739179
3.595930 0.739212
3.599421 0.740677
3.596896 0.740177
3.596896 0.740177
3.595981 0.740186
3.599487 0.741673
3.596960 0.741175
3.596960 0.741175
3.596032 0.741161
3.599553 0.742669
3.597023 0.742173
3.597023 0.742173
3.596083 0.742135
3.599619 0.743665
3.597086 0.743171
3.597086 0.743171
3.596134 0.743110
3.599684 0.744661
3.597149 0.744169
3.597149 0.744169
3.596185 0.744084
3.599750 0.745657
3.597213 0.745167
3.597213 0.745167
3.596236 0.745059
3.599816 0.746653
3.597276 0.746165
3.597276 0.746165
3.596287 0.746033
3.599882 0.747649
3.597339 0.747163
3.597339 0.747163
3.596338 0.747008
3.599948 0.748645
3.597403 0.748161
3.597403 0.748161
3.596389 0.747983
3.600013 0.749641
3.597466 0.749158
3.597466 0.749158
3.596440 0.748957
3.600079 0.750637
3.596491 0.749932
3.597529 0.750156
3.597529 0.750156
3.600145 0.751633
3.596542 0.750906
3.597592 0.751154
3.597592 0.751154
3.600211 0.752629
3.596593 0.751881
3.597656 0.752152
3.597656 0.752152
3.596644 0.752855
3.600276 0.753625
3.597719 0.753150
3.597719 0.753150
3.596695 0.753830
3.600342 0.754621
3.597782 0.754148
3.597782 0.754148
3.596746 0.754804
3.600408 0.755617
3.597845 0.755146
3.597845 0.755146
3.596797 0.755779
3.600474 0.756613
3.597909 0.756144
3.597909 0.756144
3.596848 0.756754
3.600539 0.757609
3.597972 0.757142
3.597972 0.757142
3.596899 0.757728
3.600605 0.758605
3.598035 0.758140
3.598035 0.758140
3.596950 0.758703
3.600671 0.759601
3.598099 0.759138
3.598099 0.759138
3.597001 0.759677
3.600737 0.760597
3.598162 0.760136
3.598162 0.760136
3.597052 0.760652
3.600803 0.761593
3.598225 0.761134
3.598225 0.761134
3.597103 0.761626
3.600868 0.762589
3.598288 0.762132
3.598288 0.762132
3.597154 0.762601
3.600934 0.763585
3.598352 0.763129
3.598352 0.763129
3.597205 0.763575
3.601000 0.764581
3.598415 0.764127
3.598415 0.764127
3.597256 0.764550
3.601066 0.765577
3.598478 0.765125
3.598478 0.765125
3.597307 0.765524
3.601131 0.766573
3.598542 0.766123
3.598542 0.766123
3.597358 0.766499
3.601197 0.767569
3.598605 0.767121
3.598605 0.767121
3.597409 0.767474
3.601263 0.768565
3.598668 0.768119
3.598668 0.768119
3.597461 0.768448
3.601329 0.769561
3.598731 0.769117
3.598731 0.769117
3.597512 0.769423
3.601394 0.770557
3.598795 0.770115
3.598795 0.770115
3.597563 0.770397
3.601460 0.771553
3.598858 0.771113
3.598858 0.771113
3.597614 0.771372
3.601526 0.772549
3.598921 0.772111
3.598921 0.772111
3.597665 0.772346
3.601592 0.773545
3.598984 0.773109
3.598984 0.773109
3.597716 0.773321
3.601658 0.774541
3.599048 0.774107
3.599048 0.774107
3.597767 0.774295
3.601723 0.775537
3.599111 0.775105
3.599111 0.775105
3.597818 0.775270
3.601789 0.776533
3.599174 0.776102
3.599174 0.776102
3.597869 0.776245
3.601855 0.777529
3.599238 0.777100
3.599238 0.777100
3.597920 0.777219
3.601921 0.778525
3.599301 0.778098
3.599301 0.778098
3.597971 0.778194
3.601986 0.779521
3.599364 0.779096
3.599364 0.779096
3.598022 0.779168
3.602052 0.780517
3.599427 0.780094
3.599427 0.780094
3.598073 0.780143
3.602118 0.781513
3.599491 0.781092
3.599491 0.781092
3.598124 0.781117
3.602184 0.782509
3.599554 0.782090
3.599554 0.782090
3.598175 0.782092
3.602249 0.783505
3.599617 0.783088
3.599617 0.783088
3.598226 0.783066
3.602315 0.784501
3.599680 0.784086
3.599680 0.784086
3.598277 0.784041
3.602381 0.785497
3.599744 0.785084
3.599744 0.785084
3.598328 0.785016
3.602447 0.786493
3.599807 0.786082
3.599807 0.786082
3.598379 0.785990
3.602513 0.787489
3.599870 0.787080
3.599870 0.787080
3.598430 0.786965
3.602578 0.788485
3.599934 0.788078
3.599934 0.788078
3.598481 0.787939
3.602644 0.789481
3.599997 0.789075
3.599997 0.789075
3.598532 0.788914
3.602710 0.790477
3.600060 0.790073
3.600060 0.790073
3.598583 0.789888
3.602776 0.791473
3.600123 0.791071
3.600123 0.791071
3.598634 0.790863
3.602841 0.792469
3.600187 0.792069
3.600187 0.792069
3.598685 0.791837
3.602907 0.793465
3.600250 0.793067
3.600250 0.793067
3.598736 0.792812
3.602973 0.794461
3.600313 0.794065
3.600313 0.794065
3.598787 0.793786
3.603039 0.795457
3.600377 0.795063
3.600377 0.795063
3.598838 0.794761
3.603104 0.796453
3.600440 0.796061
3.600440 0.796061
3.598889 0.795736
3.603170 0.797449
3.598940 0.796710
3.600503 0.797059
3.600503 0.797059
3.603236 0.798445
3.598991 0.797685
3.600566 0.798057
3.600566 0.798057
3.603302 0.799441
3.599042 0.798659
3.600630 0.799055
3.600630 0.799055
3.603368 0.800437
3.599093 0.799634
3.600693 0.800053
3.600693 0.800053
3.603433 0.801433
3.599144 0.800608
3.600756 0.801051
3.600756 0.801051
3.603499 0.802429
3.599195 0.801583
3.600819 0.802049
3.600819 0.802049
3.603565 0.803425
3.599246 0.802557
3.600883 0.803046
3.600883 0.803046
3.603631 0.804421
3.599297 0.803532
3.600946 0.804044
3.600946 0.804044
3.603696 0.805417
3.599348 0.804507
3.601009 0.805042
3.601009 0.805042
3.603762 0.806413
3.599399 0.805481
3.601073 0.806040
3.601073 0.806040
3.603828 0.807409
3.599450 0.806456
3.601136 0.807038
3.601136 0.807038
3.603894 0.808405
3.599501 0.807430
3.601199 0.808036
3.601199 0.808036
3.599552 0.808405
3.603959 0.809401
3.601262 0.809034
3.601262 0.809034
3.599603 0.809379
3.604025 0.810397
3.601326 0.810032
3.601326 0.810032
3.599654 0.810354
3.604091 0.811393
3.601389 0.811030
3.601389 0.811030
3.599705 0.811328
3.604157 0.812389
3.601452 0.812028
3.601452 0.812028
3.599756 0.812303
3.604223 0.813385
3.601515 0.813026
3.601515 0.813026
3.599807 0.813277
3.604288 0.814381
3.601579 0.814024
3.601579 0.814024
3.599858 0.814252
3.604354 0.815377
3.601642 0.815022
3.601642 0.815022
3.599909 0.815227
3.604420 0.816373
3.601705 0.816019
3.601705 0.816019
3.599960 0.816201
3.604486 0.817369
3.601769 0.817017
3.601769 0.817017
3.600011 0.817176
3.604551 0.818365
3.601832 0.818015
3.601832 0.818015
3.600062 0.818150
3.604617 0.819361
3.601895 0.819013
3.601895 0.819013
3.600113 0.819125
3.604683 0.820357
3.601958 0.820011
3.601958 0.820011
3.600164 0.820099
3.604749 0.821353
3.602022 0.821009
3.602022 0.821009
3.600215 0.821074
3.604814 0.822349
3.602085 0.822007
3.602085 0.822007
3.600267 0.822048
3.604880 0.823345
3.602148 0.823005
3.602148 0.823005
3.600318 0.823023
3.604946 0.824341
3.602211 0.824003
3.602211 0.824003
3.600369 0.823998
3.605012 0.825337
3.602275 0.825001
3.602275 0.825001
3.600420 0.824972
3.605078 0.826333
3.602338 0.825999
3.602338 0.825999
3.600471 0.825947
3.605143 0.827329
3.602401 0.826997
3.602401 0.826997
3.600522 0.826921
3.605209 0.828325
3.602465 0.827995
3.602465 0.827995
3.600573 0.827896
3.605275 0.829321
3.602528 0.828993
3.602528 0.828993
3.600624 0.828870
3.605341 0.830317
3.602591 0.829990
3.602591 0.829990
3.600675 0.829845
3.605406 0.831313
3.602654 0.830988
3.602654 0.830988
3.600726 0.830819
3.605472 0.832309
3.602718 0.831986
3.602718 0.831986
3.600777 0.831794
3.605538 0.833305
3.602781 0.832984
3.602781 0.832984
3.600828 0.832768
3.605604 0.834301
3.602844 0.833982
3.602844 0.833982
3.600879 0.833743
3.605669 0.835297
3.602908 0.834980
3.602908 0.834980
3.600930 0.834718
3.605735 0.836293
3.602971 0.835978
3.602971 0.835978
3.600981 0.835692
3.605801 0.837289
3.603034 0.836976
3.603034 0.836976
3.601032 0.836667
3.605867 0.838285
3.603097 0.837974
3.603097 0.837974
3.601083 0.837641
3.605933 0.839281
3.603161 0.838972
3.603161 0.838972
3.601134 0.838616
3.605998 0.840277
3.603224 0.839970
3.603224 0.839970
3.601185 0.839590
3.606064 0.841273
3.603287 0.840968
3.603287 0.840968
3.601236 0.840565
3.606130 0.842269
3.603350 0.841966
3.603350 0.841966
3.601287 0.841539
3.606196 0.843265
3.603414 0.842963
3.603414 0.842963
3.601338 0.842514
3.606261 0.844261
3.603477 0.843961
3.603477 0.843961
3.601389 0.843489
3.606327 0.845257
3.601440 0.844463
3.603540 0.844959
3.603540 0.844959
3.606393 0.846253
3.601491 0.845438
3.603604 0.845957
3.603604 0.845957
3.606459 0.847249
3.601542 0.846412
3.603667 0.846955
3.603667 0.846955
3.606524 0.848245
3.601593 0.847387
3.603730 0.847953
3.603730 0.847953
3.606590 0.849241
3.601644 0.848361
3.603793 0.848951
3.603793 0.848951
3.606656 0.850237
3.601695 0.849336
3.603857 0.849949
3.603857 0.849949
3.606722 0.851233
3.601746 0.850310
3.603920 0.850947
3.603920 0.850947
3.606788 0.852229
3.601797 0.851285
3.603983 0.851945
3.603983 0.851945
3.606853 0.853225
3.601848 0.852260
3.604046 0.852943
3.604046 0.852943
3.606919 0.854221
3.601899 0.853234
3.604110 0.853941
3.604110 0.853941
3.606985 0.855217
3.601950 0.854209
3.604173 0.854939
3.604173 0.854939
3.607051 0.856213
3.602001 0.855183
3.604236 0.855936
3.604236 0.855936
3.607102 0.857143
3.602052 0.856158
3.604300 0.856934
3.604300 0.856934
3.607152 0.858074
3.602103 0.857132
3.604363 0.857932
3.604363 0.857932
3.607203 0.859005
3.602154 0.858107
3.604426 0.858930
3.604426 0.858930
3.607254 0.859936
3.602205 0.859081
3.604489 0.859928
3.604489 0.859928
3.607305 0.860866
3.602261 0.860074
3.604553 0.860926
3.604553 0.860926
3.607356 0.861797
3.602317 0.861066
3.604616 0.861924
3.604616 0.861924
3.607407 0.862728
3.602373 0.862058
3.604679 0.862922
3.604679 0.862922
3.607458 0.863659
3.602429 0.863050
3.604743 0.863920
3.604743 0.863920
3.607509 0.864590
3.602485 0.864043
3.607560 0.865520
3.604806 0.864918
3.604806 0.864918
3.602541 0.865035
3.607611 0.866451
3.604869 0.865916
3.604869 0.865916
3.602597 0.866027
3.607662 0.867382
3.604932 0.866914
3.604932 0.866914
3.602653 0.867020
3.607713 0.868313
3.604996 0.867912
3.604996 0.867912
3.602709 0.868012
3.607764 0.869244
3.605059 0.868910
3.605059 0.868910
3.607815 0.870174
3.602765 0.869004
3.605122 0.869907
3.605122 0.869907
3.607866 0.871105
3.602821 0.869996
3.605185 0.870905
3.605185 0.870905
3.607917 0.872036
3.602877 0.870989
3.605249 0.871903
3.605249 0.871903
3.607967 0.872967
3.602933 0.871981
3.605312 0.872901
3.605312 0.872901
3.608018 0.873898
3.602989 0.872973
3.605375 0.873899
3.605375 0.873899
3.608069 0.874828
3.603045 0.873965
3.605439 0.874897
3.605439 0.874897
3.608120 0.875759
3.603101 0.874958
3.605502 0.875895
3.605502 0.875895
3.608171 0.876690
3.603157 0.875950
3.605565 0.876893
3.605565 0.876893
3.608222 0.877621
3.603213 0.876942
3.605628 0.877891
3.605628 0.877891
3.608273 0.878552
3.603269 0.877935
3.608324 0.879482
3.605692 0.878889
3.605692 0.878889
3.603325 0.878927
3.608375 0.880413
3.605755 0.879887
3.605755 0.879887
3.603380 0.879919
3.608426 0.881344
3.605818 0.880885
3.605818 0.880885
3.603436 0.880911
3.608477 0.882275
3.605881 0.881883
3.605881 0.881883
3.603492 0.881904
3.608528 0.883205
3.605945 0.882880
3.605945 0.882880
3.603548 0.882896
3.608579 0.884136
3.606008 0.883878
3.606008 0.883878
3.608630 0.885067
3.603604 0.883888
3.606071 0.884876
3.606071 0.884876
3.608681 0.885998
3.603660 0.884880
3.606135 0.885874
3.606135 0.885874
3.608731 0.886929
3.603716 0.885873
3.606198 0.886872
3.606198 0.886872
3.608782 0.887859
3.603772 0.886865
3.606261 0.887870
3.606261 0.887870
3.608833 0.888790
3.603828 0.887857
3.606324 0.888868
3.606324 0.888868
3.608884 0.889721
3.603884 0.888850
3.606388 0.889866
3.606388 0.889866
3.608935 0.890652
3.603940 0.889842
3.606451 0.890864
3.606451 0.890864
3.608986 0.891583
3.603996 0.890834
3.606514 0.891862
3.606514 0.891862
3.609037 0.892513
3.604052 0.891826
3.609088 0.893444
3.606578 0.892860
3.606578 0.892860
3.604108 0.892819
3.609139 0.894375
3.606641 0.893858
3.606641 0.893858
3.604164 0.893811
3.609190 0.895306
3.606704 0.894856
3.606704 0.894856
3.604220 0.894803
3.609241 0.896237
3.606767 0.895854
3.606767 0.895854
3.604276 0.895796
3.609292 0.897167
3.606831 0.896851
3.606831 0.896851
3.604332 0.896788
3.609343 0.898098
3.606894 0.897849
3.606894 0.897849
3.604388 0.897780
3.609394 0.899029
3.606957 0.898847
3.606957 0.898847
3.609445 0.899960
3.604444 0.898772
3.607020 0.899845
3.607020 0.899845
3.609496 0.900891
3.604500 0.899765
3.607084 0.900843
3.607084 0.900843
3.609546 0.901821
3.604556 0.900757
3.607147 0.901841
3.607147 0.901841
3.609597 0.902752
3.604612 0.901749
3.607210 0.902839
3.607210 0.902839
3.609648 0.903683
3.604668 0.902741
3.607274 0.903837
3.607274 0.903837
3.609699 0.904614
3.604724 0.903734
3.607337 0.904835
3.607337 0.904835
3.609750 0.905544
3.604780 0.904726
3.607400 0.905833
3.607400 0.905833
3.609801 0.906475
3.604836 0.905718
3.609852 0.907406
3.607463 0.906831
3.607463 0.906831
3.604892 0.906711
3.609903 0.908337
3.607527 0.907829
3.607527 0.907829
3.604948 0.907703
3.609954 0.909268
3.607590 0.908827
3.607590 0.908827
3.605004 0.908695
3.610005 0.910198
3.607653 0.909824
3.607653 0.909824
3.605059 0.909687
3.610056 0.911129
3.607716 0.910822
3.607716 0.910822
3.605115 0.910680
3.610107 0.912060
3.607780 0.911820
3.607780 0.911820
3.605171 0.911672
3.610158 0.912991
3.607843 0.912818
3.607843 0.912818
3.610209 0.913922
3.605227 0.912664
3.607906 0.913816
3.607906 0.913816
3.610260 0.914852
3.605283 0.913656
3.607970 0.914814
3.607970 0.914814
3.610310 0.915783
3.605339 0.914649
3.608033 0.915812
3.608033 0.915812
3.610361 0.916714
3.605395 0.915641
3.608096 0.916810
3.608096 0.916810
3.610412 0.917645
3.605451 0.916633
3.608159 0.917808
3.608159 0.917808
3.610463 0.918576
3.605507 0.917626
3.608223 0.918806
3.608223 0.918806
3.610514 0.919506
3.605563 0.918618
3.608286 0.919804
3.608286 0.919804
3.610565 0.920437
3.605619 0.919610
3.610616 0.921368
3.608349 0.920802
3.608349 0.920802
3.605675 0.920602
3.610667 0.922299
3.608413 0.921800
3.608413 0.921800
3.605731 0.921595
3.610718 0.923230
3.608476 0.922797
3.608476 0.922797
3.605787 0.922587
3.610769 0.924160
3.608539 0.923795
3.608539 0.923795
3.605843 0.923579
3.610820 0.925091
3.608602 0.924793
3.608602 0.924793
3.605899 0.924571
3.610871 0.926022
3.608666 0.925791
3.608666 0.925791
3.605955 0.925564
3.610922 0.926953
3.608729 0.926789
3.608729 0.926789
3.606011 0.926556
3.610973 0.927883
3.608792 0.927787
3.608792 0.927787
3.611024 0.928814
3.606067 0.927548
3.608855 0.928785
3.608855 0.928785
3.611075 0.929745
3.606123 0.928541
3.608919 0.929783
3.608919 0.929783
3.611125 0.930676
3.606179 0.929533
3.608982 0.930781
3.608982 0.930781
3.611176 0.931607
3.606235 0.930525
3.609045 0.931779
3.609045 0.931779
3.611227 0.932537
3.606291 0.931517
3.609109 0.932777
3.609109 0.932777
3.611278 0.933468
3.606347 0.932510
3.609172 0.933775
3.609172 0.933775
3.611329 0.934399
3.606403 0.933502
3.609235 0.934773
3.609235 0.934773
3.611380 0.935330
3.606459 0.934494
3.611431 0.936261
3.609298 0.935771
3.609298 0.935771
3.606515 0.935486
3.611482 0.937191
3.609362 0.936768
3.609362 0.936768
3.606571 0.936479
3.611533 0.938122
3.609425 0.937766
3.609425 0.937766
3.606627 0.937471
3.611584 0.939053
3.609488 0.938764
3.609488 0.938764
3.606683 0.938463
3.611635 0.939984
3.609551 0.939762
3.609551 0.939762
3.606738 0.939456
3.611686 0.940915
3.609615 0.940760
3.609615 0.940760
3.606794 0.940448
3.611737 0.941845
3.609678 0.941758
3.609678 0.941758
3.606850 0.941440
3.611788 0.942776
3.609741 0.942756
3.609741 0.942756
3.611839 0.943707
3.606906 0.942432
3.609805 0.943754
3.609805 0.943754
3.611889 0.944638
3.606962 0.943425
3.609868 0.944752
3.609868 0.944752
3.611940 0.945568
3.607018 0.944417
3.609931 0.945750
3.609931 0.945750
3.611991 0.946499
3.607074 0.945409
3.609994 0.946748
3.609994 0.946748
3.612042 0.947430
3.607130 0.946402
3.610058 0.947746
3.610058 0.947746
3.612093 0.948361
3.607186 0.947394
3.610121 0.948744
3.610121 0.948744
3.612144 0.949292
3.607242 0.948386
3.612195 0.950222
3.610184 0.949741
3.610184 0.949741
3.607298 0.949378
3.612246 0.951153
3.610248 0.950739
3.610248 0.950739
3.607354 0.950371
3.612297 0.952084
3.610311 0.951737
3.610311 0.951737
3.607410 0.951363
3.612348 0.953015
3.610374 0.952735
3.610374 0.952735
3.607466 0.952355
3.612399 0.953946
3.610437 0.953733
3.610437 0.953733
3.607522 0.953347
3.612450 0.954876
3.610501 0.954731
3.610501 0.954731
3.607578 0.954340
3.612501 0.955807
3.610564 0.955729
3.610564 0.955729
3.607634 0.955332
3.612552 0.956738
3.610627 0.956727
3.610627 0.956727
3.607690 0.956324
3.612603 0.957669
3.610690 0.957725
3.610690 0.957725
3.612654 0.958600
3.607746 0.957317
3.610754 0.958723
3.610754 0.958723
3.612704 0.959530
3.607802 0.958309
3.610817 0.959721
3.610817 0.959721
3.612755 0.960461
3.607858 0.959301
3.610880 0.960719
3.610880 0.960719
3.612806 0.961392
3.607914 0.960293
3.610944 0.961717
3.610944 0.961717
3.612857 0.962323
3.607970 0.961286
3.611007 0.962714
3.611007 0.962714
3.612908 0.963254
3.608026 0.962278
3.612959 0.964184
3.611070 0.963712
3.611070 0.963712
3.608082 0.963270
3.613010 0.965115
3.611133 0.964710
3.611133 0.964710
3.608138 0.964262
3.613061 0.966046
3.611197 0.965708
3.611197 0.965708
3.608194 0.965255
3.613112 0.966977
3.611260 0.966706
3.611260 0.966706
3.608250 0.966247
3.613163 0.967907
3.611323 0.967704
3.611323 0.967704
3.608306 0.967239
3.613214 0.968838
3.611386 0.968702
3.611386 0.968702
3.608362 0.968232
3.613265 0.969769
3.611450 0.969700
3.611450 0.969700
3.608417 0.969224
3.613316 0.970700
3.611513 0.970698
3.611513 0.970698
3.608473 0.970216
3.613367 0.971631
3.611576 0.971696
3.611576 0.971696
3.608529 0.971208
3.613418 0.972561
3.611640 0.972694
3.611640 0.972694
3.613469 0.973492
3.608585 0.972201
3.611703 0.973692
3.611703 0.973692
3.613519 0.974423
3.608641 0.973193
3.611766 0.974690
3.611766 0.974690
3.613570 0.975354
3.608697 0.974185
3.611829 0.975688
3.611829 0.975688
3.613621 0.976285
3.608753 0.975177
3.611893 0.976685
3.611893 0.976685
3.613672 0.977215
3.608809 0.976170
3.613723 0.978146
3.611956 0.977683
3.611956 0.977683
3.608865 0.977162
3.613774 0.979077
3.612019 0.978681
3.612019 0.978681
3.608921 0.978154
3.613825 0.980008
3.612082 0.979679
3.612082 0.979679
3.608977 0.979147
3.613876 0.980939
3.612146 0.980677
3.612146 0.980677
3.609033 0.980139
3.613927 0.981869
3.612209 0.981675
3.612209 0.981675
3.609089 0.981131
3.613978 0.982800
3.612272 0.982673
3.612272 0.982673
3.609145 0.982123
3.614029 0.983731
3.612336 0.983671
3.612336 0.983671
3.609201 0.983116
3.614080 0.984662
3.612399 0.984669
3.612399 0.984669
3.609257 0.984108
3.614131 0.985593
3.612462 0.985667
3.612462 0.985667
3.609313 0.985100
3.614182 0.986523
3.612525 0.986665
3.612525 0.986665
3.609369 0.986092
3.614233 0.987454
3.612589 0.987663
3.612589 0.987663
3.614283 0.988385
3.609425 0.987085
3.612652 0.988661
3.612652 0.988661
3.614334 0.989316
3.609481 0.988077
3.612715 0.989658
3.612715 0.989658
3.614385 0.990246
3.609537 0.989069
3.612779 0.990656
3.612779 0.990656
3.614436 0.991177
3.609593 0.990062
3.612842 0.991654
3.612842 0.991654
3.614487 0.992108
3.609649 0.991054
3.614538 0.993039
3.612905 0.992652
3.612905 0.992652
3.609705 0.992046
3.614589 0.993970
3.612968 0.993650
3.612968 0.993650
3.609761 0.993038
3.614640 0.994900
3.613032 0.994648
3.613032 0.994648
3.609817 0.994031
3.614691 0.995831
3.613095 0.995646
3.613095 0.995646
3.609873 0.995023
3.614742 0.996762
3.613158 0.996644
3.613158 0.996644
3.609929 0.996015
3.614793 0.997693
3.613221 0.997642
3.613221 0.997642
3.609985 0.997007
3.614844 0.998624
3.613285 0.998640
3.613285 0.998640
3.610041 0.998000
3.614895 0.999554
3.613348 0.999638
3.613348 0.999638
3.610096 0.998992
3.614946 1.000485
3.613411 1.000636
3.613411 1.000636
3.610152 0.999984
3.614997 1.001416
3.613475 1.001634
3.613475 1.001634
3.610208 1.000977
3.615048 1.002347
3.613538 1.002632
3.613538 1.002632
3.615098 1.003278
3.610264 1.001969
3.613601 1.003629
3.613601 1.003629
3.615149 1.004208
3.610342 1.002922
3.613664 1.004627
3.613664 1.004627
3.615200 1.005139
3.610420 1.003875
3.613728 1.005625
3.613728 1.005625
3.615251 1.006070
3.610498 1.004828
3.615302 1.007001
3.613791 1.006623
3.613791 1.006623
3.610576 1.005781
3.615353 1.007932
3.613854 1.007621
3.613854 1.007621
3.610654 1.006734
3.615404 1.008862
3.610732 1.007687
3.613917 1.008619
3.613917 1.008619
3.615455 1.009793
3.610810 1.008640
3.613981 1.009617
3.613981 1.009617
3.615506 1.010724
3.610888 1.009593
3.614044 1.010615
3.614044 1.010615
3.615557 1.011655
3.610965 1.010545
3.614107 1.011613
3.614107 1.011613
3.615608 1.012585
3.611043 1.011498
3.614171 1.012611
3.614171 1.012611
3.615659 1.013516
3.611121 1.012451
3.614234 1.013609
3.614234 1.013609
3.615710 1.014447
3.611199 1.013404
3.614297 1.014607
3.614297 1.014607
3.615761 1.015378
3.611277 1.014357
3.614360 1.015605
3.614360 1.015605
3.615812 1.016309
3.611355 1.015310
3.614424 1.016602
3.614424 1.016602
3.615862 1.017239
3.611433 1.016263
3.614487 1.017600
3.614487 1.017600
3.615913 1.018170
3.611511 1.017216
3.614550 1.018598
3.614550 1.018598
3.615964 1.019101
3.611589 1.018169
3.614614 1.019596
3.614614 1.019596
3.616015 1.020032
3.611666 1.019122
3.616066 1.020963
3.614677 1.020594
3.614677 1.020594
3.611744 1.020075
3.616117 1.021893
3.614740 1.021592
3.614740 1.021592
3.611822 1.021028
3.616168 1.022824
3.614803 1.022590
3.614803 1.022590
3.611900 1.021981
3.616219 1.023755
3.614867 1.023588
3.614867 1.023588
3.611978 1.022934
3.616270 1.024686
3.614930 1.024586
3.614930 1.024586
3.612056 1.023887
3.616321 1.025617
3.614993 1.025584
3.614993 1.025584
3.612134 1.024840
3.616372 1.026547
3.615056 1.026582
3.615056 1.026582
3.612212 1.025793
3.616423 1.027478
3.612290 1.026746
3.615120 1.027580
3.615120 1.027580
3.616474 1.028409
3.612367 1.027699
3.615183 1.028578
3.615183 1.028578
3.616525 1.029340
3.612445 1.028652
3.615246 1.029575
3.615246 1.029575
3.616576 1.030271
3.612523 1.029605
3.615310 1.030573
3.615310 1.030573
3.616627 1.031201
3.612601 1.030558
3.615373 1.031571
3.615373 1.031571
3.616677 1.032132
3.612679 1.031511
3.615436 1.032569
3.615436 1.032569
3.616728 1.033063
3.612757 1.032464
3.615499 1.033567
3.615499 1.033567
3.616779 1.033994
3.612835 1.033417
3.616830 1.034924
3.615563 1.034565
3.615563 1.034565
3.612913 1.034369
3.616881 1.035855
3.615626 1.035563
3.615626 1.035563
3.612991 1.035322
3.616932 1.036786
3.615689 1.036561
3.615689 1.036561
3.613068 1.036275
3.616983 1.037717
3.615752 1.037559
3.615752 1.037559
3.613146 1.037228
3.617034 1.038648
3.615816 1.038557
3.615816 1.038557
3.613224 1.038181
3.617085 1.039578
3.615879 1.039555
3.615879 1.039555
3.613302 1.039134
3.617136 1.040509
3.615942 1.040553
3.615942 1.040553
3.613380 1.040087
3.617187 1.041440
3.616006 1.041551
3.616006 1.041551
3.613458 1.041040
3.617238 1.042371
3.616069 1.042549
3.616069 1.042549
3.613536 1.041993
3.617289 1.043302
3.616132 1.043546
3.616132 1.043546
3.613614 1.042946
3.617340 1.044232
3.616195 1.044544
3.616195 1.044544
3.613692 1.043899
3.617391 1.045163
3.616259 1.045542
3.616259 1.045542
3.613770 1.044852
3.617441 1.046094
3.613847 1.045805
3.616322 1.046540
3.616322 1.046540
3.617492 1.047025
3.613925 1.046758
3.616385 1.047538
3.616385 1.047538
3.617543 1.047956
3.614003 1.047711
3.616449 1.048536
3.616449 1.048536
3.617594 1.048886
3.614081 1.048664
3.617645 1.049817
3.616512 1.049534
3.616512 1.049534
3.614159 1.049617
3.617696 1.050748
3.616575 1.050532
3.616575 1.050532
3.614237 1.050570
3.617747 1.051679
3.616638 1.051530
3.616638 1.051530
3.614315 1.051523
3.617798 1.052610
3.616702 1.052528
3.616702 1.052528
3.614393 1.052476
3.617849 1.053540
3.616765 1.053526
3.616765 1.053526
3.614471 1.053429
3.617900 1.054471
3.616828 1.054524
3.616828 1.054524
3.614548 1.054382
3.617951 1.055402
3.616891 1.055522
3.616891 1.055522
3.614626 1.055335
3.618002 1.056333
3.616955 1.056519
3.616955 1.056519
3.618053 1.057263
3.614704 1.056288
3.617018 1.057517
3.617018 1.057517
3.618104 1.058194
3.614782 1.057241
3.617081 1.058515
3.617081 1.058515
3.618155 1.059125
3.614860 1.058193
3.617145 1.059513
3.617145 1.059513
3.618206 1.060056
3.614938 1.059146
3.617208 1.060511
3.617208 1.060511
3.618256 1.060987
3.615016 1.060099
3.617271 1.061509
3.617271 1.061509
3.618307 1.061917
3.615094 1.061052
3.617334 1.062507
3.617334 1.062507
3.618358 1.062848
3.615172 1.062005
3.618409 1.063779
3.617398 1.063505
3.617398 1.063505
3.615249 1.062958
3.618460 1.064710
3.617461 1.064503
3.617461 1.064503
3.615327 1.063911
3.618511 1.065641
3.615405 1.064864
3.617524 1.065501
3.617524 1.065501
3.618562 1.066571
3.615483 1.065817
3.617587 1.066499
3.617587 1.066499
3.618613 1.067502
3.615561 1.066770
3.617651 1.067497
3.617651 1.067497
3.618664 1.068433
3.615639 1.067723
3.617714 1.068495
3.617714 1.068495
3.618715 1.069364
3.615717 1.068676
3.617777 1.069492
3.617777 1.069492
3.618766 1.070295
3.615795 1.069629
3.617841 1.070490
3.617841 1.070490
3.618817 1.071225
3.615873 1.070582
3.617904 1.071488
3.617904 1.071488
3.618868 1.072156
3.615950 1.071535
3.617967 1.072486
3.617967 1.072486
3.618919 1.073087
3.616028 1.072488
3.618030 1.073484
3.618030 1.073484
3.618970 1.074018
3.616106 1.073441
3.618094 1.074482
3.618094 1.074482
3.619020 1.074949
3.616184 1.074394
3.618157 1.075480
3.618157 1.075480
3.619071 1.075879
3.616262 1.075347
3.618220 1.076478
3.618220 1.076478
3.619122 1.076810
3.616340 1.076300
3.618284 1.077476
3.618284 1.077476
3.619173 1.077741
3.616418 1.077253
3.619224 1.078672
3.618347 1.078474
3.618347 1.078474
3.616496 1.078206
3.619275 1.079602
3.618410 1.079472
3.618410 1.079472
3.616574 1.079159
3.619326 1.080533
3.618473 1.080470
3.618473 1.080470
3.616651 1.080112
3.619377 1.081464
3.618537 1.081468
3.618537 1.081468
3.616729 1.081064
3.619428 1.082395
3.618600 1.082466
3.618600 1.082466
3.616807 1.082017
3.619479 1.083326
3.618663 1.083463
3.618663 1.083463
3.616885 1.082970
3.619530 1.084256
3.616963 1.083923
3.618726 1.084461
3.618726 1.084461
3.619581 1.085187
3.617041 1.084876
3.618790 1.085459
3.618790 1.085459
3.619632 1.086118
3.617119 1.085829
3.618853 1.086457
3.618853 1.086457
3.619683 1.087049
3.617197 1.086782
3.618916 1.087455
3.618916 1.087455
3.619734 1.087980
3.617275 1.087735
3.618980 1.088453
3.618980 1.088453
3.619785 1.088910
3.617353 1.088688
3.619043 1.089451
3.619043 1.089451
3.619835 1.089841
3.617430 1.089641
3.619106 1.090449
3.619106 1.090449
3.619886 1.090772
3.617508 1.090594
3.619169 1.091447
3.619169 1.091447
3.619937 1.091703
3.617586 1.091547
3.619988 1.092634
3.619233 1.092445
3.619233 1.092445
3.617664 1.092500
3.620039 1.093564
3.619296 1.093443
3.619296 1.093443
3.617742 1.093453
3.620090 1.094495
3.619359 1.094441
3.619359 1.094441
3.617820 1.094406
3.620141 1.095426
3.619422 1.095439
3.619422 1.095439
3.617898 1.095359
3.620192 1.096357
3.619486 1.096436
3.619486 1.096436
3.617976 1.096312
3.620243 1.097287
3.619549 1.097434
3.619549 1.097434
3.618054 1.097265
3.620294 1.098218
3.619612 1.098432
3.619612 1.098432
3.618131 1.098218
3.620345 1.099149
3.619676 1.099430
3.619676 1.099430
3.618209 1.099171
3.620396 1.100080
3.619739 1.100428
3.619739 1.100428
3.618287 1.100124
3.620447 1.101011
3.619802 1.101426
3.619802 1.101426
3.618365 1.101077
3.620498 1.101941
3.619865 1.102424
3.619865 1.102424
3.618443 1.102030
3.620549 1.102872
3.618521 1.102983
3.619929 1.103422
3.619929 1.103422
3.620599 1.103803
3.618599 1.103936
3.619992 1.104420
3.619992 1.104420
3.620650 1.104734
3.618677 1.104888
3.620055 1.105418
3.620055 1.105418
3.620701 1.105665
3.618755 1.105841
3.620752 1.106595
3.620119 1.106416
3.620119 1.106416
3.618832 1.106794
3.620803 1.107526
3.620182 1.107414
3.620182 1.107414
3.618910 1.107747
3.620854 1.108457
3.620245 1.108412
3.620245 1.108412
3.618988 1.108700
3.620905 1.109388
3.620308 1.109410
3.620308 1.109410
3.619066 1.109653
3.620956 1.110319
3.620372 1.110407
3.620372 1.110407
3.619144 1.110606
3.621007 1.111249
3.620435 1.111405
3.620435 1.111405
3.619222 1.111559
3.621058 1.112180
3.620498 1.112403
3.620498 1.112403
3.619300 1.112512
3.621109 1.113111
3.620561 1.113401
3.620561 1.113401
3.619378 1.113465
3.621160 1.114042
3.620625 1.114399
3.620625 1.114399
3.619456 1.114418
3.621211 1.114973
3.620688 1.115397
3.620688 1.115397
3.621262 1.115903
3.619533 1.115371
3.620751 1.116395
3.620751 1.116395
3.621313 1.116834
3.619611 1.116324
3.620815 1.117393
3.620815 1.117393
3.621364 1.117765
3.619689 1.117277
3.620878 1.118391
3.620878 1.118391
3.621414 1.118696
3.619767 1.118230
3.620941 1.119389
3.620941 1.119389
3.621465 1.119626
3.619845 1.119183
3.621004 1.120387
3.621004 1.120387
3.621516 1.120557
3.619923 1.120136
3.621567 1.121488
3.621068 1.121385
3.621068 1.121385
3.620001 1.121089
3.621618 1.122419
3.620079 1.122042
3.621131 1.122383
3.621131 1.122383
3.621669 1.123350
3.620157 1.122995
3.621194 1.123380
3.621194 1.123380
3.621720 1.124280
3.620235 1.123948
3.621257 1.124378
3.621257 1.124378
3.621771 1.125211
3.620312 1.124901
3.621321 1.125376
3.621321 1.125376
3.621822 1.126142
3.620390 1.125854
3.621384 1.126374
3.621384 1.126374
3.621873 1.127073
3.620468 1.126807
3.621447 1.127372
3.621447 1.127372
3.621924 1.128004
3.620546 1.127760
3.621511 1.128370
3.621511 1.128370
3.621975 1.128934
3.620624 1.128712
3.621574 1.129368
3.621574 1.129368
3.622026 1.129865
3.620702 1.129665
3.621637 1.130366
3.621637 1.130366
3.622077 1.130796
3.620780 1.130618
3.621700 1.131364
3.621700 1.131364
3.622128 1.131727
3.620858 1.131571
3.621764 1.132362
3.621764 1.132362
3.622179 1.132658
3.620936 1.132524
3.621827 1.133360
3.621827 1.133360
3.622229 1.133588
3.621013 1.133477
3.621890 1.134358
3.621890 1.134358
3.622280 1.134519
3.621091 1.134430
3.622331 1.135450
3.621954 1.135356
3.621954 1.135356
3.621169 1.135383
3.622382 1.136381
3.622017 1.136353
3.622017 1.136353
3.621247 1.136336
3.622433 1.137312
3.622080 1.137351
3.622080 1.137351
3.621325 1.137289
3.622484 1.138242
3.622143 1.138349
3.622143 1.138349
3.621403 1.138242
3.622535 1.139173
3.622207 1.139347
3.622207 1.139347
3.621481 1.139195
3.622586 1.140104
3.622270 1.140345
3.622270 1.140345
3.621559 1.140148
3.622637 1.141035
3.621637 1.141101
3.622333 1.141343
3.622333 1.141343
3.622688 1.141965
3.621714 1.142054
3.622396 1.142341
3.622396 1.142341
3.622739 1.142896
3.621792 1.143007
3.622460 1.143339
3.622460 1.143339
3.622790 1.143827
3.621870 1.143960
3.622523 1.144337
3.622523 1.144337
3.622841 1.144758
3.621948 1.144913
3.622586 1.145335
3.622586 1.145335
3.622892 1.145689
3.622026 1.145866
3.622650 1.146333
3.622650 1.146333
3.622943 1.146619
3.622104 1.146819
3.622713 1.147331
3.622713 1.147331
3.622993 1.147550
3.622182 1.147772
3.622776 1.148329
3.622776 1.148329
3.623044 1.148481
3.622260 1.148725
3.622839 1.149327
3.622839 1.149327
3.623095 1.149412
3.622338 1.149678
3.623146 1.150343
3.622903 1.150324
3.622903 1.150324
3.622415 1.150631
3.623197 1.151273
3.622966 1.151322
3.622966 1.151322
3.622493 1.151583
3.623248 1.152204
3.623029 1.152320
3.623029 1.152320
3.622571 1.152536
3.623299 1.153135
3.623092 1.153318
3.623092 1.153318
3.622649 1.153489
3.623350 1.154066
3.623156 1.154316
3.623156 1.154316
3.622727 1.154442
3.623401 1.154997
3.623219 1.155314
3.623219 1.155314
3.622805 1.155395
3.623452 1.155927
3.623282 1.156312
3.623282 1.156312
3.622883 1.156348
3.623503 1.156858
3.623346 1.157310
3.623346 1.157310
3.622961 1.157301
3.623554 1.157789
3.623409 1.158308
3.623409 1.158308
3.623039 1.158254
3.623605 1.158720
3.623472 1.159306
3.623472 1.159306
3.623117 1.159207
3.623656 1.159651
3.623194 1.160160
3.623535 1.160304
3.623535 1.160304
3.623707 1.160581
3.623272 1.161113
3.623599 1.161302
3.623599 1.161302
3.623758 1.161512
3.623350 1.162066
3.623662 1.162300
3.623662 1.162300
3.623808 1.162443
3.623428 1.163019
3.623725 1.163297
3.623725 1.163297
3.623859 1.163374
3.623506 1.163972
3.623910 1.164304
3.623788 1.164295
3.623788 1.164295
3.623584 1.164925
3.623961 1.165235
3.623852 1.165293
3.623852 1.165293
3.623662 1.165878
3.624012 1.166166
3.623915 1.166291
3.623915 1.166291
3.623740 1.166831
3.624063 1.167097
3.623978 1.167289
3.623978 1.167289
3.623818 1.167784
3.624114 1.168028
3.624042 1.168287
3.624042 1.168287
3.623895 1.168737
3.624165 1.168958
3.624105 1.169285
3.624105 1.169285
3.623973 1.169690
3.624216 1.169889
3.624168 1.170283
3.624168 1.170283
3.624051 1.170643
3.624267 1.170820
3.624231 1.171281
3.624231 1.171281
3.624129 1.171596
3.624318 1.171751
3.624295 1.172279
3.624295 1.172279
3.624207 1.172549
3.624369 1.172682
3.624358 1.173277
3.624358 1.173277
3.624285 1.173502
3.624420 1.173612
3.624421 1.174275
3.624421 1.174275
3.624363 1.174455
3.624471 1.174543
3.624485 1.175273
3.624485 1.175273
3.624441 1.175407
3.624522 1.175474
3.624548 1.176271
3.624548 1.176271
3.624519 1.176360
3.624572 1.176405
3.624611 1.177268
3.624611 1.177268
3.624596 1.177313
3.624623 1.177336
3.624674 1.178266