-0.287792 2.727546
-0.288780 2.734689
-0.289354 2.734367
-0.288695 2.727119
-0.289928 2.734045
-0.289598 2.726692
-0.290502 2.733723
-0.291076 2.733400
-0.290502 2.726265
-0.291650 2.733078
-0.291405 2.725839
-0.292224 2.732756
-0.292798 2.732434
-0.292308 2.725412
-0.293372 2.732112
-0.293211 2.724985
-0.293946 2.731789
-0.294520 2.731467
-0.294114 2.724558
-0.295094 2.731145
-0.295668 2.730823
-0.295017 2.724131
-0.296242 2.730501
-0.295921 2.723704
-0.296816 2.730179
-0.297390 2.729856
-0.296824 2.723277
-0.297964 2.729534
-0.297727 2.722850
-0.298538 2.729212
-0.299112 2.728890
-0.298630 2.722423
-0.299686 2.728568
-0.299533 2.721996
-0.299533 2.721996
-0.299546 2.722052
-0.299546 2.722052
-0.299558 2.722108
-0.299558 2.722108
-0.299570 2.722164
-0.299570 2.722164
-0.299582 2.722220
-0.299582 2.722220
-0.299595 2.722276
-0.299595 2.722276
-0.299607 2.722332
-0.299607 2.722332
-0.300260 2.728246
-0.299619 2.722388
-0.299619 2.722388
-0.299632 2.722443
-0.299632 2.722443
-0.299644 2.722499
-0.299644 2.722499
-0.299656 2.722555
-0.299656 2.722555
-0.299668 2.722611
-0.299668 2.722611
-0.299681 2.722667
-0.299681 2.722667
-0.299693 2.722723
-0.299693 2.722723
-0.299705 2.722779
-0.299705 2.722779
-0.299717 2.722835
-0.299717 2.722835
-0.299730 2.722891
-0.299730 2.722891
-0.299742 2.722947
-0.299742 2.722947
-0.299754 2.723003
-0.299754 2.723003
-0.299766 2.723059
-0.299766 2.723059
-0.299779 2.723114
-0.299779 2.723114
-0.299791 2.723170
-0.299791 2.723170
-0.299803 2.723226
-0.299803 2.723226
-0.299816 2.723282
-0.299816 2.723282
-0.299828 2.723338
-0.299828 2.723338
-0.299840 2.723394
-0.299840 2.723394
-0.299852 2.723450
-0.299852 2.723450
-0.299865 2.723506
-0.299865 2.723506
-0.299877 2.723562
-0.299877 2.723562
-0.299889 2.723618
-0.299889 2.723618
-0.299901 2.723674
-0.299901 2.723674
-0.299914 2.723730
-0.299914 2.723730
-0.299926 2.723785
-0.299926 2.723785
-0.299938 2.723841
-0.299938 2.723841
-0.299950 2.723897
-0.299950 2.723897
-0.299963 2.723953
-0.299963 2.723953
-0.299975 2.724009
-0.299975 2.724009
-0.299987 2.724065
-0.299987 2.724065
-0.300000 2.724121
-0.300000 2.724121
-0.300012 2.724177
-0.300012 2.724177
-0.300024 2.724233
-0.300024 2.724233
-0.300036 2.724289
-0.300036 2.724289
-0.300049 2.724345
-0.300049 2.724345
-0.300061 2.724401
-0.300061 2.724401
-0.300073 2.724456
-0.300073 2.724456
-0.300085 2.724512
-0.300085 2.724512
-0.300098 2.724568
-0.300098 2.724568
-0.300110 2.724624
-0.300110 2.724624
-0.300122 2.724680
-0.300122 2.724680
-0.300135 2.724736
-0.300135 2.724736
-0.300147 2.724792
-0.300147 2.724792
-0.300159 2.724848
-0.300159 2.724848
-0.300171 2.724904
-0.300171 2.724904
-0.300184 2.724960
-0.300184 2.724960
-0.300196 2.725016
-0.300196 2.725016
-0.300208 2.725072
-0.300208 2.725072
-0.300220 2.725127
-0.300220 2.725127
-0.300233 2.725183
-0.300233 2.725183
-0.300245 2.725239
-0.300245 2.725239
-0.300257 2.725295
-0.300257 2.725295
-0.300269 2.725351
-0.300269 2.725351
-0.300282 2.725407
-0.300282 2.725407
-0.300294 2.725463
-0.300294 2.725463
-0.300306 2.725519
-0.300306 2.725519
-0.300319 2.725575
-0.300319 2.725575
-0.300331 2.725631
-0.300331 2.725631
-0.300343 2.725687
-0.300343 2.725687
-0.300355 2.725743
-0.300355 2.725743
-0.300368 2.725798
-0.300368 2.725798
-0.300380 2.725854
-0.300380 2.725854
-0.300392 2.725910
-0.300392 2.725910
-0.300404 2.725966
-0.300404 2.725966
-0.300417 2.726022
-0.300417 2.726022
-0.300429 2.726078
-0.300429 2.726078
-0.300441 2.726134
-0.300441 2.726134
-0.300453 2.726190
-0.300453 2.726190
-0.300466 2.726246
-0.300466 2.726246
-0.300478 2.726302
-0.300478 2.726302
-0.300490 2.726358
-0.300490 2.726358
-0.300503 2.726414
-0.300503 2.726414
-0.300515 2.726469
-0.300515 2.726469
-0.300527 2.726525
-0.300527 2.726525
-0.300539 2.726581
-0.300539 2.726581
-0.300552 2.726637
-0.300552 2.726637
-0.300564 2.726693
-0.300564 2.726693
-0.300576 2.726749
-0.300576 2.726749
-0.300588 2.726805
-0.300588 2.726805
-0.300601 2.726861
-0.300601 2.726861
-0.300613 2.726917
-0.300613 2.726917
-0.300625 2.726973
-0.300625 2.726973
-0.300638 2.727029
-0.300638 2.727029
-0.300650 2.727085
-0.300650 2.727085
-0.300662 2.727140
-0.300662 2.727140
-0.300674 2.727196
-0.300674 2.727196
-0.300687 2.727252
-0.300687 2.727252
-0.300699 2.727308
-0.300699 2.727308
-0.300711 2.727364
-0.300711 2.727364
-0.300723 2.727420
-0.300723 2.727420
-0.300736 2.727476
-0.300736 2.727476
-0.300748 2.727532
-0.300748 2.727532
-0.300760 2.727588
-0.300760 2.727588
-0.300772 2.727644
-0.300772 2.727644
-0.300785 2.727700
-0.300785 2.727700
-0.300797 2.727756
-0.300797 2.727756
-0.300809 2.727812
-0.300809 2.727812
-0.300822 2.727867
-0.300822 2.727867
-0.300834 2.727923
-0.300834 2.727923
-0.300160 2.721624
-0.300787 2.721251
-0.301578 2.727460
-0.301414 2.720879
-0.302321 2.726997
-0.302041 2.720506
-0.303065 2.726535
-0.302667 2.720134
-0.303809 2.726072
-0.303294 2.719761
-0.304553 2.725609
-0.303921 2.719388
-0.304548 2.719016
-0.305297 2.725146
-0.305175 2.718643
-0.306041 2.724683
-0.305802 2.718271
-0.306785 2.724220
-0.306428 2.717898
-0.307528 2.723757
-0.307055 2.717526
-0.308272 2.723294
-0.307682 2.717153
-0.308309 2.716781
-0.309016 2.722831
-0.308936 2.716408
-0.309760 2.722368
-0.309563 2.716036
-0.310504 2.721905
-0.310189 2.715663
-0.311248 2.721442
-0.310816 2.715291
-0.311991 2.720979
-0.311443 2.714918
-0.312735 2.720516
-0.312070 2.714546
-0.312697 2.714173
-0.313479 2.720053
-0.313324 2.713801
-0.314223 2.719591
-0.313950 2.713428
-0.314967 2.719128
-0.314577 2.713056
-0.315711 2.718665
-0.315204 2.712683
-0.316455 2.718202
-0.315831 2.712311
-0.316458 2.711938
-0.317198 2.717739
-0.317085 2.711566
-0.317942 2.717276
-0.317711 2.711193
-0.318686 2.716813
-0.318338 2.710821
-0.319430 2.716350
-0.318965 2.710448
-0.320174 2.715887
-0.319592 2.710076
-0.320219 2.709703
-0.320918 2.715424
-0.320845 2.709331
-0.321661 2.714961
-0.321472 2.708958
-0.322405 2.714498
-0.322099 2.708585
-0.323149 2.714035
-0.322726 2.708213
-0.323893 2.713572
-0.323353 2.707840
-0.324637 2.713110
-0.323980 2.707468
-0.324606 2.707095
-0.325381 2.712647
-0.325233 2.706723
-0.326125 2.712184
-0.325860 2.706350
-0.326868 2.711721
-0.326487 2.705978
-0.327612 2.711258
-0.327114 2.705605
-0.328356 2.710795
-0.327741 2.705233
-0.328367 2.704860
-0.329100 2.710332
-0.328994 2.704488
-0.329844 2.709869
-0.329621 2.704115
-0.330588 2.709406
-0.330248 2.703743
-0.331331 2.708943
-0.330875 2.703370
-0.332075 2.708480
-0.331502 2.702998
-0.332128 2.702625
-0.332819 2.708017
-0.332755 2.702253
-0.333563 2.707554
-0.333382 2.701880
-0.334307 2.707091
-0.334009 2.701508
-0.335051 2.706628
-0.334636 2.701135
-0.335795 2.706166
-0.335262 2.700763
-0.336538 2.705703
-0.335889 2.700390
-0.336516 2.700018
-0.337282 2.705240
-0.337143 2.699645
-0.338026 2.704777
-0.337770 2.699273
-0.338770 2.704314
-0.338397 2.698900
-0.339514 2.703851
-0.339023 2.698528
-0.340258 2.703388
-0.339650 2.698155
-0.340277 2.697783
-0.341001 2.702925
-0.340904 2.697410
-0.341745 2.702462
-0.341531 2.697037
-0.342489 2.701999
-0.342158 2.696665
-0.343233 2.701536
-0.342784 2.696292
-0.343977 2.701073
-0.343411 2.695920
-0.344038 2.695547
-0.344721 2.700610
-0.344665 2.695175
-0.345464 2.700147
-0.345292 2.694802
-0.346208 2.699684
-0.345919 2.694430
-0.346952 2.699222
-0.346545 2.694057
-0.347696 2.698759
-0.347172 2.693685
-0.348440 2.698296
-0.347799 2.693312
-0.348426 2.692940
-0.349184 2.697833
-0.349053 2.692567
-0.349928 2.697370
-0.349680 2.692195
-0.350671 2.696907
-0.350306 2.691822
-0.351415 2.696444
-0.350933 2.691450
-0.352159 2.695981
-0.351560 2.691077
-0.352187 2.690705
-0.352903 2.695518
-0.352814 2.690332
-0.353647 2.695055
-0.353440 2.689960
-0.354391 2.694592
-0.354067 2.689587
-0.355134 2.694129
-0.354694 2.689215
-0.355878 2.693666
-0.355321 2.688842
-0.355948 2.688470
-0.356622 2.693203
-0.356575 2.688097
-0.357366 2.692741
-0.357201 2.687725
-0.358110 2.692278
-0.357828 2.687352
-0.358854 2.691815
-0.358455 2.686980
-0.359598 2.691352
-0.359082 2.686607
-0.359709 2.686234
-0.360341 2.690889
-0.360336 2.685862
-0.361085 2.690426
-0.360962 2.685489
-0.361829 2.689963
-0.361589 2.685117
-0.362573 2.689500
-0.362216 2.684744
-0.363317 2.689037
-0.362843 2.684372
-0.364061 2.688574
-0.363470 2.683999
-0.364097 2.683627
-0.364804 2.688111
-0.364723 2.683254
-0.365548 2.687648
-0.365350 2.682882
-0.366292 2.687185
-0.365977 2.682509
-0.367036 2.686722
-0.366604 2.682137
-0.367780 2.686259
-0.367231 2.681764
-0.367857 2.681392
-0.368524 2.685797
-0.368484 2.681019
-0.369268 2.685334
-0.369111 2.680647
-0.370011 2.684871
-0.369738 2.680274
-0.370755 2.684408
-0.370365 2.679902
-0.371499 2.683945
-0.370992 2.679529
-0.371618 2.679157
-0.372243 2.683482
-0.372245 2.678784
-0.372987 2.683019
-0.372872 2.678412
-0.373731 2.682556
-0.373499 2.678039
-0.374474 2.682093
-0.374126 2.677667
-0.375218 2.681630
-0.374753 2.677294
-0.375962 2.681167
-0.375379 2.676922
-0.376006 2.676549
-0.376706 2.680704
-0.376633 2.676177
-0.377450 2.680241
-0.377260 2.675804
-0.378194 2.679778
-0.377887 2.675431
-0.378938 2.679315
-0.378514 2.675059
-0.379681 2.678853
-0.379140 2.674686
-0.379767 2.674314
-0.380425 2.678390
-0.380394 2.673941
-0.381169 2.677927
-0.381021 2.673569
-0.381913 2.677464
-0.381648 2.673196
-0.382657 2.677001
-0.382274 2.672824
-0.383401 2.676538
-0.382901 2.672451
-0.383528 2.672079
-0.384144 2.676075
-0.384155 2.671706
-0.384888 2.675612
-0.384782 2.671334
-0.385632 2.675149
-0.385409 2.670961
-0.386376 2.674686
-0.386035 2.670589
-0.387120 2.674223
-0.386662 2.670216
-0.387289 2.669844
-0.387864 2.673760
-0.387916 2.669471
-0.388608 2.673297
-0.388543 2.669099
-0.389351 2.672834
-0.389170 2.668726
-0.390095 2.672372
-0.389796 2.668354
-0.390839 2.671909
-0.390423 2.667981
-0.391583 2.671446
-0.391050 2.667609
-0.391677 2.667236
-0.392327 2.670983
-0.392304 2.666864
-0.393071 2.670520
-0.392931 2.666491
-0.393814 2.670057
-0.393557 2.666119
-0.394558 2.669594
-0.394184 2.665746
-0.395302 2.669131
-0.394811 2.665374
-0.395438 2.665001
-0.396046 2.668668
-0.396065 2.664629
-0.396790 2.668205
-0.396692 2.664256
-0.397534 2.667742
-0.397318 2.663883
-0.398277 2.667279
-0.397945 2.663511
-0.399021 2.666816
-0.398572 2.663138
-0.399199 2.662766
-0.399765 2.666353
-0.399826 2.662393
-0.400509 2.665890
-0.400452 2.662021
-0.401253 2.665428
-0.401079 2.661648
-0.401997 2.664965
-0.401706 2.661276
-0.402741 2.664502
-0.402333 2.660903
-0.403484 2.664039
-0.402960 2.660531
-0.403587 2.660158
-0.404228 2.663576
-0.404213 2.659786
-0.404972 2.663113
-0.404840 2.659413
-0.405716 2.662650
-0.405467 2.659041
-0.406460 2.662187
-0.406094 2.658668
-0.407204 2.661724
-0.406721 2.658296
-0.407348 2.657923
-0.407947 2.661261
-0.407974 2.657551
-0.408691 2.660798
-0.408601 2.657178
-0.409435 2.660335
-0.409228 2.656806
-0.410179 2.659872
-0.409855 2.656433
-0.410923 2.659409
-0.410482 2.656061
-0.411109 2.655688
-0.411667 2.658946
-0.411735 2.655316
-0.412411 2.658484
-0.412362 2.654943
-0.413154 2.658021
-0.412989 2.654571
-0.413898 2.657558
-0.413616 2.654198
-0.414642 2.657095
-0.414243 2.653826
-0.414869 2.653453
-0.415386 2.656632
-0.415496 2.653080
-0.416130 2.656169
-0.416123 2.652708
-0.416874 2.655706
-0.416750 2.652335
-0.417617 2.655243
-0.417377 2.651963
-0.418361 2.654780
-0.418004 2.651590
-0.419105 2.654317
-0.418630 2.651218
-0.419257 2.650845
-0.419849 2.653854
-0.419884 2.650473
-0.420593 2.653391
-0.420511 2.650100
-0.421337 2.652928
-0.421138 2.649728
-0.422081 2.652465
-0.421765 2.649355
-0.422824 2.652002
-0.422391 2.648983
-0.423018 2.648610
-0.423568 2.651540
-0.423645 2.648238
-0.424312 2.651077
-0.424272 2.647865
-0.425056 2.650614
-0.424899 2.647493
-0.425800 2.650151
-0.425526 2.647120
-0.426544 2.649688
-0.426152 2.646748
-0.426779 2.646375
-0.427287 2.649225
-0.427406 2.646003
-0.428031 2.648762
-0.428033 2.645630
-0.428775 2.648299
-0.428660 2.645258
-0.429519 2.647836
-0.429287 2.644885
-0.430263 2.647373
-0.429913 2.644513
-0.430540 2.644140
-0.431007 2.646910
-0.431167 2.643768
-0.431751 2.646447
-0.431794 2.643395
-0.432494 2.645984
-0.432421 2.643023
-0.433238 2.645521
-0.433047 2.642650
-0.433982 2.645059
-0.433674 2.642278
-0.434726 2.644596
-0.434301 2.641905
-0.434928 2.641532
-0.435470 2.644133
-0.435555 2.641160
-0.436214 2.643670
-0.436182 2.640787
-0.436957 2.643207
-0.436808 2.640415
-0.437701 2.642744
-0.437435 2.640042
-0.438445 2.642281
-0.438062 2.639670
-0.438689 2.639297
-0.439189 2.641818
-0.439316 2.638925
-0.439933 2.641355
-0.439943 2.638552
-0.440677 2.640892
-0.440569 2.638180
-0.441420 2.640429
-0.441196 2.637807
-0.442164 2.639966
-0.441823 2.637435
-0.442450 2.637062
-0.442908 2.639503
-0.443077 2.636690
-0.443652 2.639040
-0.443704 2.636317
-0.444396 2.638577
-0.444330 2.635945
-0.445140 2.638115
-0.444957 2.635572
-0.445884 2.637652
-0.445584 2.635200
-0.446211 2.634827
-0.446627 2.637189
-0.446838 2.634455
-0.447371 2.636726
-0.447464 2.634082
-0.448115 2.636263
-0.448091 2.633710
-0.448859 2.635800
-0.448718 2.633337
-0.449603 2.635337
-0.449345 2.632965
-0.450347 2.634874
-0.449972 2.632592
-0.450599 2.632220
-0.451090 2.634411
-0.451225 2.631847
-0.451834 2.633948
-0.451852 2.631475
-0.452578 2.633485
-0.452479 2.631102
-0.453322 2.633022
-0.453106 2.630729
-0.454066 2.632559
-0.453733 2.630357
-0.454360 2.629984
-0.454810 2.632096
-0.454986 2.629612
-0.455554 2.631633
-0.455613 2.629239
-0.456297 2.631171
-0.456240 2.628867
-0.457041 2.630708
-0.456867 2.628494
-0.457785 2.630245
-0.457494 2.628122
-0.458121 2.627749
-0.458529 2.629782
-0.458747 2.627377
-0.459273 2.629319
-0.459374 2.627004
-0.460017 2.628856
-0.460001 2.626632
-0.460760 2.628393
-0.460628 2.626259
-0.461504 2.627930
-0.461255 2.625887
-0.461881 2.625514
-0.462248 2.627467
-0.462508 2.625142
-0.462992 2.627004
-0.463135 2.624769
-0.463736 2.626541
-0.463762 2.624397
-0.464480 2.626078
-0.464389 2.624024
-0.465224 2.625615
-0.465016 2.623652
-0.465967 2.625152
-0.465642 2.623279
-0.466269 2.622907
-0.466711 2.624690
-0.466896 2.622534
-0.467455 2.624227
-0.467523 2.622162
-0.468199 2.623764
-0.468150 2.621789
-0.468943 2.623301
-0.468777 2.621417
-0.469687 2.622838
-0.469403 2.621044
-0.470030 2.620672
-0.470430 2.622375
-0.470657 2.620299
-0.471174 2.621912
-0.471284 2.619926
-0.471918 2.621449
-0.471911 2.619554
-0.472662 2.620986
-0.472538 2.619181
-0.473406 2.620523
-0.473164 2.618809
-0.473791 2.618436
-0.474150 2.620060
-0.474418 2.618064
-0.474894 2.619597
-0.475045 2.617691
-0.475637 2.619134
-0.475672 2.617319
-0.476381 2.618671
-0.476299 2.616946
-0.477125 2.618208
-0.476925 2.616574
-0.477552 2.616201
-0.477869 2.617746
-0.478179 2.615829
-0.478613 2.617283
-0.478806 2.615456
-0.479357 2.616820
-0.479433 2.615084
-0.480100 2.616357
-0.480059 2.614711
-0.480844 2.615894
-0.480686 2.614339
-0.481313 2.613966
-0.481588 2.615431
-0.481940 2.613594
-0.482332 2.614968
-0.482567 2.613221
-0.483076 2.614505
-0.483194 2.612849
-0.483820 2.614042
-0.483820 2.612476
-0.484563 2.613579
-0.484447 2.612104
-0.485307 2.613116
-0.485074 2.611731
-0.485701 2.611359
-0.486051 2.612653
-0.486328 2.610986
-0.486795 2.612190
-0.486955 2.610614
-0.487539 2.611727
-0.487581 2.610241
-0.488283 2.611264
-0.488208 2.609869
-0.489027 2.610802
-0.488835 2.609496
-0.489462 2.609124
-0.489770 2.610339
-0.490089 2.608751
-0.490514 2.609876
-0.490716 2.608378
-0.491258 2.609413
-0.491342 2.608006
-0.492002 2.608950
-0.491969 2.607633
-0.492746 2.608487
-0.492596 2.607261
-0.493223 2.606888
-0.493490 2.608024
-0.493850 2.606516
-0.494233 2.607561
-0.494476 2.606143
-0.494977 2.607098
-0.495103 2.605771
-0.495721 2.606635
-0.495730 2.605398
-0.496465 2.606172
-0.496357 2.605026
-0.496984 2.604653
-0.497209 2.605709
-0.497611 2.604281
-0.497953 2.605246
-0.498237 2.603908
-0.498697 2.604783
-0.498864 2.603536
-0.499440 2.604320
-0.499491 2.603163
-0.500184 2.603858
-0.500118 2.602791
-0.500928 2.603395
-0.500745 2.602418
-0.501372 2.602046
-0.501672 2.602932
-0.501998 2.601673
-0.502416 2.602469
-0.502625 2.601301
-0.503160 2.602006
-0.503252 2.600928
-0.503903 2.601543
-0.503879 2.600556
-0.504647 2.601080
-0.504506 2.600183
-0.505133 2.599811
-0.505391 2.600617
-0.505759 2.599438
-0.506135 2.600154
-0.506386 2.599066
-0.506879 2.599691
-0.507013 2.598693
-0.507623 2.599228
-0.507640 2.598321
-0.508367 2.598765
-0.508267 2.597948
-0.508894 2.597575
-0.509110 2.598302
-0.509520 2.597203
-0.509854 2.597839
-0.510147 2.596830
-0.510598 2.597377
-0.510774 2.596458
-0.511342 2.596914
-0.511401 2.596085
-0.512086 2.596451
-0.512028 2.595713
-0.512654 2.595340
-0.512830 2.595988
-0.513281 2.594968
-0.513573 2.595525
-0.513908 2.594595
-0.514317 2.595062
-0.514535 2.594223
-0.515061 2.594599
-0.515162 2.593850
-0.515805 2.594136
-0.515789 2.593478
-0.516415 2.593105
-0.516549 2.593673
-0.517042 2.592733
-0.517293 2.593210
-0.517669 2.592360
-0.518037 2.592747
-0.518296 2.591988
-0.518780 2.592284
-0.518923 2.591615
-0.519524 2.591821
-0.519550 2.591243
-0.520268 2.591358
-0.520176 2.590870
-0.520803 2.590498
-0.521012 2.590895
-0.521430 2.590125
-0.521756 2.590433
-0.522057 2.589753
-0.522500 2.589970
-0.522684 2.589380
-0.523243 2.589507
-0.523311 2.589008
-0.523987 2.589044
-0.523937 2.588635
-0.524564 2.588263
-0.524731 2.588581
-0.525191 2.587890
-0.525475 2.588118
-0.525818 2.587518
-0.526219 2.587655
-0.526445 2.587145
-0.526963 2.587192
-0.527071 2.586772
-0.527707 2.586729
-0.527698 2.586400
-0.528325 2.586027
-0.528450 2.586266
-0.528952 2.585655
-0.529194 2.585803
-0.529579 2.585282
-0.529938 2.585340
-0.530206 2.584910
-0.530682 2.584877
-0.530832 2.584537
-0.531426 2.584414
-0.531459 2.584165
-0.532086 2.583792
-0.532170 2.583951
-0.532713 2.583420
-0.532913 2.583489
-0.533340 2.583047
-0.533657 2.583026
-0.533967 2.582675
-0.534401 2.582563
-0.534593 2.582302
-0.535145 2.582100
-0.535220 2.581930
-0.535847 2.581557
-0.535889 2.581637
-0.536474 2.581185
-0.536633 2.581174
-0.537101 2.580812
-0.537376 2.580711
-0.537728 2.580440
-0.538120 2.580248
-0.538354 2.580067
-0.538864 2.579785
-0.538981 2.579695