0.537340 3.040292
0.537676 3.042328
0.537676 3.042328
0.537400 3.042274
0.537400 3.042274
0.536387 3.040016
0.536437 3.042000
0.535434 3.039741
0.535474 3.041726
0.534481 3.039466
0.534511 3.041452
0.533528 3.039191
0.533549 3.041178
0.532575 3.038915
0.532586 3.040904
0.531622 3.038640
0.531623 3.040630
0.530669 3.038365
0.530660 3.040356
0.529716 3.038090
0.529697 3.040082
0.528763 3.037814
0.528735 3.039808
0.527810 3.037539
0.527772 3.039534
0.526857 3.037264
0.526809 3.039260
0.525904 3.036988
0.525846 3.038986
0.524951 3.036713
0.524884 3.038712
0.523998 3.036438
0.523921 3.038438
0.523045 3.036163
0.522958 3.038164
0.522092 3.035887
0.521995 3.037890
0.521139 3.035612
0.521033 3.037616
0.520187 3.035337
0.520070 3.037342
0.519234 3.035062
0.519107 3.037068
0.518281 3.034786
0.518144 3.036794
0.517328 3.034511
0.517182 3.036520
0.516375 3.034236
0.516219 3.036246
0.515422 3.033960
0.515256 3.035972
0.514469 3.033685
0.514293 3.035698
0.513516 3.033410
0.513331 3.035424
0.512563 3.033135
0.512368 3.035150
0.511610 3.032859
0.511405 3.034875
0.510657 3.032584
0.510442 3.034601
0.509704 3.032309
0.509480 3.034327
0.508751 3.032034
0.508517 3.034053
0.507798 3.031758
0.507554 3.033779
0.506845 3.031483
0.506591 3.033505
0.505892 3.031208
0.505629 3.033231
0.504939 3.030932
0.504666 3.032957
0.503986 3.030657
0.503703 3.032683
0.503033 3.030382
0.502740 3.032409
0.502080 3.030107
0.501778 3.032135
0.501127 3.029831
0.500815 3.031861
0.500174 3.029556
0.499852 3.031587
0.499221 3.029281
0.498889 3.031313
0.498268 3.029005
0.497927 3.031039
0.497315 3.028730
0.496964 3.030765
0.496362 3.028455
0.496001 3.030491
0.495409 3.028180
0.495038 3.030217
0.494456 3.027904
0.494075 3.029943
0.493503 3.027629
0.493113 3.029669
0.492550 3.027354
0.492150 3.029395
0.491597 3.027079
0.491187 3.029121
0.490644 3.026803
0.490224 3.028847
0.489692 3.026528
0.489262 3.028573
0.488739 3.026253
0.488299 3.028299
0.487786 3.025977
0.487336 3.028025
0.486833 3.025702
0.486373 3.027751
0.485880 3.025427
0.485411 3.027477
0.484927 3.025152
0.484448 3.027203
0.483974 3.024876
0.483485 3.026928
0.483021 3.024601
0.482522 3.026654
0.482068 3.024326
0.481560 3.026380
0.481115 3.024051
0.480597 3.026106
0.480162 3.023775
0.479634 3.025832
0.479209 3.023500
0.478671 3.025558
0.478256 3.023225
0.477709 3.025284
0.477303 3.022949
0.476746 3.025010
0.476350 3.022674
0.475783 3.024736
0.475397 3.022399
0.474820 3.024462
0.474444 3.022124
0.473491 3.021848
0.473858 3.024188
0.472538 3.021573
0.472895 3.023914
0.471585 3.021298
0.471932 3.023640
0.470632 3.021023
0.470969 3.023366
0.469679 3.020747
0.470007 3.023092
0.468726 3.020472
0.469044 3.022818
0.467773 3.020197
0.468081 3.022544
0.466820 3.019921
0.467118 3.022270
0.465867 3.019646
0.466156 3.021996
0.464914 3.019371
0.465193 3.021722
0.463961 3.019096
0.464230 3.021448
0.463008 3.018820
0.463267 3.021174
0.462055 3.018545
0.462305 3.020900
0.461102 3.018270
0.461342 3.020626
0.460150 3.017994
0.460379 3.020352
0.459197 3.017719
0.459416 3.020078
0.458244 3.017444
0.458453 3.019804
0.457291 3.017169
0.457491 3.019530
0.456338 3.016893
0.456528 3.019256
0.455385 3.016618
0.455565 3.018981
0.454432 3.016343
0.454602 3.018707
0.453479 3.016068
0.453640 3.018433
0.452526 3.015792
0.452677 3.018159
0.451573 3.015517
0.451714 3.017885
0.450620 3.015242
0.450751 3.017611
0.449667 3.014966
0.449789 3.017337
0.448714 3.014691
0.448826 3.017063
0.447761 3.014416
0.447863 3.016789
0.446808 3.014141
0.446900 3.016515
0.445855 3.013865
0.445938 3.016241
0.444902 3.013590
0.444975 3.015967
0.443949 3.013315
0.444012 3.015693
0.442996 3.013040
0.443049 3.015419
0.442043 3.012764
0.442087 3.015145
0.441090 3.012489
0.441124 3.014871
0.440137 3.012214
0.440161 3.014597
0.439184 3.011938
0.439198 3.014323
0.438231 3.011663
0.438236 3.014049
0.437278 3.011388
0.437273 3.013775
0.436325 3.011113
0.436310 3.013501
0.435372 3.010837
0.435347 3.013227
0.434419 3.010562
0.434385 3.012953
0.433466 3.010287
0.433422 3.012679
0.432513 3.010011
0.432459 3.012405
0.431560 3.009736
0.431496 3.012131
0.430608 3.009461
0.430534 3.011857
0.429655 3.009186
0.429571 3.011583
0.428702 3.008910
0.428608 3.011309
0.427749 3.008635
0.427645 3.011034
0.426796 3.008360
0.426683 3.010760
0.425843 3.008085
0.425720 3.010486
0.424890 3.007809
0.424757 3.010212
0.423937 3.007534
0.423794 3.009938
0.422984 3.007259
0.422831 3.009664
0.422031 3.006983
0.421869 3.009390
0.421078 3.006708
0.420906 3.009116
0.420125 3.006433
0.419943 3.008842
0.419172 3.006158
0.418980 3.008568
0.418219 3.005882
0.418018 3.008294
0.417266 3.005607
0.417055 3.008020
0.416313 3.005332
0.416092 3.007746
0.415360 3.005057
0.415129 3.007472
0.414407 3.004781
0.414167 3.007198
0.413454 3.004506
0.413204 3.006924
0.412501 3.004231
0.412241 3.006650
0.411548 3.003955
0.411278 3.006376
0.410595 3.003680
0.410316 3.006102
0.409642 3.003405
0.409353 3.005828
0.408689 3.003130
0.408390 3.005554
0.407736 3.002854
0.407427 3.005280
0.406783 3.002579
0.406465 3.005006
0.405830 3.002304
0.405502 3.004732
0.404877 3.002029
0.404539 3.004458
0.403924 3.001753
0.403576 3.004184
0.402971 3.001478
0.402614 3.003910
0.402018 3.001203
0.401651 3.003636
0.401065 3.000927
0.400688 3.003362
0.400113 3.000652
0.399725 3.003088
0.399160 3.000377
0.398763 3.002813
0.398207 3.000102
0.397800 3.002539
0.397254 2.999826
0.396837 3.002265
0.396301 2.999551
0.395874 3.001991
0.395348 2.999276
0.394912 3.001717
0.394395 2.999000
0.393949 3.001443
0.393442 2.998725
0.392986 3.001169
0.392489 2.998450
0.392023 3.000895
0.391536 2.998175
0.391061 3.000621
0.390583 2.997899
0.390098 3.000347
0.389630 2.997624
0.389135 3.000073
0.388677 2.997349
0.388172 2.999799
0.387724 2.997074
0.387209 2.999525
0.386771 2.996798
0.386247 2.999251
0.385818 2.996523
0.385284 2.998977
0.384865 2.996248
0.384321 2.998703
0.383912 2.995972
0.383358 2.998429
0.382959 2.995697
0.382396 2.998155
0.382006 2.995422
0.381433 2.997881
0.381053 2.995147
0.380470 2.997607
0.380100 2.994871
0.379507 2.997333
0.379147 2.994596
0.378545 2.997059
0.378194 2.994321
0.377241 2.994046
0.377582 2.996785
0.376288 2.993770
0.376619 2.996511
0.375335 2.993495
0.375656 2.996237
0.374382 2.993220
0.374694 2.995963
0.373429 2.992944
0.373731 2.995689
0.372476 2.992669
0.372768 2.995415
0.371523 2.992394
0.371805 2.995141
0.370571 2.992119
0.370843 2.994866
0.369618 2.991843
0.369880 2.994592
0.368665 2.991568
0.368917 2.994318
0.367712 2.991293
0.367954 2.994044
0.366759 2.991018
0.366992 2.993770
0.365806 2.990742
0.366029 2.993496
0.364853 2.990467
0.365066 2.993222
0.363900 2.990192
0.364103 2.992948
0.362947 2.989916
0.363141 2.992674
0.361994 2.989641
0.362178 2.992400
0.361041 2.989366
0.361215 2.992126
0.360088 2.989091
0.360252 2.991852
0.359135 2.988815
0.359290 2.991578
0.358182 2.988540
0.358327 2.991304
0.357229 2.988265
0.357364 2.991030
0.356276 2.987989
0.356401 2.990756
0.355323 2.987714
0.355439 2.990482
0.354370 2.987439
0.354476 2.990208
0.353417 2.987164
0.353513 2.989934
0.352464 2.986888
0.352550 2.989660
0.351511 2.986613
0.351587 2.989386
0.350558 2.986338
0.350625 2.989112
0.349605 2.986063
0.349662 2.988838
0.348652 2.985787
0.348699 2.988564
0.347699 2.985512
0.347736 2.988290
0.346746 2.985237
0.346774 2.988016
0.345793 2.984961
0.345811 2.987742
0.344840 2.984686
0.344848 2.987468
0.343887 2.984411
0.343885 2.987194
0.342934 2.984136
0.342923 2.986919
0.341981 2.983860
0.341960 2.986645
0.341029 2.983585
0.340997 2.986371
0.340076 2.983310
0.340034 2.986097
0.339123 2.983035
0.339072 2.985823
0.338170 2.982759
0.338109 2.985549
0.337217 2.982484
0.337146 2.985275
0.336264 2.982209
0.336183 2.985001
0.335311 2.981933
0.335221 2.984727
0.334358 2.981658
0.334258 2.984453
0.333405 2.981383
0.333295 2.984179
0.332452 2.981108
0.332332 2.983905
0.331499 2.980832
0.331370 2.983631
0.330546 2.980557
0.330407 2.983357
0.329593 2.980282
0.329444 2.983083
0.328640 2.980007
0.328481 2.982809
0.327687 2.979731
0.327519 2.982535
0.326734 2.979456
0.326556 2.982261
0.325781 2.979181
0.325593 2.981987
0.324828 2.978905
0.324630 2.981713
0.323875 2.978630
0.323668 2.981439
0.322922 2.978355
0.322705 2.981165
0.321969 2.978080
0.321742 2.980891
0.321016 2.977804
0.320779 2.980617
0.320063 2.977529
0.319817 2.980343
0.319110 2.977254
0.318854 2.980069
0.318157 2.976978
0.317891 2.979795
0.317204 2.976703
0.316928 2.979521
0.316251 2.976428
0.315965 2.979247
0.315298 2.976153
0.315003 2.978972
0.314345 2.975877
0.314040 2.978698
0.313392 2.975602
0.313077 2.978424
0.312439 2.975327
0.312114 2.978150
0.311487 2.975052
0.311152 2.977876
0.310534 2.974776
0.310189 2.977602
0.309581 2.974501
0.309226 2.977328
0.308628 2.974226
0.308263 2.977054
0.307675 2.973950
0.307301 2.976780
0.306722 2.973675
0.306338 2.976506
0.305769 2.973400
0.305375 2.976232
0.304816 2.973125
0.304412 2.975958
0.303863 2.972849
0.303450 2.975684
0.302910 2.972574
0.302487 2.975410
0.301957 2.972299
0.301524 2.975136
0.301004 2.972024
0.300561 2.974862
0.300051 2.971748
0.299599 2.974588
0.299098 2.971473
0.298636 2.974314
0.298145 2.971198
0.297673 2.974040
0.297192 2.970922
0.296710 2.973766
0.296239 2.970647
0.295748 2.973492
0.295286 2.970372
0.294785 2.973218
0.294333 2.970097
0.293822 2.972944
0.293380 2.969821
0.292859 2.972670
0.292427 2.969546
0.291897 2.972396
0.291474 2.969271
0.290934 2.972122
0.290521 2.968996
0.289971 2.971848
0.289568 2.968720
0.289008 2.971574
0.288615 2.968445
0.288046 2.971300
0.287662 2.968170
0.287083 2.971025
0.286709 2.967894
0.286120 2.970751
0.285756 2.967619
0.285157 2.970477
0.284803 2.967344
0.284195 2.970203
0.283850 2.967069
0.283232 2.969929
0.282897 2.966793
0.282269 2.969655
0.281944 2.966518
0.281306 2.969381
0.280992 2.966243
0.280343 2.969107
0.280039 2.965967
0.279086 2.965692
0.279381 2.968833
0.278133 2.965417
0.278418 2.968559
0.277180 2.965142
0.277455 2.968285
0.276227 2.964866
0.276492 2.968011
0.275274 2.964591
0.275530 2.967737
0.274321 2.964316
0.274567 2.967463
0.273368 2.964041
0.273604 2.967189
0.272415 2.963765
0.272641 2.966915
0.271462 2.963490
0.271679 2.966641
0.270509 2.963215
0.270716 2.966367
0.269556 2.962939
0.269753 2.966093
0.268603 2.962664
0.268790 2.965819
0.267650 2.962389
0.267828 2.965545
0.266697 2.962114
0.266865 2.965271
0.265744 2.961838
0.265902 2.964997
0.264791 2.961563
0.264939 2.964723
0.263838 2.961288
0.263977 2.964449
0.262888 2.961022
0.263014 2.964175
0.261937 2.960757
0.262051 2.963901
0.260987 2.960491
0.261088 2.963627
0.260037 2.960225
0.260126 2.963353
0.259087 2.959960
0.259163 2.963079
0.258136 2.959694
0.258200 2.962804
0.257186 2.959429
0.257237 2.962530
0.256236 2.959163
0.256275 2.962256
0.255285 2.958898
0.255312 2.961982
0.254335 2.958632
0.254349 2.961708
0.253385 2.958366
0.253386 2.961434
0.252434 2.958101
0.252424 2.961160
0.251484 2.957835
0.251461 2.960886
0.250534 2.957570
0.250498 2.960612
0.249583 2.957304
0.249535 2.960338
0.248633 2.957039
0.248573 2.960064
0.247683 2.956773
0.247610 2.959790
0.246732 2.956507
0.246647 2.959516
0.245782 2.956242
0.245684 2.959242
0.244832 2.955976
0.244721 2.958968
0.243882 2.955711
0.243759 2.958694
0.242931 2.955445
0.242796 2.958420
0.241981 2.955180
0.241833 2.958146
0.241031 2.954914
0.240870 2.957872
0.240080 2.954648
0.239908 2.957598
0.239130 2.954383
0.238945 2.957324
0.238180 2.954117
0.237982 2.957050
0.237229 2.953852
0.237019 2.956776
0.236279 2.953586
0.236057 2.956502
0.235329 2.953321
0.235094 2.956228
0.234378 2.953055
0.234131 2.955954
0.233428 2.952789
0.233168 2.955680
0.232478 2.952524
0.232206 2.955406
0.231527 2.952258
0.231243 2.955132
0.230577 2.951993
0.230280 2.954857
0.229627 2.951727
0.229317 2.954583
0.228676 2.951462
0.228355 2.954309
0.227726 2.951196
0.227392 2.954035
0.226776 2.950930
0.226429 2.953761
0.225826 2.950665
0.225466 2.953487
0.224875 2.950399
0.224504 2.953213
0.223925 2.950134
0.223541 2.952939
0.222975 2.949868
0.222578 2.952665
0.222024 2.949602
0.221615 2.952391
0.221074 2.949337
0.220653 2.952117
0.220124 2.949071
0.219690 2.951843
0.219173 2.948806
0.218738 2.951566
0.218223 2.948540
0.217786 2.951289
0.217273 2.948275
0.216834 2.951013
0.216322 2.948009
0.215882 2.950736
0.215372 2.947743
0.214930 2.950459
0.214422 2.947478
0.213978 2.950182
0.213471 2.947212
0.213026 2.949905
0.212521 2.946947
0.212074 2.949628
0.211571 2.946681
0.211122 2.949351
0.210621 2.946416
0.210170 2.949075
0.209670 2.946150
0.209217 2.948798
0.208720 2.945884
0.208265 2.948521
0.207770 2.945619
0.207313 2.948244
0.206819 2.945353
0.206361 2.947967
0.205869 2.945088
0.205409 2.947690
0.204919 2.944822
0.204457 2.947413
0.203968 2.944557
0.203505 2.947137
0.203018 2.944291
0.202553 2.946860
0.202068 2.944025
0.201601 2.946583
0.201117 2.943760
0.200649 2.946306
0.200167 2.943494
0.199697 2.946029
0.199217 2.943229
0.198745 2.945752
0.198266 2.942963
0.197793 2.945475
0.197316 2.942698
0.196841 2.945199
0.196366 2.942432
0.195889 2.944922
0.195416 2.942166
0.194937 2.944645
0.194465 2.941901
0.193985 2.944368
0.193515 2.941635
0.193033 2.944091
0.192565 2.941370
0.192081 2.943814
0.191614 2.941104
0.191129 2.943537
0.190664 2.940838
0.190177 2.943261
0.189714 2.940573
0.189225 2.942984
0.188763 2.940307
0.188273 2.942707
0.187813 2.940042
0.187321 2.942430
0.186863 2.939776
0.186369 2.942153
0.185912 2.939511
0.185417 2.941876
0.184962 2.939245
0.184465 2.941599
0.184012 2.938979
0.183513 2.941323
0.183061 2.938714
0.182561 2.941046
0.182111 2.938448
0.181609 2.940769
0.181161 2.938183
0.180657 2.940492
0.180210 2.937917
0.179705 2.940215
0.179260 2.937652
0.178753 2.939938
0.178310 2.937386
0.177801 2.939662
0.177360 2.937120
0.176848 2.939385
0.176409 2.936855
0.175896 2.939108
0.175459 2.936589
0.174944 2.938831
0.174509 2.936324
0.173992 2.938554
0.173558 2.936058
0.173418 2.938369
0.172843 2.938184
0.172608 2.935793
0.172269 2.937998
0.171658 2.935527
0.171694 2.937813
0.171120 2.937628
0.170707 2.935261
0.170545 2.937442
0.169971 2.937257
0.169757 2.934996
0.169396 2.937072
0.168807 2.934730
0.168822 2.936887
0.168247 2.936701
0.167856 2.934465
0.167672 2.936516
0.167098 2.936331
0.166906 2.934199
0.166523 2.936145
0.165956 2.933934
0.165949 2.935960
0.165374 2.935775
0.165005 2.933668
0.164800 2.935590
0.164225 2.935404
0.164055 2.933402
0.163651 2.935219
0.163105 2.933137
0.163076 2.935034
0.162502 2.934848
0.162155 2.932871
0.161927 2.934663
0.161353 2.934478
0.161204 2.932606
0.160778 2.934293
0.160254 2.932340
0.160203 2.934107
0.159629 2.933922
0.159304 2.932074
0.159054 2.933737
0.158480 2.933551
0.158353 2.931809
0.157905 2.933366
0.157403 2.931543
0.157331 2.933181
0.156756 2.932996
0.156453 2.931278
0.156182 2.932810
0.155607 2.932625
0.155502 2.931012
0.155033 2.932440
0.154552 2.930747
0.154458 2.932254
0.153884 2.932069
0.153602 2.930481
0.153309 2.931884
0.152734 2.931699
0.152651 2.930215
0.152160 2.931513
0.151701 2.929950
0.151585 2.931328
0.151011 2.931143
0.150751 2.929684
0.150436 2.930957
0.149800 2.929419
0.149862 2.930772
0.149287 2.930587
0.148850 2.929153
0.148713 2.930402
0.148138 2.930216
0.147900 2.928888
0.147564 2.930031
0.146989 2.929846
0.146819 2.928585
0.146415 2.929660
0.145870 2.928321
0.145840 2.929475
0.145265 2.929290
0.144922 2.928056
0.144691 2.929105
0.144116 2.928919
0.143974 2.927791
0.143542 2.928734
0.143025 2.927526
0.142967 2.928549
0.142393 2.928363
0.142077 2.927262
0.141818 2.928178
0.141244 2.927993
0.141128 2.926997
0.140669 2.927808
0.140180 2.926732
0.140095 2.927622
0.139520 2.927437
0.139231 2.926467
0.138946 2.927252
0.138371 2.927066
0.138283 2.926203
0.137796 2.926881
0.137335 2.925938
0.137222 2.926696
0.136647 2.926511
0.136386 2.925673
0.136073 2.926325
0.135498 2.926140
0.135438 2.925408
0.134924 2.925955
0.134489 2.925144
0.134349 2.925769
0.133775 2.925584
0.133541 2.924879
0.133200 2.925399
0.132626 2.925214
0.132592 2.924614
0.132051 2.925028
0.131644 2.924349
0.131476 2.924843
0.130902 2.924658
0.130695 2.924084
0.130327 2.924472
0.129747 2.923820
0.129753 2.924287
0.129178 2.924102
0.128799 2.923555
0.128604 2.923917
0.128029 2.923731
0.127850 2.923290
0.127455 2.923546
0.126902 2.923025
0.126880 2.923361
0.126306 2.923175
0.125953 2.922761
0.125731 2.922990
0.125157 2.922805
0.125005 2.922496
0.124582 2.922620
0.124056 2.922231
0.124056 2.922231
0.124007 2.922434
0.123857 2.922203
0.123857 2.922203
0.123657 2.922175
0.123657 2.922175
0.123457 2.922147
0.123457 2.922147
0.123433 2.922249
0.123258 2.922120
0.123258 2.922120
0.123153 2.921804
0.123058 2.922092
0.123058 2.922092
0.122858 2.922064