1.952209 2.966124
1.952209 2.966124
1.952474 2.966889
1.951685 2.965756
1.949529 2.962532
1.951172 2.965039
1.951915 2.966213
1.951915 2.966213
1.951622 2.966302
1.951622 2.966302
1.952027 2.967058
1.951329 2.966391
1.951329 2.966391
1.950814 2.966058
1.951579 2.967227
1.951035 2.966480
1.951035 2.966480
1.950262 2.965357
1.948583 2.962842
1.950742 2.966569
1.950742 2.966569
1.951132 2.967396
1.950449 2.966658
1.950449 2.966658
1.949943 2.966361
1.950155 2.966747
1.950155 2.966747
1.950685 2.967566
1.949351 2.965676
1.947637 2.963152
1.949862 2.966836
1.949862 2.966836
1.950238 2.967735
1.949568 2.966924
1.949568 2.966924
1.949072 2.966664
1.949275 2.967013
1.949275 2.967013
1.949791 2.967904
1.948440 2.965994
1.946691 2.963461
1.948982 2.967102
1.948982 2.967102
1.949344 2.968073
1.948688 2.967191
1.948688 2.967191
1.948201 2.966966
1.948395 2.967280
1.948395 2.967280
1.948897 2.968243
1.947529 2.966313
1.945745 2.963771
1.948102 2.967369
1.948102 2.967369
1.948450 2.968412
1.947808 2.967458
1.947808 2.967458
1.947515 2.967547
1.947515 2.967547
1.947330 2.967269
1.948003 2.968581
1.946618 2.966631
1.947222 2.967636
1.947222 2.967636
1.944799 2.964081
1.946928 2.967725
1.946928 2.967725
1.947556 2.968750
1.946635 2.967813
1.946635 2.967813
1.946459 2.967571
1.947109 2.968920
1.946341 2.967902
1.946341 2.967902
1.945707 2.966950
1.943853 2.964391
1.946048 2.967991
1.946048 2.967991
1.946662 2.969089
1.945755 2.968080
1.945755 2.968080
1.945588 2.967874
1.946215 2.969258
1.945461 2.968169
1.945461 2.968169
1.944796 2.967268
1.942907 2.964701
1.945168 2.968258
1.945168 2.968258
1.945768 2.969427
1.944875 2.968347
1.944875 2.968347
1.944717 2.968176
1.944581 2.968436
1.944581 2.968436
1.945321 2.969597
1.943885 2.967586
1.944288 2.968525
1.944288 2.968525
1.941961 2.965011
1.944874 2.969766
1.943995 2.968613
1.943995 2.968613
1.943846 2.968479
1.943701 2.968702
1.943701 2.968702
1.944427 2.969935
1.942974 2.967905
1.943408 2.968791
1.943408 2.968791
1.941015 2.965320
1.943980 2.970104
1.943115 2.968880
1.943115 2.968880
1.942975 2.968781
1.942821 2.968969
1.942821 2.968969
1.943533 2.970274
1.942063 2.968223
1.942528 2.969058
1.942528 2.969058
1.940069 2.965630
1.943086 2.970443
1.942234 2.969147
1.942234 2.969147
1.942104 2.969084
1.941941 2.969236
1.941941 2.969236
1.942639 2.970612
1.941153 2.968542
1.941648 2.969325
1.941648 2.969325
1.939123 2.965940
1.941354 2.969414
1.941354 2.969414
1.942192 2.970781
1.941233 2.969387
1.941061 2.969502
1.941061 2.969502
1.941744 2.970951
1.940768 2.969591
1.940768 2.969591
1.940242 2.968860
1.940474 2.969680
1.940474 2.969680
1.938178 2.966250
1.941297 2.971120
1.940362 2.969689
1.940181 2.969769
1.940181 2.969769
1.940850 2.971289
1.939888 2.969858
1.939888 2.969858
1.939331 2.969179
1.939594 2.969947
1.939594 2.969947
1.939491 2.969992
1.937232 2.966560
1.940403 2.971459
1.939301 2.970036
1.939301 2.970036
1.939008 2.970125
1.939008 2.970125
1.939956 2.971628
1.938420 2.969497
1.938714 2.970214
1.938714 2.970214
1.938619 2.970294
1.939509 2.971797
1.936286 2.966869
1.938421 2.970303
1.938421 2.970303
1.938127 2.970391
1.938127 2.970391
1.939062 2.971966
1.937509 2.969816
1.937834 2.970480
1.937834 2.970480
1.937748 2.970597
1.938615 2.972136
1.935340 2.967179
1.937541 2.970569
1.937541 2.970569
1.937247 2.970658
1.937247 2.970658
1.938168 2.972305
1.936598 2.970134
1.936954 2.970747
1.936954 2.970747
1.936877 2.970899
1.936661 2.970836
1.936661 2.970836
1.937721 2.972474
1.934394 2.967489
1.936367 2.970925
1.936367 2.970925
1.937274 2.972643
1.936074 2.971014
1.936074 2.971014
1.935687 2.970452
1.936006 2.971202
1.935781 2.971103
1.935781 2.971103
1.936827 2.972813
1.933448 2.967799
1.935487 2.971191
1.935487 2.971191
1.936380 2.972982
1.935194 2.971280
1.935194 2.971280
1.934776 2.970771
1.935135 2.971505
1.934900 2.971369
1.934900 2.971369
1.935933 2.973151
1.932502 2.968109
1.934607 2.971458
1.934607 2.971458
1.935486 2.973320
1.934314 2.971547
1.934314 2.971547
1.933865 2.971089
1.934264 2.971807
1.934020 2.971636
1.934020 2.971636
1.935039 2.973490
1.933727 2.971725
1.933727 2.971725
1.931556 2.968419
1.933434 2.971814
1.933434 2.971814
1.934592 2.973659
1.932954 2.971408
1.933393 2.972110
1.933140 2.971903
1.933140 2.971903
1.934145 2.973828
1.932847 2.971992
1.932847 2.971992
1.930610 2.968728
1.932554 2.972080
1.932554 2.972080
1.933698 2.973997
1.932522 2.972412
1.932043 2.971726
1.932260 2.972169
1.932260 2.972169
1.933251 2.974167
1.931967 2.972258
1.931967 2.972258
1.929664 2.969038
1.931674 2.972347
1.931674 2.972347
1.932804 2.974336
1.931651 2.972715
1.931133 2.972045
1.931380 2.972436
1.931380 2.972436
1.931087 2.972525
1.931087 2.972525
1.932357 2.974505
1.928718 2.969348
1.930793 2.972614
1.930793 2.972614
1.931909 2.974674
1.930780 2.973017
1.930500 2.972703
1.930500 2.972703
1.930222 2.972363
1.930207 2.972792
1.930207 2.972792
1.931462 2.974844
1.929913 2.972881
1.929913 2.972881
1.927772 2.969658
1.931015 2.975013
1.929909 2.973320
1.929620 2.972969
1.929620 2.972969
1.929311 2.972681
1.929327 2.973058
1.929327 2.973058
1.930568 2.975182
1.929033 2.973147
1.929033 2.973147
1.926826 2.969968
1.929038 2.973622
1.930121 2.975351
1.928740 2.973236
1.928740 2.973236
1.928400 2.973000
1.928447 2.973325
1.928447 2.973325
1.929674 2.975521
1.928153 2.973414
1.928153 2.973414
1.925880 2.970278
1.928167 2.973925
1.927860 2.973503
1.927860 2.973503
1.929227 2.975690
1.927489 2.973318
1.927566 2.973592
1.927566 2.973592
1.928780 2.975859
1.927273 2.973681
1.927273 2.973681
1.927296 2.974228
1.924934 2.970587
1.926980 2.973769
1.926980 2.973769
1.928333 2.976028
1.926578 2.973637
1.926686 2.973858
1.926686 2.973858
1.927886 2.976198
1.926393 2.973947
1.926393 2.973947
1.926425 2.974530
1.926100 2.974036
1.926100 2.974036
1.923988 2.970897
1.927439 2.976367
1.925806 2.974125
1.925806 2.974125
1.925667 2.973955
1.925513 2.974214
1.925513 2.974214
1.926992 2.976536
1.925220 2.974303
1.925220 2.974303
1.925554 2.974833
1.923042 2.971207
1.926545 2.976705
1.924926 2.974392
1.924926 2.974392
1.924756 2.974274
1.924633 2.974481
1.924633 2.974481
1.926098 2.976875
1.924340 2.974570
1.924340 2.974570
1.924683 2.975135
1.922096 2.971517
1.925651 2.977044
1.924046 2.974658
1.924046 2.974658
1.923845 2.974592
1.923753 2.974747
1.923753 2.974747
1.925204 2.977213
1.923459 2.974836
1.923459 2.974836
1.923812 2.975438
1.924757 2.977382
1.923166 2.974925
1.923166 2.974925
1.921150 2.971827
1.922934 2.974911
1.922873 2.975014
1.922873 2.975014
1.924310 2.977552
1.922579 2.975103
1.922579 2.975103
1.922941 2.975740
1.922286 2.975192
1.922286 2.975192
1.923863 2.977721
1.920204 2.972136
1.922023 2.975229
1.921993 2.975281
1.921993 2.975281
1.923416 2.977890
1.921699 2.975370
1.921699 2.975370
1.922070 2.976043
1.921406 2.975459
1.921406 2.975459
1.922969 2.978059
1.919258 2.972446
1.921113 2.975547
1.921113 2.975547
1.921113 2.975547
1.920940 2.975622
1.920940 2.975622
1.920912 2.975632
1.922522 2.978229
1.921199 2.976346
1.920768 2.975697
1.920768 2.975697
1.920711 2.975716
1.920596 2.975771
1.920596 2.975771
1.920511 2.975801
1.922074 2.978398
1.920423 2.975846
1.920423 2.975846
1.918312 2.972756
1.920310 2.975885
1.920251 2.975920
1.920251 2.975920
1.920109 2.975970
1.920078 2.975995
1.920078 2.975995
1.921627 2.978567
1.920328 2.976648
1.919909 2.976054
1.919906 2.976069
1.919906 2.976069
1.919734 2.976144
1.919734 2.976144
1.919708 2.976139
1.919561 2.976219
1.919561 2.976219
1.921180 2.978736
1.919507 2.976223
1.917366 2.973066
1.919389 2.976293
1.919389 2.976293
1.919307 2.976308
1.919217 2.976368
1.919217 2.976368
1.920733 2.978906
1.919106 2.976392
1.919457 2.976951
1.919044 2.976442
1.919044 2.976442
1.918905 2.976477
1.918872 2.976517
1.918872 2.976517
1.918705 2.976561
1.918700 2.976591
1.918700 2.976591
1.920286 2.979075
1.916420 2.973376
1.918527 2.976666
1.918527 2.976666
1.918504 2.976646
1.918355 2.976741
1.918355 2.976741
1.918303 2.976730
1.918586 2.977253
1.919839 2.979244
1.918183 2.976815
1.918183 2.976815
1.918103 2.976815
1.918010 2.976890
1.918010 2.976890
1.917902 2.976899
1.917838 2.976964
1.917838 2.976964
1.919392 2.979413
1.917701 2.976984
1.917665 2.977039
1.917665 2.977039
1.915474 2.973686
1.917501 2.977068
1.917493 2.977113
1.917493 2.977113
1.917715 2.977556
1.918945 2.979583
1.917300 2.977153
1.917321 2.977188
1.917321 2.977188
1.917148 2.977262
1.917148 2.977262
1.917099 2.977237
1.916976 2.977337
1.916976 2.977337
1.918498 2.979752
1.916899 2.977322
1.916804 2.977412
1.916804 2.977412
1.914528 2.973995
1.916698 2.977406
1.916631 2.977486
1.916631 2.977486
1.916844 2.977858
1.916497 2.977491
1.918051 2.979921
1.916459 2.977561
1.916459 2.977561
1.916297 2.977575
1.916287 2.977635
1.916287 2.977635
1.916096 2.977660
1.916114 2.977710
1.916114 2.977710
1.917604 2.980090
1.915942 2.977784
1.915942 2.977784
1.915895 2.977744
1.913582 2.974305
1.915973 2.978161
1.915770 2.977859
1.915770 2.977859
1.915695 2.977829
1.917157 2.980260
1.915597 2.977934
1.915597 2.977934
1.915494 2.977913
1.915425 2.978008
1.915425 2.978008
1.915293 2.977998
1.915252 2.978083
1.915252 2.978083
1.916710 2.980429
1.915093 2.978082
1.915080 2.978157
1.915080 2.978157
1.912636 2.974615
1.915102 2.978463
1.914892 2.978167
1.914908 2.978232
1.914908 2.978232
1.914735 2.978306
1.914735 2.978306
1.914691 2.978251
1.914563 2.978381
1.914563 2.978381
1.914491 2.978336
1.915868 2.980717
1.914391 2.978456
1.914391 2.978456
1.914290 2.978420
1.914218 2.978530
1.914218 2.978530
1.914089 2.978505
1.914230 2.978766
1.911690 2.974925
1.914046 2.978605
1.914046 2.978605
1.913889 2.978589
1.913874 2.978679
1.913874 2.978679
1.913688 2.978674
1.913701 2.978754
1.913701 2.978754
1.915027 2.981004
1.913487 2.978758
1.913529 2.978828
1.913529 2.978828
1.913357 2.978903
1.913357 2.978903
1.913287 2.978843
1.913359 2.979069
1.913184 2.978978
1.913184 2.978978
1.910744 2.975235
1.913086 2.978927
1.913012 2.979052
1.913012 2.979052
1.912885 2.979011
1.912839 2.979127
1.912839 2.979127
1.914185 2.981292
1.912685 2.979096
1.912667 2.979201
1.912667 2.979201
1.912484 2.979180
1.912495 2.979276
1.912495 2.979276
1.912488 2.979371
1.912283 2.979265
1.912322 2.979350
1.912322 2.979350
1.909798 2.975545
1.912150 2.979425
1.912150 2.979425
1.912083 2.979349
1.913343 2.981580
1.911978 2.979500
1.911978 2.979500
1.911882 2.979434
1.911805 2.979574
1.911805 2.979574
1.911681 2.979518
1.911633 2.979649
1.911633 2.979649
1.911617 2.979674
1.911481 2.979603
1.911461 2.979723
1.911461 2.979723
1.908852 2.975854
1.911280 2.979687
1.911288 2.979798
1.911288 2.979798
1.912501 2.981868
1.911079 2.979772
1.911116 2.979872
1.911116 2.979872
1.910944 2.979947
1.910944 2.979947
1.910879 2.979856
1.910746 2.979976
1.910771 2.980021
1.910771 2.980021
1.910678 2.979941
1.910599 2.980096
1.910599 2.980096
1.910477 2.980025
1.907906 2.976164
1.910426 2.980171
1.910426 2.980171
1.911660 2.982156
1.910277 2.980110
1.910254 2.980245
1.910254 2.980245
1.910076 2.980194
1.910082 2.980320
1.910082 2.980320
1.909875 2.980279
1.909875 2.980279
1.909909 2.980394
1.909909 2.980394
1.909737 2.980469
1.909737 2.980469
1.910818 2.982444
1.906960 2.976474
1.909565 2.980543
1.909565 2.980543
1.909405 2.980480
1.909405 2.980480
1.909392 2.980618
1.909392 2.980618
1.909220 2.980693
1.909220 2.980693
1.909048 2.980767
1.909048 2.980767
1.908934 2.980682
1.908934 2.980682
1.908875 2.980842
1.908875 2.980842
1.909976 2.982731
1.908703 2.980916
1.908703 2.980916
1.906014 2.976784
1.908464 2.980884
1.908464 2.980884
1.908531 2.980991
1.908531 2.980991
1.908358 2.981065
1.908358 2.981065
1.908186 2.981140
1.908186 2.981140
1.907993 2.981085
1.907993 2.981085
1.908013 2.981215
1.908013 2.981215
1.909135 2.983019
1.907841 2.981289
1.907841 2.981289
1.905068 2.977094
1.907669 2.981364
1.907669 2.981364
1.907523 2.981287
1.907523 2.981287
1.907496 2.981438
1.907496 2.981438
1.907324 2.981513
1.907324 2.981513
1.908293 2.983307
1.907152 2.981587
1.907152 2.981587
1.907052 2.981488
1.907052 2.981488
1.906979 2.981662
1.906979 2.981662
1.904122 2.977403
1.906807 2.981737
1.906807 2.981737
1.906582 2.981690
1.906582 2.981690
1.906635 2.981811
1.906635 2.981811
1.906462 2.981886
1.906462 2.981886
1.907451 2.983595
1.906290 2.981960
1.906290 2.981960
1.906112 2.981891
1.906112 2.981891
1.906118 2.982035
1.906118 2.982035
1.903176 2.977713
1.905945 2.982109
1.905945 2.982109
1.905773 2.982184
1.905773 2.982184
1.905641 2.982093
1.905641 2.982093
1.905600 2.982259
1.905600 2.982259
1.906610 2.983883
1.905428 2.982333
1.905428 2.982333
1.905256 2.982408
1.905256 2.982408
1.905171 2.982294
1.905171 2.982294
1.905083 2.982482
1.905083 2.982482
1.902230 2.978023
1.904911 2.982557
1.904911 2.982557
1.904700 2.982496
1.904700 2.982496
1.905768 2.984171
1.904739 2.982631
1.904739 2.982631
1.904566 2.982706
1.904566 2.982706
1.904394 2.982780
1.904394 2.982780
1.904230 2.982698
1.904230 2.982698
1.904222 2.982855
1.904222 2.982855
1.901284 2.978333
1.904049 2.982930
1.904049 2.982930
1.904926 2.984458
1.903877 2.983004
1.903877 2.983004
1.903759 2.982899
1.903759 2.982899
1.903705 2.983079
1.903705 2.983079
1.903532 2.983153
1.903532 2.983153
1.903289 2.983101
1.903289 2.983101
1.903360 2.983228
1.903360 2.983228
1.900338 2.978643
1.903188 2.983302
1.903188 2.983302
1.904084 2.984746
1.903015 2.983377
1.903015 2.983377
1.902818 2.983302
1.902818 2.983302
1.902843 2.983452
1.902843 2.983452
1.902670 2.983526
1.902670 2.983526
1.902498 2.983601
1.902498 2.983601
1.902348 2.983504
1.902348 2.983504
1.899392 2.978953
1.903243 2.985034
1.902326 2.983675
1.902326 2.983675
1.902153 2.983750
1.902153 2.983750
1.901981 2.983824
1.901981 2.983824
1.901877 2.983705
1.901877 2.983705
1.901809 2.983899
1.901809 2.983899
1.901636 2.983974
1.901636 2.983974
1.902401 2.985322
1.901407 2.983907
1.901407 2.983907
1.898446 2.979262
1.901464 2.984048
1.901464 2.984048
1.901292 2.984123
1.901292 2.984123
1.901119 2.984197
1.901119 2.984197
1.900936 2.984109
1.900936 2.984109
1.900947 2.984272
1.900947 2.984272
1.900775 2.984346
1.900775 2.984346
1.901559 2.985610
1.900602 2.984421
1.900602 2.984421
1.897500 2.979572
1.900466 2.984310
1.900466 2.984310
1.900430 2.984496
1.900430 2.984496
1.900257 2.984570
1.900257 2.984570
1.900085 2.984645
1.900085 2.984645
1.899995 2.984512
1.899995 2.984512
1.900718 2.985898
1.899913 2.984719
1.899913 2.984719
1.899740 2.984794
1.899740 2.984794
1.896554 2.979882
1.899525 2.984713
1.899525 2.984713
1.899568 2.984868
1.899568 2.984868
1.899396 2.984943
1.899396 2.984943
1.899223 2.985018
1.899223 2.985018
1.899876 2.986185
1.899054 2.984915
1.899054 2.984915
1.899051 2.985092
1.899051 2.985092
1.898879 2.985167
1.898879 2.985167
1.895608 2.980192
1.898706 2.985241
1.898706 2.985241
1.898584 2.985116
1.898584 2.985116
1.898534 2.985316
1.898534 2.985316
1.898362 2.985390
1.898362 2.985390
1.899034 2.986473
1.898114 2.985318
1.898114 2.985318
1.898189 2.985465
1.898189 2.985465
1.898017 2.985539
1.898017 2.985539
1.894662 2.980502
1.897844 2.985614
1.897844 2.985614
1.897643 2.985519
1.897643 2.985519
1.897672 2.985689
1.897672 2.985689
1.898193 2.986761
1.897500 2.985763
1.897500 2.985763
1.897327 2.985838
1.897327 2.985838
1.897173 2.985721
1.897173 2.985721
1.897155 2.985912
1.897155 2.985912
1.893716 2.980812
1.896983 2.985987
1.896983 2.985987
1.896810 2.986061
1.896810 2.986061
1.896702 2.985923
1.896702 2.985923
1.897351 2.987049
1.896638 2.986136
1.896638 2.986136
1.896466 2.986211
1.896466 2.986211
1.896232 2.986124
1.896232 2.986124
1.896293 2.986285
1.896293 2.986285
1.896121 2.986360
1.896121 2.986360
1.892770 2.981121
1.895949 2.986434
1.895949 2.986434
1.896509 2.987337
1.895761 2.986326
1.895761 2.986326
1.895776 2.986509
1.895776 2.986509
1.895604 2.986583
1.895604 2.986583
1.895431 2.986658
1.895431 2.986658
1.895291 2.986527
1.895291 2.986527
1.895259 2.986733
1.895259 2.986733
1.891825 2.981431
1.895667 2.987624
1.895087 2.986807
1.895087 2.986807
1.894820 2.986729
1.894820 2.986729
1.894914 2.986882
1.894914 2.986882
1.894742 2.986956
1.894742 2.986956
1.894570 2.987031
1.894570 2.987031
1.894350 2.986930
1.894350 2.986930
1.894397 2.987105
1.894397 2.987105
1.894826 2.987912
1.890879 2.981741
1.894225 2.987180
1.894225 2.987180
1.894053 2.987255
1.894053 2.987255
1.893879 2.987132
1.893879 2.987132
1.893880 2.987329
1.893880 2.987329
1.893708 2.987404
1.893708 2.987404
1.893536 2.987478
1.893536 2.987478
1.893984 2.988200
1.893409 2.987333
1.893409 2.987333
1.889933 2.982051
1.893363 2.987553
1.893363 2.987553
1.893191 2.987627
1.893191 2.987627
1.892938 2.987535
1.892938 2.987535
1.893018 2.987702
1.893018 2.987702
1.892846 2.987777
1.892846 2.987777
1.893142 2.988488
1.892674 2.987851
1.892674 2.987851
1.892468 2.987737
1.892468 2.987737
1.888987 2.982361
1.892501 2.987926
1.892501 2.987926
1.892329 2.988000
1.892329 2.988000
1.892157 2.988075
1.892157 2.988075
1.891997 2.987938
1.891997 2.987938
1.891984 2.988149
1.891984 2.988149
1.892301 2.988776
1.891812 2.988224
1.891812 2.988224
1.891640 2.988299
1.891640 2.988299
1.891527 2.988140
1.891527 2.988140
1.888041 2.982670
1.891467 2.988373
1.891467 2.988373
1.891295 2.988448
1.891295 2.988448
1.891056 2.988341
1.891056 2.988341
1.891123 2.988522
1.891123 2.988522
1.891459 2.989064
1.890950 2.988597
1.890950 2.988597
1.890778 2.988671
1.890778 2.988671
1.887095 2.982980
1.890586 2.988543
1.890586 2.988543
1.890605 2.988746
1.890605 2.988746
1.890433 2.988820
1.890433 2.988820
1.890617 2.989351
1.890261 2.988895
1.890261 2.988895
1.890115 2.988744
1.890115 2.988744
1.890088 2.988970
1.890088 2.988970
1.889916 2.989044
1.889916 2.989044
1.886149 2.983290
1.889645 2.988946
1.889645 2.988946
1.889744 2.989119
1.889744 2.989119
1.889571 2.989193
1.889571 2.989193
1.889775 2.989639
1.889399 2.989268
1.889399 2.989268
1.889175 2.989148
1.889175 2.989148
1.889227 2.989342
1.889227 2.989342
1.889054 2.989417
1.889054 2.989417
1.885203 2.983600
1.888882 2.989492
1.888882 2.989492
1.888704 2.989349
1.888704 2.989349
1.888710 2.989566
1.888710 2.989566
1.888934 2.989927
1.888537 2.989641
1.888537 2.989641
1.888365 2.989715
1.888365 2.989715
1.888234 2.989551
1.888234 2.989551
1.888192 2.989790
1.888192 2.989790
1.888020 2.989864
1.888020 2.989864
1.884257 2.983910
1.888092 2.990215
1.887763 2.989752
1.887763 2.989752
1.887848 2.989939
1.887848 2.989939
1.887675 2.990014
1.887675 2.990014
1.887503 2.990088
1.887503 2.990088
1.887293 2.989954
1.887293 2.989954
1.887331 2.990163
1.887331 2.990163
1.887158 2.990237
1.887158 2.990237
1.883311 2.984220
1.887250 2.990503
1.886986 2.990312
1.886986 2.990312
1.886822 2.990155
1.886822 2.990155
1.886814 2.990386
1.886814 2.990386
1.886641 2.990461
1.886641 2.990461
1.886469 2.990536
1.886469 2.990536
1.886352 2.990357
1.886352 2.990357
1.886297 2.990610
1.886297 2.990610
1.886409 2.990791
1.882365 2.984529
1.886124 2.990685
1.886124 2.990685
1.885881 2.990558
1.885881 2.990558
1.885952 2.990759
1.885952 2.990759
1.885780 2.990834
1.885780 2.990834
1.885607 2.990908
1.885607 2.990908
1.885411 2.990760
1.885411 2.990760
1.885411 2.990760
1.885567 2.991078
1.885343 2.990790
1.885343 2.990790
1.885435 2.990983
1.885435 2.990983
1.885275 2.990820
1.885275 2.990820
1.881419 2.984839
1.885207 2.990850
1.885207 2.990850
1.885262 2.991058
1.885262 2.991058
1.885139 2.990880
1.885139 2.990880
1.885071 2.990910
1.885071 2.990910
1.885004 2.990940
1.885004 2.990940
1.885090 2.991132
1.885090 2.991132
1.884887 2.990880
1.884887 2.990880
1.884936 2.990970
1.884936 2.990970
1.884868 2.991000
1.884868 2.991000
1.884918 2.991207
1.884918 2.991207
1.884800 2.991030
1.884800 2.991030
1.884732 2.991060
1.884732 2.991060
1.884664 2.991090
1.884664 2.991090
1.884745 2.991281
1.884745 2.991281
1.884596 2.991120
1.884596 2.991120
1.884725 2.991366
1.884528 2.991150
1.884528 2.991150
1.884363 2.991000
1.884363 2.991000
1.884573 2.991356
1.884573 2.991356
1.884461 2.991180
1.884461 2.991180
1.884393 2.991211
1.884393 2.991211
1.884325 2.991241
1.884325 2.991241
1.880473 2.985149
1.884401 2.991430
1.884401 2.991430
1.884257 2.991271
1.884257 2.991271
1.884189 2.991301
1.884189 2.991301
1.884121 2.991331
1.884121 2.991331
1.884228 2.991505
1.884228 2.991505
1.884053 2.991361
1.884053 2.991361
1.883839 2.991120
1.883839 2.991120
1.883985 2.991391
1.883985 2.991391
1.884056 2.991579
1.884056 2.991579
1.883918 2.991421
1.883918 2.991421
1.883850 2.991451
1.883850 2.991451
1.883782 2.991481
1.883782 2.991481
1.883884 2.991654
1.883884 2.991654
1.883714 2.991511
1.883714 2.991511
1.883646 2.991541
1.883646 2.991541
1.883578 2.991571
1.883578 2.991571
1.883315 2.991240
1.883315 2.991240
1.883510 2.991601
1.883510 2.991601
1.883592 2.991778
1.883442 2.991631
1.883442 2.991631
1.879527 2.985459
1.883375 2.991661
1.883375 2.991661
1.883307 2.991691
1.883307 2.991691
1.883239 2.991721
1.883239 2.991721
1.883300 2.991901
1.883171 2.991751
1.883171 2.991751
1.883103 2.991781
1.883103 2.991781
1.882791 2.991360
1.882791 2.991360
1.883035 2.991811
1.883035 2.991811
1.882967 2.991841
1.882967 2.991841
1.883007 2.992024
1.882899 2.991871
1.882899 2.991871
1.882832 2.991901
1.882832 2.991901
1.882764 2.991931
1.882764 2.991931
1.882696 2.991961
1.882696 2.991961
1.882628 2.991991
1.882628 2.991991
1.882715 2.992148
1.882267 2.991480
1.882267 2.991480
1.882560 2.992021
1.882560 2.992021
1.878581 2.985769
1.882492 2.992051
1.882492 2.992051
1.882424 2.992081
1.882424 2.992081
1.882356 2.992111
1.882356 2.992111
1.882423 2.992271
1.882289 2.992141
1.882289 2.992141
1.882221 2.992171
1.882221 2.992171
1.882153 2.992202
1.882153 2.992202
1.881743 2.991600
1.881743 2.991600
1.882085 2.992232
1.882085 2.992232
1.882131 2.992395
1.882017 2.992262
1.882017 2.992262
1.881949 2.992292
1.881949 2.992292
1.881881 2.992322
1.881881 2.992322
1.881813 2.992352
1.881813 2.992352
1.881839 2.992518
1.881746 2.992382
1.881746 2.992382
1.881678 2.992412
1.881678 2.992412
1.881219 2.991720
1.881219 2.991720
1.877635 2.986078
1.881610 2.992442
1.881610 2.992442
1.881542 2.992472
1.881542 2.992472
1.881474 2.992502
1.881474 2.992502
1.881547 2.992642
1.881406 2.992532
1.881406 2.992532
1.881338 2.992562
1.881338 2.992562
1.881270 2.992592
1.881270 2.992592
1.881203 2.992622
1.881203 2.992622
1.880696 2.991840
1.880696 2.991840
1.881255 2.992765
1.881135 2.992652
1.881135 2.992652
1.881067 2.992682
1.881067 2.992682
1.880999 2.992712
1.880999 2.992712
1.880931 2.992742
1.880931 2.992742
1.880963 2.992889
1.880863 2.992772
1.880863 2.992772
1.880795 2.992802
1.880795 2.992802
1.876689 2.986388
1.880727 2.992832
1.880727 2.992832
1.880172 2.991960
1.880172 2.991960
1.880660 2.992862
1.880660 2.992862
1.880671 2.993012
1.880592 2.992892
1.880592 2.992892
1.880524 2.992922
1.880524 2.992922
1.880456 2.992952
1.880456 2.992952
1.880388 2.992982
1.880388 2.992982
1.880320 2.993012
1.880320 2.993012
1.880379 2.993136
1.879648 2.992080
1.879648 2.992080
1.880252 2.993042
1.880252 2.993042
1.880184 2.993072
1.880184 2.993072
1.880117 2.993102
1.880117 2.993102
1.880049 2.993132
1.880049 2.993132
1.880087 2.993259
1.879981 2.993162
1.879981 2.993162
1.879913 2.993193
1.879913 2.993193
1.879845 2.993223
1.879845 2.993223
1.875743 2.986698
1.879124 2.992199
1.879124 2.992199
1.879777 2.993253
1.879777 2.993253
1.879795 2.993383
1.879709 2.993283
1.879709 2.993283
1.879642 2.993313
1.879642 2.993313
1.879574 2.993343
1.879574 2.993343
1.879506 2.993373
1.879506 2.993373
1.879503 2.993506
1.879438 2.993403
1.879438 2.993403
1.879370 2.993433
1.879370 2.993433
1.878600 2.992319
1.878600 2.992319
1.879302 2.993463
1.879302 2.993463
1.879234 2.993493
1.879234 2.993493
1.879166 2.993523
1.879166 2.993523
1.879211 2.993629
1.879099 2.993553
1.879099 2.993553
1.879031 2.993583
1.879031 2.993583
1.878963 2.993613
1.878963 2.993613
1.874797 2.987008
1.878895 2.993643
1.878895 2.993643
1.878919 2.993753
1.878076 2.992439
1.878076 2.992439
1.878827 2.993673
1.878827 2.993673
1.878759 2.993703
1.878759 2.993703
1.878691 2.993733
1.878691 2.993733
1.878623 2.993763
1.878623 2.993763
1.878627 2.993876
1.878556 2.993793
1.878556 2.993793
1.878488 2.993823
1.878488 2.993823
1.878420 2.993853
1.878420 2.993853
1.877552 2.992559
1.877552 2.992559
1.878352 2.993883
1.878352 2.993883
1.878284 2.993913
1.878284 2.993913
1.878335 2.994000
1.878216 2.993943
1.878216 2.993943
1.878148 2.993973
1.878148 2.993973
1.878080 2.994003
1.878080 2.994003
1.873851 2.987318
1.878013 2.994033
1.878013 2.994033
1.878043 2.994123
1.877945 2.994063
1.877945 2.994063
1.877028 2.992679
1.877028 2.992679
1.877877 2.994093
1.877877 2.994093
1.877809 2.994123
1.877809 2.994123
1.877741 2.994153
1.877741 2.994153
1.877751 2.994247
1.877673 2.994184
1.877673 2.994184
1.877605 2.994214
1.877605 2.994214
1.877537 2.994244
1.877537 2.994244
1.877470 2.994274
1.877470 2.994274
1.876504 2.992799
1.876504 2.992799
1.877459 2.994370
1.877402 2.994304
1.877402 2.994304
1.877334 2.994334
1.877334 2.994334
1.877266 2.994364
1.877266 2.994364
1.877198 2.994394
1.877198 2.994394
1.872905 2.987628
1.877130 2.994424
1.877130 2.994424
1.877167 2.994494
1.877062 2.994454
1.877062 2.994454
1.876994 2.994484
1.876994 2.994484
1.875980 2.992919
1.875980 2.992919
1.876927 2.994514
1.876927 2.994514
1.876859 2.994544
1.876859 2.994544
1.876875 2.994617
1.876791 2.994574
1.876791 2.994574
1.876723 2.994604
1.876723 2.994604
1.876655 2.994634
1.876655 2.994634
1.876587 2.994664
1.876587 2.994664
1.876583 2.994741
1.876519 2.994694
1.876519 2.994694
1.875456 2.993039
1.875456 2.993039
1.876451 2.994724
1.876451 2.994724
1.876384 2.994754
1.876384 2.994754
1.876316 2.994784
1.876316 2.994784
1.871959 2.987937
1.876291 2.994864
1.876248 2.994814
1.876248 2.994814
1.876180 2.994844
1.876180 2.994844
1.876112 2.994874
1.876112 2.994874
1.876044 2.994904
1.876044 2.994904
1.874933 2.993159
1.874933 2.993159
1.875976 2.994934
1.875976 2.994934
1.875999 2.994988
1.875908 2.994964
1.875908 2.994964
1.875841 2.994994
1.875841 2.994994
1.875773 2.995024
1.875773 2.995024
1.875705 2.995054
1.875705 2.995054
1.875707 2.995111
1.875637 2.995084
1.875637 2.995084
1.875569 2.995114
1.875569 2.995114
1.874409 2.993279
1.874409 2.993279
1.875501 2.995144
1.875501 2.995144
1.875433 2.995175
1.875433 2.995175
1.875415 2.995235
1.871013 2.988247
1.875365 2.995205
1.875365 2.995205
1.875298 2.995235
1.875298 2.995235
1.875230 2.995265
1.875230 2.995265
1.875162 2.995295
1.875162 2.995295
1.875123 2.995358
1.875094 2.995325
1.875094 2.995325
1.873885 2.993399
1.873885 2.993399
1.875026 2.995355
1.875026 2.995355
1.874958 2.995385
1.874958 2.995385
1.874890 2.995415
1.874890 2.995415
1.874822 2.995445
1.874822 2.995445
1.874830 2.995481
1.874755 2.995475
1.874755 2.995475
1.874687 2.995505
1.874687 2.995505
1.873361 2.993519
1.873361 2.993519
1.874619 2.995535
1.874619 2.995535
1.874551 2.995565
1.874551 2.995565
1.874538 2.995605
1.874483 2.995595
1.874483 2.995595
1.870067 2.988557
1.874415 2.995625
1.874415 2.995625
1.874347 2.995655
1.874347 2.995655
1.874279 2.995685
1.874279 2.995685
1.874246 2.995728
1.874212 2.995715
1.874212 2.995715
1.872837 2.993639
1.872837 2.993639
1.874144 2.995745
1.874144 2.995745
1.874076 2.995775
1.874076 2.995775
1.874008 2.995805
1.874008 2.995805
1.873954 2.995852
1.873940 2.995835
1.873940 2.995835
1.873872 2.995865
1.873872 2.995865
1.873804 2.995895
1.873804 2.995895
1.873736 2.995925
1.873736 2.995925
1.872313 2.993759
1.872313 2.993759
1.873669 2.995955
1.873669 2.995955
1.873662 2.995975
1.873601 2.995985
1.873601 2.995985
1.869121 2.988867
1.873533 2.996015
1.873533 2.996015
1.873465 2.996045
1.873465 2.996045
1.873397 2.996075
1.873397 2.996075
1.873370 2.996099
1.873329 2.996105
1.873329 2.996105
1.873261 2.996135
1.873261 2.996135
1.871789 2.993879
1.871789 2.993879
1.873193 2.996166
1.873193 2.996166
1.873126 2.996196
1.873126 2.996196
1.873078 2.996222
1.873058 2.996226
1.873058 2.996226
1.872990 2.996256
1.872990 2.996256
1.872922 2.996286
1.872922 2.996286
1.872854 2.996316
1.872854 2.996316
1.872786 2.996346
1.872786 2.996346
1.871265 2.993999
1.871265 2.993999
1.868175 2.989177
1.872298 2.996479
1.870741 2.994119
1.870741 2.994119
1.871810 2.996612
1.870217 2.994239
1.870217 2.994239
1.867229 2.989487
1.871322 2.996746
1.869693 2.994359
1.869693 2.994359
1.870834 2.996879
1.866283 2.989796
1.869169 2.994479
1.869169 2.994479
1.870346 2.997013
1.868646 2.994598
1.868646 2.994598
1.869858 2.997146
1.865337 2.990106
1.868122 2.994718
1.868122 2.994718
1.869370 2.997279
1.867598 2.994838
1.867598 2.994838
1.868882 2.997413
1.864391 2.990416
1.867074 2.994958
1.867074 2.994958
1.868394 2.997546
1.866550 2.995078
1.866550 2.995078
1.867906 2.997680
1.863445 2.990726
1.866026 2.995198
1.866026 2.995198
1.867418 2.997813
1.865502 2.995318
1.865502 2.995318
1.866930 2.997946
1.862499 2.991036
1.864978 2.995438
1.864978 2.995438
1.866442 2.998080
1.864454 2.995558
1.864454 2.995558
1.865954 2.998213
1.861553 2.991345
1.863930 2.995678
1.863930 2.995678
1.865466 2.998347
1.863406 2.995798
1.863406 2.995798
1.864978 2.998480
1.860607 2.991655
1.862883 2.995918
1.862883 2.995918
1.864490 2.998613
1.862359 2.996038
1.862359 2.996038
1.864002 2.998747
1.859661 2.991965
1.861835 2.996158
1.861835 2.996158
1.863514 2.998880
1.863026 2.999014
1.861311 2.996278
1.861311 2.996278
1.858715 2.992275
1.862538 2.999147
1.860787 2.996398
1.860787 2.996398
1.862050 2.999280
1.860263 2.996518
1.860263 2.996518
1.857769 2.992585
1.861562 2.999414
1.859739 2.996638
1.859739 2.996638
1.861074 2.999547
1.856823 2.992895
1.859215 2.996758
1.859215 2.996758
1.860586 2.999681
1.858691 2.996878
1.858691 2.996878
1.860098 2.999814
1.855877 2.993204
1.858167 2.996998
1.858167 2.996998
1.859610 2.999947
1.857643 2.997117
1.857643 2.997117
1.859122 3.000081
1.854931 2.993514
1.857119 2.997237
1.857119 2.997237
1.858634 3.000214
1.856596 2.997357
1.856596 2.997357
1.858146 3.000348
1.853985 2.993824
1.856072 2.997477
1.856072 2.997477
1.857658 3.000481
1.855548 2.997597
1.855548 2.997597
1.857170 3.000614
1.853039 2.994134
1.855024 2.997717
1.855024 2.997717
1.856682 3.000748
1.854500 2.997837
1.854500 2.997837
1.856194 3.000881
1.852093 2.994444
1.853976 2.997957
1.853976 2.997957
1.855706 3.001015
1.853452 2.998077
1.853452 2.998077
1.855218 3.001148
1.851147 2.994754
1.852928 2.998197
1.852928 2.998197
1.854730 3.001281
1.852404 2.998317
1.852404 2.998317
1.854242 3.001415
1.850201 2.995063
1.851880 2.998437
1.851880 2.998437
1.853754 3.001548
1.851356 2.998557
1.851356 2.998557
1.853266 3.001682
1.849255 2.995373
1.852778 3.001815
1.850833 2.998677
1.850833 2.998677
1.852290 3.001948
1.850309 2.998797
1.850309 2.998797
1.848309 2.995683
1.851802 3.002082
1.849785 2.998917
1.849785 2.998917
1.851314 3.002215
1.849261 2.999037
1.849261 2.999037
1.847363 2.995993
1.850826 3.002348
1.848737 2.999157
1.848737 2.999157
1.850338 3.002482
1.846417 2.996303
1.848213 2.999277
1.848213 2.999277
1.849850 3.002615
1.847689 2.999397
1.847689 2.999397
1.849362 3.002749
1.845472 2.996612
1.847165 2.999517
1.847165 2.999517
1.848873 3.002882
1.846641 2.999636
1.846641 2.999636
1.848385 3.003015
1.844526 2.996922
1.846117 2.999756
1.846117 2.999756
1.847897 3.003149
1.845593 2.999876
1.845593 2.999876
1.847409 3.003282
1.843580 2.997232
1.845069 2.999996
1.845069 2.999996
1.846921 3.003416
1.844546 3.000116
1.844546 3.000116
1.846433 3.003549
1.842634 2.997542
1.844022 3.000236
1.844022 3.000236
1.845945 3.003682
1.843498 3.000356
1.843498 3.000356
1.845457 3.003816
1.841688 2.997852
1.842974 3.000476
1.842974 3.000476
1.844969 3.003949
1.842450 3.000596
1.842450 3.000596
1.844481 3.004083
1.840742 2.998162
1.841926 3.000716
1.841926 3.000716
1.843993 3.004216
1.841402 3.000836
1.841402 3.000836
1.843505 3.004349
1.839796 2.998471
1.840878 3.000956
1.840878 3.000956
1.843017 3.004483
1.842529 3.004616
1.840354 3.001076
1.840354 3.001076
1.838850 2.998781
1.842041 3.004750
1.839830 3.001196
1.839830 3.001196
1.841553 3.004883
1.837955 2.999088
1.839306 3.001316
1.839306 3.001316
1.841065 3.005016
1.838783 3.001436
1.838783 3.001436
1.837061 2.999395
1.840577 3.005150
1.838259 3.001556
1.838259 3.001556
1.840089 3.005283
1.837735 3.001676
1.837735 3.001676
1.836167 2.999702
1.839601 3.005417
1.837211 3.001796
1.837211 3.001796
1.839113 3.005550
1.836687 3.001916
1.836687 3.001916
1.835272 3.000009
1.838625 3.005683
1.836163 3.002035
1.836163 3.002035
1.838137 3.005817
1.835639 3.002155
1.835639 3.002155
1.834378 3.000316
1.837649 3.005950
1.835115 3.002275
1.835115 3.002275
1.837161 3.006084
1.834591 3.002395
1.834591 3.002395
1.833483 3.000623
1.836673 3.006217
1.834067 3.002515
1.834067 3.002515
1.836185 3.006350
1.832589 3.000930
1.833543 3.002635
1.833543 3.002635
1.835697 3.006484
1.833020 3.002755
1.833020 3.002755
1.835209 3.006617
1.831695 3.001237
1.832496 3.002875
1.832496 3.002875
1.834721 3.006751
1.831972 3.002995
1.831972 3.002995
1.834233 3.006884
1.830800 3.001544
1.831448 3.003115
1.831448 3.003115
1.833745 3.007017
1.830924 3.003235
1.830924 3.003235
1.833257 3.007151
1.829906 3.001851
1.830400 3.003355
1.830400 3.003355
1.832769 3.007284
1.832281 3.007418
1.829876 3.003475
1.829876 3.003475
1.829011 3.002158
1.831793 3.007551
1.829352 3.003595
1.829352 3.003595
1.831305 3.007684
1.828117 3.002464
1.828828 3.003715
1.828828 3.003715
1.830817 3.007818
1.828304 3.003835
1.828304 3.003835
1.827223 3.002771
1.830329 3.007951
1.827780 3.003955
1.827780 3.003955
1.829841 3.008084
1.827256 3.004075
1.827256 3.004075
1.826328 3.003078
1.829353 3.008218
1.826733 3.004195
1.826733 3.004195
1.828865 3.008351
1.826209 3.004315
1.826209 3.004315
1.825434 3.003385
1.828377 3.008485
1.825685 3.004435
1.825685 3.004435
1.827889 3.008618
1.825161 3.004554
1.825161 3.004554
1.824540 3.003692
1.827401 3.008751
1.824637 3.004674
1.824637 3.004674
1.826913 3.008885
1.823645 3.003999
1.824113 3.004794
1.824113 3.004794
1.826425 3.009018
1.823589 3.004914
1.823589 3.004914
1.825937 3.009152
1.822751 3.004306
1.823065 3.005034
1.823065 3.005034
1.825449 3.009285
1.822541 3.005154
1.822541 3.005154
1.824961 3.009418
1.821856 3.004613
1.822017 3.005274
1.822017 3.005274
1.824473 3.009552
1.821493 3.005394
1.821493 3.005394
1.823985 3.009685
1.820962 3.004920
1.820970 3.005514
1.820970 3.005514
1.823497 3.009819
1.820446 3.005634
1.820446 3.005634
1.823009 3.009952
1.820068 3.005227
1.819922 3.005754
1.819922 3.005754
1.822521 3.010085
1.822033 3.010219
1.819398 3.005874
1.819398 3.005874
1.819173 3.005534
1.821545 3.010352
1.818874 3.005994
1.818874 3.005994
1.818279 3.005841
1.821057 3.010486
1.818350 3.006114
1.818350 3.006114
1.817826 3.006234
1.817826 3.006234
1.820399 3.010640
1.817384 3.006148
1.817302 3.006354
1.817302 3.006354
1.817302 3.006354
1.819741 3.010795
1.816896 3.006404
1.816896 3.006404
1.816755 3.006501
1.816755 3.006501
1.816490 3.006455
1.816490 3.006455
1.819083 3.010950
1.816208 3.006649
1.816208 3.006649
1.818425 3.011105
1.815661 3.006796
1.815661 3.006796
1.815514 3.006677
1.817767 3.011260
1.815115 3.006944
1.815115 3.006944
1.814539 3.006900
1.814568 3.007092
1.814568 3.007092
1.817109 3.011414
1.814021 3.007239
1.814021 3.007239
1.816452 3.011569
1.813563 3.007122
1.813474 3.007387
1.813474 3.007387
1.815794 3.011724
1.812927 3.007534
1.812927 3.007534
1.812587 3.007345
1.815136 3.011879
1.812380 3.007682
1.812380 3.007682
1.814478 3.012033
1.811833 3.007829
1.811833 3.007829
1.811611 3.007567
1.811286 3.007977
1.811286 3.007977
1.813820 3.012188
1.810635 3.007790
1.810739 3.008124
1.810739 3.008124
1.813162 3.012343
1.810192 3.008272
1.810192 3.008272
1.812504 3.012498
1.809660 3.008012
1.809646 3.008419
1.809646 3.008419
1.811846 3.012653
1.809099 3.008567
1.809099 3.008567
1.808684 3.008235
1.811189 3.012807
1.808552 3.008715
1.808552 3.008715
1.810531 3.012962
1.808005 3.008862
1.808005 3.008862
1.807708 3.008457
1.807458 3.009010
1.807458 3.009010
1.809873 3.013117
1.806732 3.008680
1.806911 3.009157
1.806911 3.009157
1.809215 3.013272
1.806364 3.009305
1.806364 3.009305
1.808557 3.013427
1.805756 3.008902
1.805817 3.009452
1.805817 3.009452
1.807899 3.013581
1.805270 3.009600
1.805270 3.009600
1.804781 3.009125
1.807241 3.013736
1.804723 3.009747
1.804723 3.009747
1.806583 3.013891
1.804177 3.009895
1.804177 3.009895
1.803805 3.009347
1.803630 3.010043
1.803630 3.010043
1.805926 3.014046
1.802829 3.009570
1.803083 3.010190
1.803083 3.010190
1.805268 3.014200
1.802536 3.010338
1.802536 3.010338
1.804610 3.014355
1.801853 3.009792
1.801989 3.010485
1.801989 3.010485
1.803952 3.014510
1.801442 3.010633
1.801442 3.010633
1.800877 3.010015
1.803294 3.014665
1.800895 3.010780
1.800895 3.010780
1.800348 3.010928
1.800348 3.010928
1.799902 3.010237
1.802636 3.014820
1.799801 3.011075
1.799801 3.011075
1.801978 3.014974
1.798926 3.010460
1.799255 3.011223
1.799255 3.011223
1.801321 3.015129
1.798708 3.011371
1.798708 3.011371
1.797950 3.010682
1.800663 3.015284
1.798161 3.011518
1.798161 3.011518
1.800005 3.015439
1.797614 3.011666
1.797614 3.011666
1.796974 3.010905
1.799347 3.015594
1.797067 3.011813
1.797067 3.011813
1.796520 3.011961
1.796520 3.011961
1.795998 3.011127
1.798689 3.015748
1.795973 3.012108
1.795973 3.012108
1.798031 3.015903
1.795023 3.011350
1.795426 3.012256
1.795426 3.012256
1.797373 3.016058
1.794879 3.012403
1.794879 3.012403
1.794047 3.011572
1.796715 3.016213
1.794332 3.012551
1.794332 3.012551
1.796058 3.016367
1.793786 3.012699
1.793786 3.012699
1.793071 3.011795
1.793239 3.012846
1.793239 3.012846
1.795400 3.016522
1.792692 3.012994
1.792692 3.012994
1.792095 3.012017
1.794742 3.016677
1.792145 3.013141
1.792145 3.013141
1.794084 3.016832
1.791119 3.012240
1.791598 3.013289
1.791598 3.013289
1.793426 3.016987
1.791051 3.013436
1.791051 3.013436
1.790144 3.012462
1.792768 3.017141
1.790504 3.013584
1.790504 3.013584
1.792110 3.017296
1.789957 3.013731
1.789957 3.013731
1.789168 3.012685
1.789410 3.013879
1.789410 3.013879
1.791452 3.017451
1.788863 3.014026
1.788863 3.014026
1.788192 3.012908
1.790795 3.017606
1.788317 3.014174
1.788317 3.014174
1.790137 3.017761
1.787216 3.013130
1.787770 3.014322
1.787770 3.014322
1.789479 3.017915
1.787223 3.014469
1.787223 3.014469
1.786241 3.013353
1.788821 3.018070
1.786676 3.014617
1.786676 3.014617
1.786129 3.014764
1.786129 3.014764
1.788163 3.018225
1.785265 3.013575
1.785582 3.014912
1.785582 3.014912
1.787505 3.018380
1.784289 3.013798
1.785035 3.015059
1.785035 3.015059
1.786847 3.018534
1.784488 3.015207
1.784488 3.015207
1.786190 3.018689
1.783313 3.014020
1.783941 3.015354
1.783941 3.015354
1.785532 3.018844
1.783394 3.015502
1.783394 3.015502
1.782337 3.014243
1.784874 3.018999
1.782848 3.015650
1.782848 3.015650
1.782301 3.015797
1.782301 3.015797
1.784216 3.019154
1.781362 3.014465
1.781754 3.015945
1.781754 3.015945
1.783558 3.019308
1.780386 3.014688
1.781207 3.016092
1.781207 3.016092
1.782900 3.019463
1.780660 3.016240
1.780660 3.016240
1.782242 3.019618
1.779410 3.014910
1.780113 3.016387
1.780113 3.016387
1.781584 3.019773
1.779566 3.016535
1.779566 3.016535
1.778434 3.015133
1.779019 3.016682
1.779019 3.016682
1.780927 3.019928
1.778472 3.016830
1.778472 3.016830
1.780269 3.020082
1.777458 3.015355
1.777925 3.016978
1.777925 3.016978
1.779611 3.020237
1.776483 3.015578
1.777379 3.017125
1.777379 3.017125
1.778953 3.020392
1.776832 3.017273
1.776832 3.017273
1.775507 3.015800
1.778295 3.020547
1.776285 3.017420
1.776285 3.017420
1.777637 3.020702
1.775738 3.017568
1.775738 3.017568
1.774531 3.016023
1.775191 3.017715
1.775191 3.017715
1.776979 3.020856
1.774644 3.017863
1.774644 3.017863
1.773555 3.016245
1.776321 3.021011
1.774097 3.018010
1.774097 3.018010
1.775664 3.021166
1.772579 3.016468
1.773550 3.018158
1.773550 3.018158
1.775006 3.021321
1.773003 3.018306
1.773003 3.018306
1.771604 3.016690
1.774348 3.021475
1.772457 3.018453
1.772457 3.018453
1.773690 3.021630
1.771910 3.018601
1.771910 3.018601
1.770628 3.016913
1.771363 3.018748
1.771363 3.018748
1.773032 3.021785
1.770816 3.018896
1.770816 3.018896
1.769652 3.017135
1.772374 3.021940
1.770269 3.019043
1.770269 3.019043
1.771716 3.022095
1.768676 3.017358
1.769722 3.019191
1.769722 3.019191
1.771059 3.022249
1.769175 3.019338
1.769175 3.019338
1.767700 3.017580
1.770401 3.022404
1.768628 3.019486
1.768628 3.019486
1.768081 3.019634
1.768081 3.019634
1.769743 3.022559
1.766725 3.017803
1.767534 3.019781
1.767534 3.019781
1.769085 3.022714
1.766988 3.019929
1.766988 3.019929
1.765749 3.018025
1.768427 3.022869
1.766441 3.020076
1.766441 3.020076
1.767769 3.023023
1.764773 3.018248
1.765894 3.020224
1.765894 3.020224
1.767111 3.023178
1.765347 3.020371
1.765347 3.020371
1.763797 3.018470
1.766453 3.023333
1.764800 3.020519
1.764800 3.020519
1.764253 3.020666
1.764253 3.020666
1.765796 3.023488
1.762822 3.018693
1.763706 3.020814
1.763706 3.020814
1.765138 3.023642
1.763159 3.020961
1.763159 3.020961
1.761846 3.018915
1.764480 3.023797
1.762612 3.021109
1.762612 3.021109
1.763822 3.023952
1.760870 3.019138
1.762065 3.021257
1.762065 3.021257
1.763164 3.024107
1.761519 3.021404
1.761519 3.021404
1.759894 3.019360
1.760972 3.021552
1.760972 3.021552
1.762506 3.024262
1.760425 3.021699
1.760425 3.021699
1.761848 3.024416
1.758918 3.019583
1.759878 3.021847
1.759878 3.021847
1.761190 3.024571
1.759331 3.021994
1.759331 3.021994
1.757943 3.019805
1.760533 3.024726
1.758784 3.022142
1.758784 3.022142
1.759875 3.024881
1.756967 3.020028
1.758237 3.022289
1.758237 3.022289
1.759217 3.025036
1.757690 3.022437
1.757690 3.022437
1.755991 3.020250
1.757143 3.022585
1.757143 3.022585
1.758559 3.025190
1.756596 3.022732
1.756596 3.022732
1.757901 3.025345
1.755015 3.020473
1.756050 3.022880
1.756050 3.022880
1.757243 3.025500
1.755503 3.023027
1.755503 3.023027
1.754039 3.020696
1.756585 3.025655
1.754956 3.023175
1.754956 3.023175
1.755928 3.025809
1.753064 3.020918
1.754409 3.023322
1.754409 3.023322
1.753862 3.023470
1.753862 3.023470
1.755270 3.025964
1.752088 3.021141
1.753315 3.023617
1.753315 3.023617
1.754612 3.026119
1.752768 3.023765
1.752768 3.023765
1.751112 3.021363
1.753954 3.026274
1.752221 3.023913
1.752221 3.023913
1.753296 3.026429
1.751674 3.024060
1.751674 3.024060
1.750136 3.021586
1.752638 3.026583
1.751128 3.024208
1.751128 3.024208
1.749160 3.021808
1.751980 3.026738
1.750581 3.024355
1.750581 3.024355
1.750034 3.024503
1.750034 3.024503
1.751322 3.026893
1.748185 3.022031
1.749487 3.024650
1.749487 3.024650
1.750665 3.027048
1.748940 3.024798
1.748940 3.024798
1.747209 3.022253
1.750007 3.027203
1.750007 3.027203
1.748393 3.024945
1.748393 3.024945
1.749420 3.027339
1.749420 3.027339
1.749302 3.027365
1.747846 3.025093
1.747846 3.025093
1.746233 3.022476
1.748833 3.027475
1.748833 3.027475
1.747299 3.025241
1.747299 3.025241
1.748598 3.027527
1.748246 3.027611
1.748246 3.027611
1.745257 3.022698
1.746752 3.025388
1.746752 3.025388
1.747894 3.027689
1.747659 3.027748
1.747659 3.027748
1.746205 3.025536
1.746205 3.025536
1.747190 3.027851
1.744281 3.022921
1.747072 3.027884
1.747072 3.027884
1.745659 3.025683
1.745659 3.025683
1.746486 3.028013
1.746485 3.028020
1.746485 3.028020
1.745112 3.025831
1.745112 3.025831
1.743306 3.023143
1.745898 3.028157
1.745898 3.028157
1.744565 3.025978
1.744565 3.025978
1.745781 3.028175
1.745311 3.028293
1.745311 3.028293
1.744018 3.026126
1.744018 3.026126
1.742330 3.023366
1.745077 3.028338
1.744723 3.028429
1.744723 3.028429
1.743471 3.026273
1.743471 3.026273
1.744373 3.028500
1.741354 3.023588
1.742924 3.026421
1.742924 3.026421
1.744136 3.028566
1.744136 3.028566
1.743669 3.028662
1.742377 3.026569
1.742377 3.026569
1.743549 3.028702
1.743549 3.028702
1.740378 3.023811
1.741830 3.026716
1.741830 3.026716
1.742965 3.028824
1.742962 3.028838
1.742962 3.028838
1.741283 3.026864
1.741283 3.026864
1.742375 3.028975
1.742375 3.028975
1.742260 3.028986
1.739403 3.024033
1.740736 3.027011
1.740736 3.027011
1.741788 3.029111
1.741788 3.029111
1.741556 3.029148
1.740190 3.027159
1.740190 3.027159
1.738427 3.024256
1.741201 3.029247
1.741201 3.029247
1.740852 3.029310
1.739643 3.027306
1.739643 3.027306
1.740614 3.029383
1.740614 3.029383
1.737451 3.024478
1.739096 3.027454
1.739096 3.027454
1.740148 3.029473
1.740027 3.029520
1.740027 3.029520
1.738549 3.027601
1.738549 3.027601
1.739444 3.029635
1.739440 3.029656
1.739440 3.029656
1.736475 3.024701
1.738002 3.027749
1.738002 3.027749
1.738853 3.029792
1.738853 3.029792
1.738739 3.029797
1.737455 3.027896
1.737455 3.027896
1.735499 3.024923
1.738266 3.029929
1.738266 3.029929
1.738035 3.029959
1.736908 3.028044
1.736908 3.028044
1.737679 3.030065
1.737679 3.030065
1.736361 3.028192
1.736361 3.028192
1.734524 3.025146
1.737331 3.030121
1.737092 3.030201
1.737092 3.030201
1.735814 3.028339
1.735814 3.028339
1.736627 3.030283
1.736505 3.030338
1.736505 3.030338
1.733548 3.025368
1.735267 3.028487
1.735267 3.028487
1.735923 3.030445
1.735918 3.030474
1.735918 3.030474
1.734721 3.028634
1.734721 3.028634
1.732572 3.025591
1.735331 3.030610
1.735331 3.030610
1.734174 3.028782
1.734174 3.028782
1.735218 3.030608
1.734744 3.030747
1.734744 3.030747
1.733627 3.028929
1.733627 3.028929
1.734514 3.030770
1.731596 3.025813
1.734157 3.030883
1.734157 3.030883
1.733080 3.029077
1.733080 3.029077
1.733810 3.030932
1.733570 3.031019
1.733570 3.031019
1.732533 3.029224
1.732533 3.029224
1.730620 3.026036
1.733106 3.031094
1.731986 3.029372
1.731986 3.029372
1.732983 3.031155
1.732983 3.031155
1.729645 3.026258
1.731439 3.029520
1.731439 3.029520
1.732402 3.031256
1.732396 3.031292
1.732396 3.031292
1.730892 3.029667
1.730892 3.029667
1.731809 3.031428
1.731809 3.031428
1.731697 3.031418
1.728669 3.026481
1.730345 3.029815
1.730345 3.029815
1.731222 3.031564
1.731222 3.031564
1.730993 3.031580
1.729799 3.029962
1.729799 3.029962
1.730635 3.031701
1.730635 3.031701
1.727693 3.026703
1.730289 3.031743
1.729252 3.030110
1.729252 3.030110
1.730048 3.031837
1.730048 3.031837
1.728705 3.030257
1.728705 3.030257
1.729585 3.031905
1.726717 3.026926
1.729461 3.031973
1.729461 3.031973
1.728158 3.030405
1.728158 3.030405
1.728881 3.032067
1.728874 3.032110
1.728874 3.032110
1.725741 3.027148
1.727611 3.030552
1.727611 3.030552
1.728287 3.032246
1.728287 3.032246
1.728177 3.032229
1.727064 3.030700
1.727064 3.030700
1.727700 3.032382
1.727700 3.032382
1.724766 3.027371
1.727472 3.032391
1.726517 3.030848
1.726517 3.030848
1.727113 3.032519
1.727113 3.032519
1.725970 3.030995
1.725970 3.030995
1.726768 3.032553
1.723790 3.027593
1.726526 3.032655
1.726526 3.032655
1.725423 3.031143
1.725423 3.031143
1.726064 3.032715
1.725939 3.032791
1.725939 3.032791
1.724876 3.031290
1.724876 3.031290
1.722814 3.027816
1.725360 3.032878
1.725352 3.032928
1.725352 3.032928
1.724330 3.031438
1.724330 3.031438
1.724765 3.033064
1.724765 3.033064
1.721838 3.028039
1.724656 3.033040
1.723783 3.031585
1.723783 3.031585
1.724178 3.033200
1.724178 3.033200
1.723236 3.031733
1.723236 3.031733
1.723951 3.033202
1.720862 3.028261
1.723591 3.033336
1.723591 3.033336
1.722689 3.031880
1.722689 3.031880
1.723247 3.033364
1.723004 3.033473
1.723004 3.033473
1.722142 3.032028
1.722142 3.032028
1.719887 3.028484
1.722543 3.033526
1.722417 3.033609
1.722417 3.033609
1.721595 3.032176
1.721595 3.032176
1.721839 3.033688
1.721048 3.032323
1.721048 3.032323
1.721830 3.033745
1.721830 3.033745
1.718911 3.028706
1.720501 3.032471
1.720501 3.032471
1.721243 3.033882
1.721243 3.033882
1.721135 3.033850
1.717935 3.028929
1.719954 3.032618
1.719954 3.032618
1.720656 3.034018
1.720656 3.034018
1.720430 3.034013
1.719407 3.032766
1.719407 3.032766
1.720069 3.034154
1.720069 3.034154
1.716959 3.029151
1.719726 3.034175
1.718861 3.032913
1.718861 3.032913
1.719482 3.034291
1.719482 3.034291
1.718314 3.033061
1.718314 3.033061
1.719022 3.034337
1.718895 3.034427
1.718895 3.034427
1.715984 3.029374
1.717767 3.033208
1.717767 3.033208
1.718318 3.034499
1.718308 3.034563
1.718308 3.034563
1.717220 3.033356
1.717220 3.033356
1.715008 3.029596
1.717721 3.034700
1.717721 3.034700
1.717614 3.034661
1.716673 3.033504
1.716673 3.033504
1.717134 3.034836
1.717134 3.034836
1.716909 3.034823
1.714032 3.029819
1.716126 3.033651
1.716126 3.033651
1.716546 3.034972
1.716546 3.034972
1.715579 3.033799
1.715579 3.033799
1.716205 3.034985
1.715959 3.035108
1.715959 3.035108
1.713056 3.030041
1.715032 3.033946
1.715032 3.033946
1.715501 3.035148
1.715372 3.035245
1.715372 3.035245
1.714485 3.034094
1.714485 3.034094
1.712080 3.030264
1.714797 3.035310
1.714785 3.035381
1.714785 3.035381
1.713938 3.034241
1.713938 3.034241
1.714198 3.035517
1.714198 3.035517
1.714093 3.035472
1.713392 3.034389
1.713392 3.034389
1.711105 3.030486
1.713611 3.035654
1.713611 3.035654
1.712845 3.034536
1.712845 3.034536
1.713388 3.035634
1.713024 3.035790
1.713024 3.035790
1.710129 3.030709
1.712298 3.034684
1.712298 3.034684
1.712684 3.035796
1.712437 3.035926
1.712437 3.035926
1.711751 3.034831
1.711751 3.034831
1.709153 3.030931
1.711980 3.035958
1.711850 3.036063
1.711850 3.036063
1.711204 3.034979
1.711204 3.034979
1.711276 3.036120
1.711263 3.036199
1.711263 3.036199
1.710657 3.035127
1.710657 3.035127
1.708177 3.031154
1.710110 3.035274
1.710110 3.035274
1.710676 3.036335
1.710676 3.036335
1.710572 3.036283
1.709563 3.035422
1.709563 3.035422
1.710089 3.036472
1.710089 3.036472
1.707201 3.031376
1.709867 3.036445
1.709016 3.035569
1.709016 3.035569
1.709502 3.036608
1.709502 3.036608
1.709163 3.036607
1.706226 3.031599
1.708470 3.035717
1.708470 3.035717
1.708915 3.036744
1.708915 3.036744
1.708459 3.036769
1.707923 3.035864
1.707923 3.035864
1.708328 3.036880
1.708328 3.036880
1.705250 3.031821
1.707376 3.036012
1.707376 3.036012
1.707755 3.036931
1.707741 3.037017
1.707741 3.037017
1.706829 3.036159
1.706829 3.036159
1.707154 3.037153
1.707154 3.037153
1.704274 3.032044
1.707051 3.037093
1.706282 3.036307
1.706282 3.036307
1.706567 3.037289
1.706567 3.037289
1.706346 3.037255
1.705735 3.036455
1.705735 3.036455
1.703298 3.032266
1.705980 3.037426
1.705980 3.037426
1.705188 3.036602
1.705188 3.036602
1.705642 3.037418
1.705393 3.037562
1.705393 3.037562
1.702322 3.032489
1.704641 3.036750
1.704641 3.036750
1.704938 3.037580
1.704806 3.037698
1.704806 3.037698
1.704094 3.036897
1.704094 3.036897
1.704234 3.037742
1.701347 3.032711
1.704219 3.037835
1.704219 3.037835
1.703547 3.037045
1.703547 3.037045
1.703632 3.037971
1.703632 3.037971
1.703530 3.037904
1.703001 3.037192
1.703001 3.037192
1.700371 3.032934
1.703045 3.038107
1.703045 3.038107
1.702454 3.037340
1.702454 3.037340
1.702825 3.038066
1.702458 3.038244
1.702458 3.038244
1.701907 3.037487
1.701907 3.037487
1.699395 3.033156
1.702121 3.038228
1.701871 3.038380
1.701871 3.038380
1.701360 3.037635
1.701360 3.037635
1.701417 3.038390
1.698419 3.033379
1.701284 3.038516
1.701284 3.038516
1.700813 3.037783
1.700813 3.037783
1.700713 3.038553
1.700697 3.038652
1.700697 3.038652
1.700266 3.037930
1.700266 3.037930
1.697443 3.033601
1.699719 3.038078
1.699719 3.038078
1.700110 3.038789
1.700110 3.038789
1.700009 3.038715
1.699172 3.038225
1.699172 3.038225
1.699523 3.038925
1.699523 3.038925
1.699304 3.038877
1.696468 3.033824
1.698625 3.038373
1.698625 3.038373
1.698936 3.039061
1.698936 3.039061
1.698600 3.039039
1.698078 3.038520
1.698078 3.038520
1.695492 3.034046
1.698349 3.039198
1.698349 3.039198
1.697896 3.039201
1.697532 3.038668
1.697532 3.038668
1.697762 3.039334
1.697762 3.039334
1.694516 3.034269
1.696985 3.038815
1.696985 3.038815
1.697192 3.039363
1.697175 3.039470
1.697175 3.039470
1.696438 3.038963
1.696438 3.038963
1.696588 3.039607
1.696588 3.039607
1.696488 3.039525
1.693540 3.034491
1.695891 3.039111
1.695891 3.039111
1.696001 3.039743
1.696001 3.039743
1.695783 3.039688
1.695344 3.039258
1.695344 3.039258
1.692565 3.034714
1.695414 3.039879
1.695414 3.039879
1.695079 3.039850
1.694797 3.039406
1.694797 3.039406
1.694827 3.040016
1.694827 3.040016
1.694250 3.039553
1.694250 3.039553
1.691589 3.034936
1.694375 3.040012
1.694240 3.040152
1.694240 3.040152
1.693703 3.039701
1.693703 3.039701
1.693671 3.040174
1.693653 3.040288
1.693653 3.040288
1.690613 3.035159
1.693156 3.039848
1.693156 3.039848
1.693066 3.040425
1.693066 3.040425
1.692967 3.040336
1.692609 3.039996
1.692609 3.039996
1.689637 3.035381
1.692479 3.040561
1.692479 3.040561
1.692262 3.040498
1.692063 3.040143
1.692063 3.040143
1.691892 3.040697
1.691892 3.040697
1.691516 3.040291
1.691516 3.040291
1.691558 3.040660
1.688661 3.035604
1.691305 3.040833
1.691305 3.040833
1.690969 3.040439
1.690969 3.040439
1.690854 3.040823
1.690718 3.040970
1.690718 3.040970
1.690422 3.040586
1.690422 3.040586
1.687686 3.035827
1.690150 3.040985
1.690131 3.041106
1.690131 3.041106
1.689875 3.040734
1.689875 3.040734
1.686710 3.036049
1.689544 3.041242
1.689544 3.041242
1.689328 3.040881
1.689328 3.040881
1.689446 3.041147
1.688781 3.041029
1.688781 3.041029
1.688957 3.041379
1.688957 3.041379
1.688741 3.041309
1.685734 3.036272
1.688234 3.041176
1.688234 3.041176
1.688369 3.041515
1.688369 3.041515
1.688037 3.041471
1.687687 3.041324
1.687687 3.041324
1.687782 3.041651
1.687782 3.041651
1.684758 3.036494
1.687333 3.041633
1.687141 3.041471
1.687141 3.041471
1.687195 3.041788
1.687195 3.041788
1.686594 3.041619
1.686594 3.041619
1.686629 3.041795
1.683782 3.036717
1.686608 3.041924
1.686608 3.041924
1.686047 3.041766
1.686047 3.041766
1.686021 3.042060
1.686021 3.042060
1.685925 3.041958
1.682807 3.036939
1.685500 3.041914
1.685500 3.041914
1.685434 3.042197
1.685434 3.042197
1.685220 3.042120
1.684953 3.042062
1.684953 3.042062
1.684847 3.042333
1.684847 3.042333
1.681831 3.037162
1.684516 3.042282
1.684406 3.042209
1.684406 3.042209
1.684260 3.042469
1.684260 3.042469
1.683859 3.042357
1.683859 3.042357
1.683812 3.042444
1.680855 3.037384
1.683673 3.042605
1.683673 3.042605
1.683312 3.042504
1.683312 3.042504
1.683108 3.042606
1.683086 3.042742
1.683086 3.042742
1.682765 3.042652
1.682765 3.042652
1.679879 3.037607
1.682499 3.042878
1.682499 3.042878
1.682404 3.042768
1.682218 3.042799
1.682218 3.042799
1.681912 3.043014
1.681912 3.043014
1.678903 3.037829
1.681699 3.042930
1.681672 3.042947
1.681672 3.042947
1.681325 3.043151
1.681325 3.043151
1.681125 3.043094
1.681125 3.043094
1.680995 3.043093
1.677928 3.038052
1.680738 3.043287
1.680738 3.043287
1.680578 3.043242
1.680578 3.043242
1.680291 3.043255
1.680151 3.043423
1.680151 3.043423
1.680031 3.043390
1.680031 3.043390
1.676952 3.038274
1.679587 3.043417
1.679564 3.043560
1.679564 3.043560
1.679484 3.043537
1.679484 3.043537
1.678977 3.043696
1.678977 3.043696
1.678883 3.043579
1.678937 3.043685
1.678937 3.043685
1.675976 3.038497
1.678390 3.043832
1.678390 3.043832
1.678390 3.043832
1.678178 3.043741
1.675000 3.038719
1.677474 3.043903
1.677391 3.044057
1.677391 3.044057
1.674024 3.038942
1.676770 3.044066
1.676392 3.044282
1.676392 3.044282
1.676066 3.044228
1.673049 3.039164
1.675362 3.044390
1.675393 3.044507
1.675393 3.044507
1.672073 3.039387
1.674657 3.044552
1.674394 3.044732
1.674394 3.044732
1.673953 3.044714
1.671097 3.039609
1.673395 3.044956
1.673395 3.044956
1.673249 3.044876
1.670121 3.039832
1.672545 3.045038
1.672397 3.045181
1.672397 3.045181
1.669145 3.040054
1.671841 3.045201
1.671398 3.045406
1.671398 3.045406
1.671136 3.045363
1.668170 3.040277
1.670432 3.045525
1.670399 3.045631
1.670399 3.045631
1.667194 3.040499
1.669728 3.045687
1.669400 3.045856
1.669400 3.045856
1.666218 3.040722
1.669024 3.045849
1.668401 3.046081
1.668401 3.046081
1.668320 3.046011
1.665242 3.040944
1.667615 3.046173
1.667402 3.046305
1.667402 3.046305
1.664267 3.041167
1.666911 3.046336
1.666403 3.046530
1.666403 3.046530
1.666207 3.046498
1.663291 3.041389
1.665503 3.046660
1.665404 3.046755
1.665404 3.046755
1.662315 3.041612
1.664799 3.046822
1.664405 3.046980
1.664405 3.046980
1.661339 3.041834
1.664094 3.046984
1.663390 3.047146
1.663406 3.047205
1.663406 3.047205
1.660363 3.042057
1.662686 3.047308
1.662407 3.047430
1.662407 3.047430
1.659388 3.042279
1.661982 3.047471
1.661408 3.047654
1.661408 3.047654
1.661278 3.047633
1.658412 3.042502
1.660573 3.047795
1.660409 3.047879
1.660409 3.047879
1.657436 3.042724
1.659869 3.047957
1.659410 3.048104
1.659410 3.048104
1.656460 3.042947
1.659165 3.048119
1.658461 3.048281
1.658411 3.048329
1.658411 3.048329
1.655484 3.043169
1.657757 3.048443
1.657412 3.048554
1.657412 3.048554
1.654509 3.043392
1.657052 3.048606
1.656413 3.048779
1.656413 3.048779
1.656348 3.048768
1.653533 3.043615
1.655644 3.048930
1.655415 3.049003
1.655415 3.049003
1.652557 3.043837
1.654940 3.049092
1.654416 3.049228
1.654416 3.049228
1.651581 3.044060
1.654236 3.049254
1.653531 3.049416
1.653417 3.049453
1.653417 3.049453
1.650605 3.044282
1.652827 3.049578
1.649630 3.044505
1.652418 3.049678
1.652418 3.049678
1.652123 3.049741
1.648654 3.044727
1.651419 3.049903
1.651419 3.049903
1.650530 3.050090
1.647678 3.044950
1.649642 3.050278
1.646702 3.045172
1.648753 3.050466
1.645726 3.045395
1.647865 3.050653
1.644751 3.045617
1.646977 3.050841
1.643775 3.045840
1.646088 3.051028
1.642799 3.046062
1.645200 3.051216
1.641823 3.046285
1.644311 3.051404
1.640848 3.046507
1.643423 3.051591
1.639872 3.046730
1.642534 3.051779
1.641646 3.051967
1.638896 3.046952
1.640757 3.052154
1.637920 3.047175
1.639869 3.052342
1.636944 3.047397
1.638981 3.052529
1.635969 3.047620
1.638092 3.052717
1.634993 3.047842
1.637204 3.052905
1.634017 3.048065
1.636315 3.053092
1.633041 3.048287
1.635427 3.053280
1.632065 3.048510
1.634538 3.053468
1.631102 3.048732
1.633650 3.053655
1.632761 3.053843
1.630139 3.048954
1.631873 3.054030
1.629175 3.049175
1.630985 3.054218
1.628212 3.049397
1.630096 3.054406
1.627248 3.049619
1.629208 3.054593
1.626285 3.049841
1.628319 3.054781
1.625322 3.050063
1.627431 3.054969
1.624358 3.050285
1.626542 3.055156
1.623395 3.050506
1.625654 3.055344
1.622432 3.050728
1.624765 3.055532
1.621468 3.050950
1.623877 3.055719
1.620505 3.051172
1.622988 3.055907
1.622100 3.056094
1.619541 3.051394
1.621212 3.056282
1.618578 3.051616
1.620323 3.056470
1.617615 3.051838
1.619435 3.056657
1.616651 3.052059
1.618546 3.056845
1.615688 3.052281
1.617658 3.057033
1.614724 3.052503
1.616769 3.057220
1.613761 3.052725
1.615881 3.057408
1.612798 3.052947
1.614992 3.057595
1.611834 3.053169
1.614104 3.057783
1.610871 3.053390
1.613216 3.057971
1.612327 3.058158
1.609907 3.053612
1.611439 3.058346
1.608944 3.053834
1.610550 3.058534
1.607981 3.054056
1.609662 3.058721
1.607017 3.054278
1.608773 3.058909
1.606054 3.054500
1.607885 3.059096
1.605090 3.054721
1.606996 3.059284
1.604127 3.054943
1.606108 3.059472
1.603164 3.055165
1.605220 3.059659
1.602200 3.055387
1.604331 3.059847
1.601237 3.055609
1.603443 3.060035
1.600274 3.055831
1.602554 3.060222
1.601666 3.060410
1.599310 3.056053
1.600777 3.060597
1.598347 3.056274
1.599889 3.060785
1.597383 3.056496
1.599000 3.060973
1.596420 3.056718
1.598112 3.061160
1.595457 3.056940
1.597224 3.061348
1.594493 3.057162
1.596335 3.061536
1.593530 3.057384
1.595447 3.061723
1.592566 3.057605
1.594558 3.061911
1.591603 3.057827
1.593670 3.062098
1.590640 3.058049
1.592781 3.062286
1.591893 3.062474
1.589676 3.058271
1.591004 3.062661
1.588713 3.058493
1.590116 3.062849
1.587749 3.058715
1.589227 3.063037
1.586786 3.058937
1.588339 3.063224
1.585823 3.059158
1.587451 3.063412
1.584859 3.059380
1.586562 3.063599
1.583896 3.059602
1.585674 3.063787
1.582933 3.059824
1.584785 3.063975
1.581969 3.060046
1.583897 3.064162
1.581006 3.060268
1.583008 3.064350
1.580042 3.060489
1.582120 3.064538
1.581231 3.064725
1.579079 3.060711
1.580343 3.064913
1.578116 3.060933
1.579455 3.065100
1.577152 3.061155
1.578566 3.065288
1.576189 3.061377
1.577678 3.065476
1.575225 3.061599
1.576789 3.065663
1.574262 3.061821
1.575901 3.065851
1.573299 3.062042
1.575012 3.066039
1.572335 3.062264
1.574124 3.066226
1.571372 3.062486
1.573235 3.066414
1.570408 3.062708
1.572347 3.066601
1.571459 3.066789
1.569445 3.062930
1.570570 3.066977
1.568482 3.063152
1.569682 3.067164
1.567518 3.063373
1.568793 3.067352
1.566555 3.063595
1.567905 3.067540
1.565592 3.063817
1.567016 3.067727
1.564628 3.064039
1.566128 3.067915
1.563665 3.064261
1.565239 3.068103
1.562701 3.064483
1.564351 3.068290
1.561738 3.064705
1.563463 3.068478
1.560775 3.064926
1.562574 3.068665
1.559811 3.065148
1.561686 3.068853
1.560797 3.069041
1.558848 3.065370
1.559909 3.069228
1.557884 3.065592
1.559020 3.069416
1.556921 3.065814
1.558132 3.069604
1.555958 3.066036
1.557243 3.069791
1.554994 3.066257
1.556355 3.069979
1.554031 3.066479
1.555467 3.070166
1.553067 3.066701
1.554578 3.070354
1.552104 3.066923
1.553690 3.070542
1.551141 3.067145
1.552801 3.070729
1.550177 3.067367
1.551913 3.070917
1.551024 3.071105
1.549214 3.067589
1.550136 3.071292
1.548251 3.067810
1.549247 3.071480
1.547287 3.068032
1.548359 3.071667
1.546324 3.068254
1.547470 3.071855
1.545360 3.068476
1.546582 3.072043
1.544397 3.068698
1.545694 3.072230
1.543434 3.068920
1.544805 3.072418
1.542470 3.069141
1.543917 3.072606
1.541507 3.069363
1.543028 3.072793
1.540543 3.069585
1.542140 3.072981