2.631669 2.732433
2.631642 2.732436
2.631614 2.732440
2.631587 2.732444
2.620987 2.721460
2.631560 2.732447
2.631532 2.732451
2.631505 2.732454
2.631477 2.732458
2.631450 2.732461
2.631423 2.732465
2.631395 2.732469
2.631368 2.732472
2.631341 2.732476
2.631313 2.732479
2.631286 2.732483
2.631258 2.732486
2.631231 2.732490
2.631204 2.732494
2.631176 2.732497
2.631149 2.732501
2.631122 2.732504
2.631094 2.732508
2.631067 2.732511
2.631039 2.732515
2.631012 2.732518
2.629780 2.731249
2.630985 2.732522
2.630957 2.732526
2.630930 2.732529
2.630903 2.732533
2.630875 2.732536
2.630848 2.732540
2.630820 2.732543
2.630793 2.732547
2.630766 2.732551
2.630738 2.732554
2.630711 2.732558
2.620595 2.722056
2.630684 2.732561
2.630656 2.732565
2.630629 2.732568
2.630601 2.732572
2.630574 2.732576
2.630735 2.732756
2.630547 2.732579
2.630519 2.732583
2.630492 2.732586
2.630465 2.732590
2.630437 2.732593
2.630410 2.732597
2.630382 2.732601
2.630355 2.732604
2.630328 2.732608
2.630300 2.732611
2.630273 2.732615
2.630246 2.732618
2.630218 2.732622
2.630191 2.732625
2.630163 2.732629
2.630136 2.732633
2.630109 2.732636
2.630081 2.732640
2.630054 2.732643
2.630027 2.732647
2.629999 2.732650
2.629972 2.732654
2.629945 2.732658
2.629917 2.732661
2.629890 2.732665
2.629862 2.732668
2.620202 2.722651
2.629233 2.732036
2.629835 2.732672
2.629808 2.732675
2.629780 2.732679
2.629753 2.732683
2.629726 2.732686
2.629698 2.732690
2.629671 2.732693
2.629643 2.732697
2.629616 2.732700
2.629589 2.732704
2.629561 2.732707
2.629534 2.732711
2.629507 2.732715
2.629479 2.732718
2.629800 2.733080
2.629452 2.732722
2.629424 2.732725
2.629397 2.732729
2.629370 2.732732
2.629342 2.732736
2.629315 2.732740
2.629288 2.732743
2.629260 2.732747
2.629233 2.732750
2.629205 2.732754
2.629178 2.732757
2.629151 2.732761
2.629123 2.732765
2.629096 2.732768
2.629069 2.732772
2.629041 2.732775
2.629014 2.732779
2.628986 2.732782
2.619810 2.723247
2.628959 2.732786
2.628932 2.732790
2.628904 2.732793
2.628877 2.732797
2.628850 2.732800
2.628822 2.732804
2.628795 2.732807
2.628767 2.732811
2.628740 2.732814
2.628713 2.732818
2.628685 2.732822
2.628685 2.732822
2.628645 2.732830
2.628645 2.732830
2.628605 2.732838
2.628605 2.732838
2.619643 2.723531
2.628564 2.732846
2.628564 2.732846
2.628524 2.732854
2.628524 2.732854
2.628484 2.732862
2.628484 2.732862
2.628443 2.732870
2.628443 2.732870
2.628403 2.732878
2.628403 2.732878
2.628866 2.733404
2.628362 2.732886
2.628362 2.732886
2.628322 2.732895
2.628322 2.732895
2.628282 2.732903
2.628282 2.732903
2.628241 2.732911
2.628241 2.732911
2.619476 2.723815
2.628201 2.732919
2.628201 2.732919
2.628161 2.732927
2.628161 2.732927
2.628120 2.732935
2.628120 2.732935
2.628080 2.732943
2.628080 2.732943
2.628040 2.732951
2.628040 2.732951
2.627999 2.732959
2.627999 2.732959
2.627959 2.732967
2.627959 2.732967
2.627919 2.732976
2.627919 2.732976
2.627878 2.732984
2.627878 2.732984
2.619309 2.724098
2.627838 2.732992
2.627838 2.732992
2.627797 2.733000
2.627797 2.733000
2.627757 2.733008
2.627757 2.733008
2.627717 2.733016
2.627717 2.733016
2.627676 2.733024
2.627676 2.733024
2.619233 2.724254
2.627636 2.733032
2.627636 2.733032
2.627596 2.733040
2.627596 2.733040
2.627555 2.733048
2.627555 2.733048
2.627515 2.733057
2.627515 2.733057
2.619157 2.724409
2.627475 2.733065
2.627475 2.733065
2.627434 2.733073
2.627434 2.733073
2.627394 2.733081
2.627394 2.733081
2.627354 2.733089
2.627354 2.733089
2.627931 2.733727
2.627313 2.733097
2.627313 2.733097
2.619081 2.724564
2.627273 2.733105
2.627273 2.733105
2.627232 2.733113
2.627232 2.733113
2.627192 2.733121
2.627192 2.733121
2.627152 2.733129
2.627152 2.733129
2.627111 2.733138
2.627111 2.733138
2.619005 2.724719
2.627071 2.733146
2.627071 2.733146
2.627031 2.733154
2.627031 2.733154
2.626990 2.733162
2.626990 2.733162
2.626950 2.733170
2.626950 2.733170
2.618929 2.724874
2.626910 2.733178
2.626910 2.733178
2.626869 2.733186
2.626869 2.733186
2.626829 2.733194
2.626829 2.733194
2.626789 2.733202
2.626789 2.733202
2.626748 2.733210
2.626748 2.733210
2.618853 2.725029
2.626708 2.733219
2.626708 2.733219
2.626667 2.733227
2.626667 2.733227
2.626627 2.733235
2.626627 2.733235
2.626587 2.733243
2.626587 2.733243
2.626546 2.733251
2.626546 2.733251
2.618777 2.725185
2.626506 2.733259
2.626506 2.733259
2.626466 2.733267
2.626466 2.733267
2.626425 2.733275
2.626425 2.733275
2.626385 2.733283
2.626385 2.733283
2.626345 2.733291
2.626345 2.733291
2.618701 2.725340
2.626304 2.733300
2.626304 2.733300
2.626996 2.734051
2.626264 2.733308
2.626264 2.733308
2.626224 2.733316
2.626224 2.733316
2.626183 2.733324
2.626183 2.733324
2.618625 2.725495
2.626143 2.733332
2.626143 2.733332
2.626102 2.733340
2.626102 2.733340
2.626062 2.733348
2.626062 2.733348
2.626022 2.733356
2.626022 2.733356
2.625981 2.733364
2.625981 2.733364
2.618549 2.725650
2.625941 2.733373
2.625941 2.733373
2.625901 2.733381
2.625901 2.733381
2.625860 2.733389
2.625860 2.733389
2.625820 2.733397
2.625820 2.733397
2.625780 2.733405
2.625780 2.733405
2.618473 2.725805
2.625739 2.733413
2.625739 2.733413
2.625699 2.733421
2.625699 2.733421
2.625659 2.733429
2.625659 2.733429
2.625618 2.733437
2.625618 2.733437
2.618397 2.725961
2.625578 2.733445
2.625578 2.733445
2.625537 2.733454
2.625537 2.733454
2.625497 2.733462
2.625497 2.733462
2.625457 2.733470
2.625457 2.733470
2.625416 2.733478
2.625416 2.733478
2.618321 2.726116
2.625376 2.733486
2.625376 2.733486
2.625336 2.733494
2.625336 2.733494
2.625295 2.733502
2.625295 2.733502
2.625255 2.733510
2.625255 2.733510
2.626062 2.734374
2.625215 2.733518
2.625215 2.733518
2.618245 2.726271
2.625174 2.733526
2.625174 2.733526
2.625134 2.733535
2.625134 2.733535
2.625094 2.733543
2.625094 2.733543
2.625053 2.733551
2.625053 2.733551
2.618170 2.726426
2.625013 2.733559
2.625013 2.733559
2.624972 2.733567
2.624972 2.733567
2.624932 2.733575
2.624932 2.733575
2.624892 2.733583
2.624892 2.733583
2.624851 2.733591
2.624851 2.733591
2.618094 2.726581
2.624811 2.733599
2.624811 2.733599
2.624771 2.733607
2.624771 2.733607
2.624730 2.733616
2.624730 2.733616
2.624690 2.733624
2.624690 2.733624
2.624650 2.733632
2.624650 2.733632
2.618018 2.726736
2.624609 2.733640
2.624609 2.733640
2.624569 2.733648
2.624569 2.733648
2.624529 2.733656
2.624529 2.733656
2.624488 2.733664
2.624488 2.733664
2.617942 2.726892
2.624448 2.733672
2.624448 2.733672
2.624407 2.733680
2.624407 2.733680
2.624367 2.733688
2.624367 2.733688
2.624327 2.733697
2.624327 2.733697
2.624286 2.733705
2.624286 2.733705
2.617866 2.727047
2.624246 2.733713
2.624246 2.733713
2.624206 2.733721
2.624206 2.733721
2.625127 2.734698
2.624165 2.733729
2.624165 2.733729
2.624125 2.733737
2.624125 2.733737
2.624085 2.733745
2.624085 2.733745
2.617790 2.727202
2.624044 2.733753
2.624044 2.733753
2.624004 2.733761
2.624004 2.733761
2.623964 2.733769
2.623964 2.733769
2.623923 2.733778
2.623923 2.733778
2.617714 2.727357
2.623883 2.733786
2.623883 2.733786
2.623842 2.733794
2.623842 2.733794
2.623802 2.733802
2.623802 2.733802
2.623762 2.733810
2.623762 2.733810
2.623721 2.733818
2.623721 2.733818
2.617638 2.727512
2.623681 2.733826
2.623681 2.733826
2.623641 2.733834
2.623641 2.733834
2.623600 2.733842
2.623600 2.733842
2.623560 2.733851
2.623560 2.733851
2.623520 2.733859
2.623520 2.733859
2.617562 2.727668
2.623479 2.733867
2.623479 2.733867
2.623439 2.733875
2.623439 2.733875
2.623399 2.733883
2.623399 2.733883
2.623358 2.733891
2.623358 2.733891
2.623318 2.733899
2.623318 2.733899
2.617486 2.727823
2.623277 2.733907
2.623277 2.733907
2.623237 2.733915
2.623237 2.733915
2.623197 2.733923
2.623197 2.733923
2.623156 2.733932
2.623156 2.733932
2.624193 2.735021
2.617410 2.727978
2.623116 2.733940
2.623116 2.733940
2.623076 2.733948
2.623076 2.733948
2.623035 2.733956
2.623035 2.733956
2.622995 2.733964
2.622995 2.733964
2.622955 2.733972
2.622955 2.733972
2.617334 2.728133
2.622914 2.733980
2.622914 2.733980
2.622874 2.733988
2.622874 2.733988
2.622834 2.733996
2.622834 2.733996
2.622793 2.734004
2.622793 2.734004
2.622753 2.734013
2.622753 2.734013
2.617258 2.728288
2.622712 2.734021
2.622712 2.734021
2.622672 2.734029
2.622672 2.734029
2.622632 2.734037
2.622632 2.734037
2.622591 2.734045
2.622591 2.734045
2.617182 2.728443
2.622551 2.734053
2.622551 2.734053
2.622511 2.734061
2.622511 2.734061
2.622470 2.734069
2.622470 2.734069
2.622430 2.734077
2.622430 2.734077
2.622390 2.734085
2.622390 2.734085
2.622390 2.734085
2.622390 2.734085
2.617106 2.728599
2.622356 2.734084
2.622356 2.734084
2.622323 2.734082
2.622323 2.734082
2.622289 2.734081
2.622289 2.734081
2.622256 2.734079
2.622256 2.734079
2.622222 2.734078
2.622222 2.734078
2.622189 2.734076
2.622189 2.734076
2.622156 2.734074
2.622156 2.734074
2.617030 2.728754
2.622122 2.734073
2.622122 2.734073
2.622089 2.734071
2.622089 2.734071
2.622055 2.734070
2.622055 2.734070
2.623258 2.735345
2.622022 2.734068
2.622022 2.734068
2.621988 2.734067
2.621988 2.734067
2.621955 2.734065
2.621955 2.734065
2.621922 2.734063
2.621922 2.734063
2.616954 2.728909
2.621888 2.734062
2.621888 2.734062
2.621855 2.734060
2.621855 2.734060
2.621821 2.734059
2.621821 2.734059
2.621788 2.734057
2.621788 2.734057
2.621754 2.734056
2.621754 2.734056
2.621721 2.734054
2.621721 2.734054
2.621688 2.734052
2.621688 2.734052
2.616879 2.729064
2.621654 2.734051
2.621654 2.734051
2.621621 2.734049
2.621621 2.734049
2.621587 2.734048
2.621587 2.734048
2.621554 2.734046
2.621554 2.734046
2.621520 2.734045
2.621520 2.734045
2.621487 2.734043
2.621487 2.734043
2.621454 2.734041
2.621454 2.734041
2.616803 2.729219
2.621420 2.734040
2.621420 2.734040
2.621387 2.734038
2.621387 2.734038
2.621353 2.734037
2.621353 2.734037
2.621643 2.734348
2.621643 2.734348
2.621320 2.734035
2.621320 2.734035
2.621286 2.734034
2.621286 2.734034
2.621253 2.734032
2.621253 2.734032
2.621220 2.734030
2.621220 2.734030
2.616727 2.729375
2.621186 2.734029
2.621186 2.734029
2.621153 2.734027
2.621153 2.734027
2.621119 2.734026
2.621119 2.734026
2.621086 2.734024
2.621086 2.734024
2.621447 2.734412
2.621447 2.734412
2.621052 2.734023
2.621052 2.734023
2.621019 2.734021
2.621019 2.734021
2.620986 2.734020
2.620986 2.734020
2.616651 2.729530
2.620952 2.734018
2.620952 2.734018
2.620919 2.734016
2.620919 2.734016
2.620885 2.734015
2.620885 2.734015
2.620852 2.734013
2.620852 2.734013
2.620818 2.734012
2.620818 2.734012
2.620785 2.734010
2.620785 2.734010
2.620752 2.734009
2.620752 2.734009
2.622324 2.735668
2.620718 2.734007
2.620718 2.734007
2.616575 2.729685
2.620685 2.734005
2.620685 2.734005
2.620651 2.734004
2.620651 2.734004
2.620618 2.734002
2.620618 2.734002
2.620584 2.734001
2.620584 2.734001
2.620551 2.733999
2.620551 2.733999
2.620518 2.733998
2.620518 2.733998
2.620484 2.733996
2.620484 2.733996
2.616499 2.729840
2.620451 2.733994
2.620451 2.733994
2.620417 2.733993
2.620417 2.733993
2.620384 2.733991
2.620384 2.733991
2.620350 2.733990
2.620350 2.733990
2.620317 2.733988
2.620317 2.733988
2.620896 2.734611
2.620896 2.734611
2.620283 2.733987
2.620283 2.733987
2.620250 2.733985
2.620250 2.733985
2.616423 2.729995
2.620217 2.733983
2.620217 2.733983
2.620183 2.733982
2.620183 2.733982
2.620150 2.733980
2.620150 2.733980
2.620116 2.733979
2.620116 2.733979
2.620083 2.733977
2.620083 2.733977
2.620049 2.733976
2.620049 2.733976
2.620016 2.733974
2.620016 2.733974
2.616347 2.730150
2.619983 2.733972
2.619983 2.733972
2.619949 2.733971
2.619949 2.733971
2.619916 2.733969
2.619916 2.733969
2.619882 2.733968
2.619882 2.733968
2.619849 2.733966
2.619849 2.733966
2.619815 2.733965
2.619815 2.733965
2.619782 2.733963
2.619782 2.733963
2.616271 2.730306
2.620505 2.734739
2.620505 2.734739
2.619749 2.733961
2.619749 2.733961
2.619715 2.733960
2.619715 2.733960
2.619682 2.733958
2.619682 2.733958
2.619648 2.733957
2.619648 2.733957
2.619615 2.733955
2.619615 2.733955
2.619581 2.733954
2.619581 2.733954
2.619548 2.733952
2.619548 2.733952
2.616195 2.730461
2.619515 2.733950
2.619515 2.733950
2.619481 2.733949
2.619481 2.733949
2.619448 2.733947
2.619448 2.733947
2.621389 2.735992
2.619414 2.733946
2.619414 2.733946
2.619381 2.733944
2.619381 2.733944
2.619347 2.733943
2.619347 2.733943
2.619314 2.733941
2.619314 2.733941
2.616119 2.730616
2.619281 2.733939
2.619281 2.733939
2.620149 2.734874
2.620149 2.734874
2.619247 2.733938
2.619247 2.733938
2.619214 2.733936
2.619214 2.733936
2.619180 2.733935
2.619180 2.733935
2.619147 2.733933
2.619147 2.733933
2.619113 2.733932
2.619113 2.733932
2.619080 2.733930
2.619080 2.733930
2.616043 2.730771
2.619047 2.733928
2.619047 2.733928
2.619013 2.733927
2.619013 2.733927
2.618980 2.733925
2.618980 2.733925
2.618946 2.733924
2.618946 2.733924
2.618913 2.733922
2.618913 2.733922
2.618879 2.733921
2.618879 2.733921
2.618846 2.733919
2.618846 2.733919
2.615967 2.730926
2.618813 2.733917
2.618813 2.733917
2.618779 2.733916
2.618779 2.733916
2.618746 2.733914
2.618746 2.733914
2.618712 2.733913
2.618712 2.733913
2.618679 2.733911
2.618679 2.733911
2.618645 2.733910
2.618645 2.733910
2.618612 2.733908
2.618612 2.733908
2.615891 2.731082
2.618579 2.733906
2.618579 2.733906
2.618545 2.733905
2.618545 2.733905
2.618512 2.733903
2.618512 2.733903
2.618478 2.733902
2.618478 2.733902
2.619562 2.735066
2.619562 2.735066
2.618445 2.733900
2.618445 2.733900
2.618411 2.733899
2.618411 2.733899
2.618378 2.733897
2.618378 2.733897
2.615815 2.731237
2.618345 2.733895
2.618345 2.733895
2.618311 2.733894
2.618311 2.733894
2.618278 2.733892
2.618278 2.733892
2.618244 2.733891
2.618244 2.733891
2.618211 2.733889
2.618211 2.733889
2.619403 2.735137
2.619403 2.735137
2.618177 2.733888
2.618177 2.733888
2.618144 2.733886
2.618144 2.733886
2.620455 2.736315
2.615739 2.731392
2.618111 2.733884
2.618111 2.733884
2.618077 2.733883
2.618077 2.733883
2.618044 2.733881
2.618044 2.733881
2.618010 2.733880
2.618010 2.733880
2.617977 2.733878
2.617977 2.733878
2.617943 2.733877
2.617943 2.733877
2.617910 2.733875
2.617910 2.733875
2.615663 2.731547
2.617876 2.733873
2.617876 2.733873
2.617843 2.733872
2.617843 2.733872
2.617810 2.733870
2.617810 2.733870
2.617776 2.733869
2.617776 2.733869
2.617743 2.733867
2.617743 2.733867
2.617709 2.733866
2.617709 2.733866
2.617676 2.733864
2.617676 2.733864
2.615588 2.731702
2.617642 2.733862
2.617642 2.733862
2.617609 2.733861
2.617609 2.733861
2.617576 2.733859
2.617576 2.733859
2.617542 2.733858
2.617542 2.733858
2.617509 2.733856
2.617509 2.733856
2.617475 2.733855
2.617475 2.733855
2.617442 2.733853
2.617442 2.733853
2.615512 2.731857
2.617408 2.733851
2.617408 2.733851
2.617375 2.733850
2.617375 2.733850
2.617342 2.733848
2.617342 2.733848
2.617308 2.733847
2.617308 2.733847
2.617275 2.733845
2.617275 2.733845
2.617241 2.733844
2.617241 2.733844
2.617208 2.733842
2.617208 2.733842
2.615436 2.732013
2.617174 2.733841
2.617174 2.733841
2.618656 2.735400
2.618656 2.735400
2.617141 2.733839
2.617141 2.733839
2.618620 2.735393
2.618620 2.735393
2.617108 2.733837
2.617108 2.733837
2.617074 2.733836
2.617074 2.733836
2.617041 2.733834
2.617041 2.733834
2.617007 2.733833
2.617007 2.733833
2.616974 2.733831
2.616974 2.733831
2.615360 2.732168
2.616940 2.733830
2.616940 2.733830
2.616907 2.733828
2.616907 2.733828
2.616874 2.733826
2.616874 2.733826
2.616840 2.733825
2.616840 2.733825
2.619520 2.736639
2.616807 2.733823
2.616807 2.733823
2.616773 2.733822
2.616773 2.733822
2.616740 2.733820
2.616740 2.733820
2.615284 2.732323
2.616706 2.733819
2.616706 2.733819
2.616673 2.733817
2.616673 2.733817
2.616640 2.733815
2.616640 2.733815
2.616606 2.733814
2.616606 2.733814
2.616573 2.733812
2.616573 2.733812
2.616539 2.733811
2.616539 2.733811
2.616506 2.733809
2.616506 2.733809
2.615208 2.732478
2.616472 2.733808
2.616472 2.733808
2.616439 2.733806
2.616439 2.733806
2.616406 2.733804
2.616406 2.733804
2.616372 2.733803
2.616372 2.733803
2.616339 2.733801
2.616339 2.733801
2.616305 2.733800
2.616305 2.733800
2.616272 2.733798
2.616272 2.733798
2.615132 2.732633
2.616238 2.733797
2.616238 2.733797
2.616205 2.733795
2.616205 2.733795
2.616172 2.733793
2.616172 2.733793
2.616138 2.733792
2.616138 2.733792
2.617909 2.735663
2.617909 2.735663
2.616105 2.733790
2.616105 2.733790
2.616071 2.733789
2.616071 2.733789
2.616038 2.733787
2.616038 2.733787
2.615056 2.732789
2.616004 2.733786
2.616004 2.733786
2.615971 2.733784
2.615971 2.733784
2.615938 2.733782
2.615938 2.733782
2.615904 2.733781
2.615904 2.733781
2.615871 2.733779
2.615871 2.733779
2.615837 2.733778
2.615837 2.733778
2.617678 2.735720
2.617678 2.735720
2.615804 2.733776
2.615804 2.733776
2.614980 2.732944
2.615770 2.733775
2.615770 2.733775
2.615737 2.733773
2.615737 2.733773
2.615703 2.733771
2.615703 2.733771
2.615670 2.733770
2.615670 2.733770
2.615637 2.733768
2.615637 2.733768
2.615603 2.733767
2.615603 2.733767
2.615570 2.733765
2.615570 2.733765
2.614904 2.733099
2.615536 2.733764
2.615536 2.733764
2.618586 2.736962
2.615503 2.733762
2.615503 2.733762
2.615469 2.733760
2.615469 2.733760
2.615436 2.733759
2.615436 2.733759
2.615403 2.733757
2.615403 2.733757
2.615369 2.733756
2.615369 2.733756
2.615336 2.733754
2.615336 2.733754
2.614828 2.733254
2.615302 2.733753
2.615302 2.733753
2.615269 2.733751
2.615269 2.733751
2.615235 2.733749
2.615235 2.733749
2.615202 2.733748
2.615202 2.733748
2.615169 2.733746
2.615169 2.733746
2.615135 2.733745
2.615135 2.733745
2.615102 2.733743
2.615102 2.733743
2.617162 2.735926
2.617162 2.735926
2.614752 2.733409
2.615068 2.733742
2.615068 2.733742
2.615035 2.733740
2.615035 2.733740
2.615001 2.733738
2.615001 2.733738
2.614968 2.733737
2.614968 2.733737
2.614935 2.733735
2.614935 2.733735
2.614901 2.733734
2.614901 2.733734
2.614868 2.733732
2.614868 2.733732
2.614676 2.733564
2.614834 2.733731
2.614834 2.733731
2.614801 2.733729
2.614801 2.733729
2.614767 2.733727
2.614767 2.733727
2.614734 2.733726
2.614734 2.733726
2.614701 2.733724
2.614701 2.733724
2.614667 2.733723
2.614667 2.733723
2.614634 2.733721
2.614634 2.733721
2.614600 2.733720
2.614600 2.733720
2.616735 2.736047
2.616735 2.736047
2.617651 2.737286
2.616416 2.736189
2.616416 2.736189
2.613654 2.734047
2.615793 2.736374
2.615793 2.736374
2.615669 2.736451
2.615669 2.736451
2.616717 2.737610
2.612707 2.734375
2.614922 2.736714
2.614922 2.736714
2.614850 2.736701
2.614850 2.736701
2.615782 2.737933
2.614175 2.736977
2.614175 2.736977
2.611761 2.734703
2.613908 2.737028
2.613908 2.737028
2.614848 2.738257
2.613429 2.737240
2.613429 2.737240
2.610814 2.735030
2.612966 2.737355
2.612966 2.737355
2.613913 2.738580
2.612682 2.737503
2.612682 2.737503
2.609868 2.735358
2.612023 2.737682
2.612023 2.737682
2.611935 2.737766
2.611935 2.737766
2.612979 2.738904
2.611188 2.738029
2.611188 2.738029
2.608921 2.735686
2.611081 2.738009
2.611081 2.738009
2.612044 2.739227
2.610442 2.738292
2.610442 2.738292
2.607974 2.736013
2.610138 2.738336
2.610138 2.738336
2.611110 2.739551
2.609695 2.738555
2.609695 2.738555
2.607028 2.736341
2.609196 2.738663
2.609196 2.738663
2.610175 2.739874
2.608948 2.738817
2.608948 2.738817
2.606081 2.736669
2.608254 2.738990
2.608254 2.738990
2.608201 2.739080
2.608201 2.739080
2.609241 2.740198
2.607455 2.739343
2.607455 2.739343
2.605135 2.736996
2.607311 2.739317
2.607311 2.739317
2.608306 2.740521
2.606708 2.739606
2.606708 2.739606
2.604188 2.737324
2.606369 2.739644
2.606369 2.739644
2.607372 2.740845
2.605961 2.739869
2.605961 2.739869
2.603242 2.737652
2.605426 2.739971
2.605426 2.739971
2.606437 2.741168
2.605214 2.740132
2.605214 2.740132
2.602295 2.737979
2.604484 2.740298
2.604484 2.740298
2.604468 2.740395
2.604468 2.740395
2.605503 2.741492
2.603721 2.740658
2.603721 2.740658
2.601349 2.738307
2.603542 2.740625
2.603542 2.740625
2.604568 2.741815
2.602974 2.740921
2.602974 2.740921
2.600402 2.738635
2.602599 2.740952
2.602599 2.740952
2.603634 2.742139
2.602227 2.741183
2.602227 2.741183
2.601657 2.741279
2.601657 2.741279
2.599456 2.738962
2.602699 2.742463
2.601481 2.741446
2.601481 2.741446
2.600714 2.741606
2.600714 2.741606
2.598509 2.739290
2.601765 2.742786
2.600734 2.741709
2.600734 2.741709
2.599987 2.741972
2.599987 2.741972
2.599772 2.741933
2.599772 2.741933
2.597563 2.739617
2.600830 2.743110
2.599240 2.742235
2.599240 2.742235
2.598830 2.742260
2.598830 2.742260
2.596616 2.739945
2.599896 2.743433
2.598494 2.742498
2.598494 2.742498
2.597887 2.742587
2.597887 2.742587
2.595669 2.740273
2.598961 2.743757
2.597747 2.742761
2.597747 2.742761
2.596945 2.742914
2.596945 2.742914
2.598027 2.744080
2.594723 2.740600
2.597000 2.743024
2.597000 2.743024
2.596253 2.743287
2.596253 2.743287
2.596002 2.743241
2.596002 2.743241
2.597092 2.744404
2.593776 2.740928
2.595507 2.743549
2.595507 2.743549
2.596158 2.744727
2.595060 2.743568
2.595060 2.743568
2.592830 2.741256
2.594760 2.743812
2.594760 2.743812
2.595223 2.745051
2.594118 2.743895
2.594118 2.743895
2.591883 2.741583
2.594013 2.744075
2.594013 2.744075
2.594289 2.745374
2.593175 2.744222
2.593175 2.744222
2.593266 2.744338
2.593266 2.744338
2.590937 2.741911
2.592520 2.744601
2.592520 2.744601
2.593354 2.745698
2.592233 2.744549
2.592233 2.744549
2.589990 2.742239
2.591773 2.744864
2.591773 2.744864
2.592420 2.746021
2.591290 2.744876
2.591290 2.744876
2.589044 2.742566
2.591026 2.745127
2.591026 2.745127
2.591485 2.746345
2.590348 2.745203
2.590348 2.745203
2.588097 2.742894
2.590280 2.745390
2.590280 2.745390
2.590551 2.746669
2.589533 2.745653
2.589533 2.745653
2.589406 2.745530
2.589406 2.745530
2.587151 2.743222
2.588786 2.745915
2.588786 2.745915
2.589616 2.746992
2.588463 2.745857
2.588463 2.745857
2.586204 2.743549
2.588039 2.746178
2.588039 2.746178
2.588682 2.747316
2.587521 2.746184
2.587521 2.746184
2.585257 2.743877
2.587293 2.746441
2.587293 2.746441
2.587747 2.747639
2.586578 2.746511
2.586578 2.746511
2.584311 2.744205
2.586546 2.746704
2.586546 2.746704
2.586813 2.747963
2.585799 2.746967
2.585799 2.746967
2.585636 2.746838
2.585636 2.746838
2.583364 2.744532
2.585052 2.747230
2.585052 2.747230
2.585878 2.748286
2.584693 2.747165
2.584693 2.747165
2.582418 2.744860
2.584306 2.747493
2.584306 2.747493
2.584944 2.748610
2.583751 2.747492
2.583751 2.747492
2.581471 2.745188
2.583559 2.747756
2.583559 2.747756
2.584009 2.748933
2.582809 2.747819
2.582809 2.747819
2.580525 2.745515
2.582812 2.748019
2.582812 2.748019
2.583075 2.749257
2.582065 2.748281
2.582065 2.748281
2.581866 2.748146
2.581866 2.748146
2.579578 2.745843
2.581319 2.748544
2.581319 2.748544
2.582140 2.749580
2.580924 2.748473
2.580924 2.748473
2.578632 2.746171
2.580572 2.748807
2.580572 2.748807
2.581206 2.749904
2.579981 2.748800
2.579981 2.748800
2.577685 2.746498
2.579825 2.749070
2.579825 2.749070
2.580271 2.750227
2.579039 2.749127
2.579039 2.749127
2.576739 2.746826
2.579078 2.749333
2.579078 2.749333
2.579337 2.750551
2.578332 2.749596
2.578332 2.749596
2.578097 2.749454
2.578097 2.749454
2.575792 2.747154
2.577585 2.749859
2.577585 2.749859
2.578402 2.750875
2.577154 2.749781
2.577154 2.749781
2.574845 2.747481
2.576838 2.750122
2.576838 2.750122
2.577467 2.751198
2.576212 2.750108
2.576212 2.750108
2.573899 2.747809
2.576091 2.750385
2.576091 2.750385
2.576533 2.751522
2.575269 2.750435
2.575269 2.750435
2.575345 2.750647
2.575345 2.750647
2.572952 2.748137
2.575598 2.751845
2.574598 2.750910
2.574598 2.750910
2.574327 2.750762
2.574327 2.750762
2.572006 2.748464
2.573851 2.751173
2.573851 2.751173
2.574664 2.752169
2.573385 2.751089
2.573385 2.751089
2.571059 2.748792
2.573104 2.751436
2.573104 2.751436
2.573729 2.752492
2.572442 2.751416
2.572442 2.751416
2.570113 2.749120
2.572358 2.751699
2.572358 2.751699
2.572795 2.752816
2.571500 2.751743
2.571500 2.751743
2.571611 2.751962
2.571611 2.751962
2.569166 2.749447
2.571860 2.753139
2.570864 2.752225
2.570864 2.752225
2.570557 2.752070
2.570557 2.752070
2.568220 2.749775
2.570117 2.752488
2.570117 2.752488
2.570926 2.753463
2.569615 2.752397
2.569615 2.752397
2.567273 2.750103
2.569371 2.752751
2.569371 2.752751
2.569991 2.753786
2.568673 2.752724
2.568673 2.752724
2.566327 2.750430
2.568624 2.753013
2.568624 2.753013
2.569057 2.754110
2.567730 2.753051
2.567730 2.753051
2.567877 2.753276
2.567877 2.753276
2.565380 2.750758
2.568122 2.754433
2.567130 2.753539
2.567130 2.753539
2.566788 2.753378
2.566788 2.753378
2.564433 2.751086
2.566384 2.753802
2.566384 2.753802
2.567188 2.754757
2.565845 2.753705
2.565845 2.753705
2.563487 2.751413
2.565637 2.754065
2.565637 2.754065
2.566253 2.755080
2.564903 2.754032
2.564903 2.754032
2.562540 2.751741
2.564890 2.754328
2.564890 2.754328
2.565319 2.755404
2.563961 2.754359
2.563961 2.754359
2.564143 2.754591
2.564143 2.754591
2.561594 2.752069
2.564384 2.755728
2.563397 2.754854
2.563397 2.754854
2.563018 2.754686
2.563018 2.754686
2.560647 2.752396
2.562650 2.755117
2.562650 2.755117
2.563450 2.756051
2.562076 2.755013
2.562076 2.755013
2.559701 2.752724
2.561903 2.755379
2.561903 2.755379
2.562515 2.756375
2.561133 2.755340
2.561133 2.755340
2.558754 2.753052
2.561156 2.755642
2.561156 2.755642
2.561581 2.756698
2.560191 2.755667
2.560191 2.755667
2.560410 2.755905
2.560410 2.755905
2.557808 2.753379
2.560646 2.757022
2.559663 2.756168
2.559663 2.756168
2.559249 2.755994
2.559249 2.755994
2.556861 2.753707
2.558916 2.756431
2.558916 2.756431
2.559712 2.757345
2.558306 2.756321
2.558306 2.756321
2.555915 2.754035
2.558169 2.756694
2.558169 2.756694
2.558777 2.757669
2.557364 2.756648
2.557364 2.756648
2.557423 2.756957
2.557423 2.756957
2.554968 2.754362
2.557843 2.757992
2.556676 2.757220
2.556676 2.757220
2.556421 2.756975
2.556421 2.756975
2.554022 2.754690
2.556908 2.758316
2.555929 2.757483
2.555929 2.757483
2.555479 2.757302
2.555479 2.757302
2.553075 2.755018
2.555182 2.757745
2.555182 2.757745
2.555974 2.758639
2.554537 2.757629
2.554537 2.757629
2.552128 2.755345
2.554436 2.758008
2.554436 2.758008
2.555039 2.758963
2.553594 2.757956
2.553594 2.757956
2.553689 2.758271
2.553689 2.758271
2.551182 2.755673
2.554105 2.759286
2.552942 2.758534
2.552942 2.758534
2.552652 2.758283
2.552652 2.758283
2.550235 2.756001
2.553170 2.759610
2.552195 2.758797
2.552195 2.758797
2.551709 2.758610
2.551709 2.758610
2.549289 2.756328
2.551449 2.759060
2.551449 2.759060
2.552236 2.759934
2.550767 2.758937
2.550767 2.758937
2.548342 2.756656
2.550702 2.759323
2.550702 2.759323
2.551301 2.760257
2.549825 2.759264
2.549825 2.759264
2.549955 2.759586
2.549955 2.759586
2.547396 2.756984
2.550367 2.760581
2.549208 2.759849
2.549208 2.759849
2.548882 2.759591
2.548882 2.759591
2.546449 2.757311
2.549432 2.760904
2.548462 2.760111
2.548462 2.760111
2.547940 2.759918
2.547940 2.759918
2.545503 2.757639
2.547715 2.760374
2.547715 2.760374
2.548498 2.761228
2.546997 2.760245
2.546997 2.760245
2.544556 2.757967
2.546968 2.760637
2.546968 2.760637
2.547563 2.761551
2.546055 2.760572
2.546055 2.760572
2.546221 2.760900
2.546221 2.760900
2.543610 2.758294
2.546629 2.761875
2.545475 2.761163
2.545475 2.761163
2.545113 2.760899
2.545113 2.760899
2.542663 2.758622
2.545694 2.762198
2.544728 2.761426
2.544728 2.761426
2.544170 2.761226
2.544170 2.761226
2.541716 2.758949
2.544760 2.762522
2.543981 2.761689
2.543981 2.761689
2.543228 2.761553
2.543228 2.761553
2.543234 2.761952
2.543234 2.761952
2.540770 2.759277
2.543825 2.762845
2.542285 2.761880
2.542285 2.761880
2.542488 2.762215
2.542488 2.762215
2.539823 2.759605
2.542891 2.763169
2.541741 2.762478
2.541741 2.762478
2.541343 2.762207
2.541343 2.762207
2.538877 2.759932
2.541956 2.763492
2.540994 2.762740
2.540994 2.762740
2.540401 2.762534
2.540401 2.762534
2.537930 2.760260
2.541022 2.763816
2.540247 2.763003
2.540247 2.763003
2.539458 2.762861
2.539458 2.762861
2.539501 2.763266
2.539501 2.763266
2.536984 2.760588
2.540087 2.764140
2.538516 2.763188
2.538516 2.763188
2.538754 2.763529
2.538754 2.763529
2.536037 2.760915
2.539153 2.764463
2.538007 2.763792
2.538007 2.763792
2.537573 2.763515
2.537573 2.763515
2.535091 2.761243
2.538218 2.764787
2.537260 2.764055
2.537260 2.764055
2.536631 2.763842
2.536631 2.763842
2.534144 2.761571
2.537284 2.765110
2.536514 2.764318
2.536514 2.764318
2.535689 2.764169
2.535689 2.764169
2.535767 2.764581
2.535767 2.764581
2.533198 2.761898
2.536349 2.765434
2.534746 2.764496
2.534746 2.764496
2.535020 2.764844
2.535020 2.764844
2.532251 2.762226
2.535415 2.765757
2.534273 2.765106
2.534273 2.765106
2.533804 2.764823
2.533804 2.764823
2.531304 2.762554
2.534480 2.766081
2.533527 2.765369
2.533527 2.765369
2.532861 2.765150
2.532861 2.765150
2.530358 2.762881
2.533546 2.766404
2.532780 2.765632
2.532780 2.765632
2.531919 2.765477
2.531919 2.765477
2.532033 2.765895
2.532033 2.765895
2.529411 2.763209
2.532611 2.766728
2.530976 2.765804
2.530976 2.765804
2.531286 2.766158
2.531286 2.766158
2.528465 2.763537
2.531677 2.767051
2.530540 2.766421
2.530540 2.766421
2.530034 2.766131
2.530034 2.766131
2.530742 2.767375
2.527518 2.763864
2.529793 2.766684
2.529793 2.766684
2.529092 2.766458
2.529092 2.766458
2.529808 2.767698
2.526572 2.764192
2.529046 2.766947
2.529046 2.766947
2.528149 2.766785
2.528149 2.766785
2.528300 2.767210
2.528300 2.767210
2.528873 2.768022
2.525625 2.764520
2.527553 2.767472
2.527553 2.767472
2.527207 2.767112
2.527207 2.767112
2.527938 2.768346
2.524679 2.764847
2.526806 2.767735
2.526806 2.767735
2.526264 2.767439
2.526264 2.767439
2.527004 2.768669
2.523732 2.765175
2.526059 2.767998
2.526059 2.767998
2.525322 2.767766
2.525322 2.767766
2.526069 2.768993
2.525313 2.768261
2.525313 2.768261
2.522786 2.765503
2.524380 2.768093
2.524380 2.768093
2.524566 2.768524
2.524566 2.768524
2.525135 2.769316
2.521839 2.765830
2.523819 2.768787
2.523819 2.768787
2.523437 2.768420
2.523437 2.768420
2.524200 2.769640
2.520892 2.766158
2.523072 2.769050
2.523072 2.769050
2.522495 2.768747
2.522495 2.768747
2.523266 2.769963
2.519946 2.766486
2.522326 2.769313
2.522326 2.769313
2.521552 2.769074
2.521552 2.769074
2.522331 2.770287
2.521579 2.769576
2.521579 2.769576
2.518999 2.766813
2.520610 2.769401
2.520610 2.769401
2.520832 2.769838
2.520832 2.769838
2.521397 2.770610
2.518053 2.767141
2.520085 2.770101
2.520085 2.770101
2.519668 2.769728
2.519668 2.769728
2.520462 2.770934
2.517106 2.767469
2.519339 2.770364
2.519339 2.770364
2.518725 2.770055
2.518725 2.770055
2.519528 2.771257
2.516160 2.767796
2.518592 2.770627
2.518592 2.770627
2.517783 2.770382
2.517783 2.770382
2.518593 2.771581
2.517845 2.770890
2.517845 2.770890
2.515213 2.768124
2.516840 2.770709
2.516840 2.770709
2.517098 2.771153
2.517098 2.771153
2.517659 2.771904
2.514267 2.768452
2.516352 2.771416
2.516352 2.771416
2.515898 2.771036
2.515898 2.771036
2.516724 2.772228
2.513320 2.768779
2.515605 2.771679
2.515605 2.771679
2.514956 2.771363
2.514956 2.771363
2.515790 2.772551
2.512374 2.769107
2.514858 2.771942
2.514858 2.771942
2.514013 2.771690
2.514013 2.771690
2.514855 2.772875
2.514111 2.772204
2.514111 2.772204
2.511427 2.769435
2.513071 2.772017
2.513071 2.772017
2.513365 2.772467
2.513365 2.772467
2.513921 2.773199
2.510481 2.769762
2.512618 2.772730
2.512618 2.772730
2.512128 2.772344
2.512128 2.772344
2.512986 2.773522
2.509534 2.770090
2.511871 2.772993
2.511871 2.772993
2.511186 2.772671
2.511186 2.772671
2.512052 2.773846
2.508587 2.770418
2.511124 2.773256
2.511124 2.773256
2.510244 2.772998
2.510244 2.772998
2.511117 2.774169
2.510378 2.773519
2.510378 2.773519
2.507641 2.770745
2.509301 2.773325
2.509301 2.773325
2.509631 2.773782
2.509631 2.773782
2.510183 2.774493
2.506694 2.771073
2.508884 2.774045
2.508884 2.774045
2.508359 2.773652
2.508359 2.773652
2.509248 2.774816
2.505748 2.771401
2.508137 2.774308
2.508137 2.774308
2.507416 2.773979
2.507416 2.773979
2.508314 2.775140
2.507391 2.774570
2.507391 2.774570
2.504801 2.771728
2.506474 2.774306
2.506474 2.774306
2.507379 2.775463
2.506644 2.774833
2.506644 2.774833
2.503855 2.772056
2.505532 2.774633
2.505532 2.774633
2.505897 2.775096
2.505897 2.775096
2.506445 2.775787
2.502908 2.772384
2.505150 2.775359
2.505150 2.775359
2.504589 2.774960
2.504589 2.774960
2.505510 2.776110
2.501962 2.772711
2.504404 2.775622
2.504404 2.775622
2.503647 2.775287
2.503647 2.775287
2.504576 2.776434
2.503657 2.775885
2.503657 2.775885
2.501015 2.773039
2.502704 2.775614
2.502704 2.775614
2.503641 2.776757
2.502910 2.776148
2.502910 2.776148
2.500069 2.773367
2.501762 2.775941
2.501762 2.775941
2.502163 2.776411
2.502163 2.776411
2.502707 2.777081
2.499122 2.773694
2.501417 2.776674
2.501417 2.776674
2.500820 2.776268
2.500820 2.776268
2.501772 2.777405
2.498175 2.774022
2.500670 2.776936
2.500670 2.776936
2.499877 2.776595
2.499877 2.776595
2.500838 2.777728
2.499923 2.777199
2.499923 2.777199
2.497229 2.774350
2.498935 2.776922
2.498935 2.776922
2.499903 2.778052
2.499176 2.777462
2.499176 2.777462
2.496282 2.774677
2.498430 2.777725
2.498430 2.777725
2.497992 2.777249
2.497992 2.777249
2.498969 2.778375
2.495336 2.775005
2.497683 2.777988
2.497683 2.777988
2.497050 2.777576
2.497050 2.777576
2.498034 2.778699
2.494389 2.775333
2.496936 2.778251
2.496936 2.778251
2.496108 2.777903
2.496108 2.777903
2.497100 2.779022
2.496189 2.778514
2.496189 2.778514
2.493443 2.775660
2.495165 2.778230
2.495165 2.778230
2.496165 2.779346
2.495443 2.778777
2.495443 2.778777
2.492496 2.775988
2.494696 2.779040
2.494696 2.779040
2.495231 2.779669
2.494223 2.778557
2.494223 2.778557
2.491550 2.776316
2.493949 2.779302
2.493949 2.779302
2.494296 2.779993
2.493280 2.778884
2.493280 2.778884
2.490603 2.776643
2.493202 2.779565
2.493202 2.779565
2.493362 2.780316
2.492338 2.779211
2.492338 2.779211
2.492456 2.779828
2.492456 2.779828
2.489657 2.776971
2.492427 2.780640
2.491396 2.779538
2.491396 2.779538
2.491709 2.780091
2.491709 2.780091
2.488710 2.777298
2.490962 2.780354
2.490962 2.780354
2.491493 2.780963
2.490453 2.779865
2.490453 2.779865
2.487763 2.777626
2.490215 2.780617
2.490215 2.780617
2.490558 2.781287
2.489511 2.780192
2.489511 2.780192
2.489469 2.780880
2.489469 2.780880
2.486817 2.777954
2.489624 2.781611
2.488568 2.780519
2.488568 2.780519
2.488722 2.781143
2.488722 2.781143
2.485870 2.778281
2.488689 2.781934
2.487626 2.780846
2.487626 2.780846
2.487975 2.781406
2.487975 2.781406
2.484924 2.778609
2.487228 2.781668
2.487228 2.781668
2.487755 2.782258
2.486684 2.781173
2.486684 2.781173
2.483977 2.778937
2.486482 2.781931
2.486482 2.781931
2.486820 2.782581
2.485741 2.781500
2.485741 2.781500
2.485735 2.782194
2.485735 2.782194
2.483031 2.779264
2.485886 2.782905
2.484799 2.781827
2.484799 2.781827
2.484988 2.782457
2.484988 2.782457
2.482084 2.779592
2.484951 2.783228
2.483856 2.782154
2.483856 2.782154
2.484241 2.782720
2.484241 2.782720
2.481138 2.779920
2.484017 2.783552
2.483495 2.782983
2.483495 2.782983
2.482914 2.782481
2.482914 2.782481
2.480191 2.780247
2.482748 2.783246
2.482748 2.783246
2.483082 2.783875
2.481972 2.782808
2.481972 2.782808
2.482001 2.783509
2.482001 2.783509
2.479245 2.780575
2.482148 2.784199
2.481029 2.783135
2.481029 2.783135
2.481254 2.783772
2.481254 2.783772
2.478298 2.780903
2.481213 2.784522
2.480087 2.783462
2.480087 2.783462
2.480508 2.784034
2.480508 2.784034
2.477351 2.781230
2.480278 2.784846
2.479761 2.784297
2.479761 2.784297
2.479144 2.783789
2.479144 2.783789
2.476405 2.781558
2.479014 2.784560
2.479014 2.784560
2.479344 2.785169
2.478202 2.784116
2.478202 2.784116
2.478267 2.784823
2.478267 2.784823
2.475458 2.781886
2.478409 2.785493
2.477260 2.784443
2.477260 2.784443
2.477521 2.785086
2.477521 2.785086
2.474512 2.782213
2.477475 2.785817
2.476317 2.784770
2.476317 2.784770
2.476774 2.785349
2.476774 2.785349
2.473565 2.782541
2.476540 2.786140
2.476027 2.785612
2.476027 2.785612
2.475375 2.785097
2.475375 2.785097
2.472619 2.782869
2.475280 2.785875
2.475280 2.785875
2.475606 2.786464
2.474432 2.785424
2.474432 2.785424
2.474534 2.786138
2.474534 2.786138
2.471672 2.783196
2.474671 2.786787
2.473490 2.785751
2.473490 2.785751
2.473787 2.786400
2.473787 2.786400
2.470726 2.783524
2.473737 2.787111
2.472547 2.786078
2.472547 2.786078
2.473040 2.786663
2.473040 2.786663
2.469779 2.783852
2.472802 2.787434
2.472293 2.786926
2.472293 2.786926
2.471605 2.786405
2.471605 2.786405
2.471547 2.787189
2.471547 2.787189
2.468833 2.784179
2.471868 2.787758
2.470663 2.786732
2.470663 2.786732
2.470800 2.787452
2.470800 2.787452
2.467886 2.784507
2.470933 2.788081
2.469720 2.787059
2.469720 2.787059
2.470053 2.787715
2.470053 2.787715
2.466940 2.784835
2.469999 2.788405
2.469306 2.787978
2.469306 2.787978
2.468778 2.787386
2.468778 2.787386
2.465993 2.785162
2.469064 2.788728
2.468560 2.788241
2.468560 2.788241
2.467835 2.787713
2.467835 2.787713
2.467813 2.788504
2.467813 2.788504
2.465046 2.785490
2.468130 2.789052
2.466893 2.788040
2.466893 2.788040
2.467066 2.788766
2.467066 2.788766
2.464100 2.785818
2.467195 2.789375
2.465951 2.788367
2.465951 2.788367
2.466320 2.789029
2.466320 2.789029
2.463153 2.786145
2.466261 2.789699
2.465573 2.789292
2.465573 2.789292
2.465008 2.788694
2.465008 2.788694
2.462207 2.786473
2.465326 2.790022
2.464826 2.789555
2.464826 2.789555
2.464066 2.789021
2.464066 2.789021
2.464079 2.789818
2.464079 2.789818
2.464392 2.790346
2.461260 2.786801
2.463123 2.789348
2.463123 2.789348
2.463333 2.790081
2.463333 2.790081
2.463457 2.790670
2.460314 2.787128
2.462181 2.789675
2.462181 2.789675
2.462586 2.790344
2.462586 2.790344
2.462523 2.790993
2.459367 2.787456
2.461839 2.790607
2.461839 2.790607
2.461239 2.790002
2.461239 2.790002
2.461588 2.791317
2.458421 2.787784
2.461092 2.790870
2.461092 2.790870
2.460296 2.790329
2.460296 2.790329
2.460346 2.791132
2.460346 2.791132
2.460654 2.791640
2.457474 2.788111
2.459354 2.790656
2.459354 2.790656
2.459599 2.791395
2.459599 2.791395
2.459719 2.791964
2.456528 2.788439
2.458411 2.790983
2.458411 2.790983
2.458852 2.791658
2.458852 2.791658
2.458785 2.792287
2.455581 2.788767
2.458105 2.791921
2.458105 2.791921
2.457469 2.791310
2.457469 2.791310
2.457850 2.792611
2.457359 2.792184
2.457359 2.792184
2.454634 2.789094
2.456527 2.791637
2.456527 2.791637
2.456612 2.792447
2.456612 2.792447
2.456916 2.792934
2.453688 2.789422
2.455584 2.791964
2.455584 2.791964
2.455865 2.792710
2.455865 2.792710
2.455981 2.793258
2.452741 2.789750
2.454642 2.792291
2.454642 2.792291
2.455118 2.792973
2.455118 2.792973
2.455047 2.793581
2.451795 2.790077
2.454372 2.793236
2.454372 2.793236
2.453699 2.792618
2.453699 2.792618
2.454112 2.793905
2.453625 2.793498
2.453625 2.793498
2.450848 2.790405
2.452757 2.792945
2.452757 2.792945
2.452878 2.793761
2.452878 2.793761
2.453178 2.794228
2.449902 2.790733
2.451815 2.793272
2.451815 2.793272
2.452131 2.794024
2.452131 2.794024
2.452243 2.794552
2.448955 2.791060
2.450872 2.793599
2.450872 2.793599
2.451385 2.794287
2.451385 2.794287
2.451309 2.794876
2.448009 2.791388
2.450638 2.794550
2.450638 2.794550
2.449930 2.793926
2.449930 2.793926
2.450374 2.795199
2.449891 2.794813
2.449891 2.794813
2.447062 2.791716
2.448987 2.794253
2.448987 2.794253
2.449144 2.795076
2.449144 2.795076
2.449440 2.795523
2.446116 2.792043
2.448045 2.794580
2.448045 2.794580
2.448398 2.795339
2.448398 2.795339
2.448505 2.795846
2.445169 2.792371
2.447103 2.794907
2.447103 2.794907
2.447651 2.795602
2.447651 2.795602
2.447571 2.796170
2.444222 2.792699
2.446904 2.795864
2.446904 2.795864
2.446160 2.795234
2.446160 2.795234
2.446636 2.796493
2.446157 2.796127
2.446157 2.796127
2.443276 2.793026
2.445218 2.795561
2.445218 2.795561
2.445411 2.796390
2.445411 2.796390
2.445702 2.796817
2.442329 2.793354
2.444275 2.795888
2.444275 2.795888
2.444664 2.796653
2.444664 2.796653
2.444767 2.797140
2.441383 2.793682
2.443333 2.796215
2.443333 2.796215
2.443917 2.796916
2.443917 2.796916
2.443833 2.797464
2.440436 2.794009
2.443170 2.797179
2.443170 2.797179
2.442391 2.796542
2.442391 2.796542
2.442898 2.797787
2.442424 2.797442
2.442424 2.797442
2.439490 2.794337
2.441448 2.796869
2.441448 2.796869
2.441677 2.797705
2.441677 2.797705
2.441964 2.798111
2.438543 2.794665
2.440506 2.797196
2.440506 2.797196
2.440930 2.797968
2.440930 2.797968
2.441029 2.798434
2.437597 2.794992
2.440183 2.798230
2.440183 2.798230
2.439563 2.797523
2.439563 2.797523
2.440095 2.798758
2.436686 2.795311
2.439437 2.798493
2.439437 2.798493
2.438621 2.797850
2.438621 2.797850
2.439160 2.799082
2.438690 2.798756
2.438690 2.798756
2.435775 2.795629
2.437679 2.798177
2.437679 2.798177
2.437943 2.799019
2.437943 2.799019
2.438226 2.799405
2.434864 2.795947
2.436736 2.798504
2.436736 2.798504
2.437196 2.799282
2.437196 2.799282
2.437291 2.799729
2.433953 2.796266
2.436450 2.799545
2.436450 2.799545
2.435794 2.798831
2.435794 2.798831
2.436357 2.800052
2.433042 2.796584
2.435703 2.799808
2.435703 2.799808
2.434851 2.799158
2.434851 2.799158
2.435422 2.800376
2.434956 2.800071
2.434956 2.800071
2.432131 2.796903
2.433909 2.799485
2.433909 2.799485
2.434209 2.800334
2.434209 2.800334
2.434488 2.800699
2.431220 2.797221
2.432967 2.799812
2.432967 2.799812
2.433463 2.800596
2.433463 2.800596
2.433553 2.801023
2.430309 2.797540
2.432716 2.800859
2.432716 2.800859
2.432024 2.800139
2.432024 2.800139
2.432619 2.801346
2.429398 2.797858
2.431969 2.801122
2.431969 2.801122
2.431082 2.800466
2.431082 2.800466
2.431684 2.801670
2.428488 2.798177
2.431222 2.801385
2.431222 2.801385
2.430139 2.800793
2.430139 2.800793
2.430476 2.801648
2.430476 2.801648
2.430749 2.801993
2.427577 2.798495
2.429197 2.801120
2.429197 2.801120
2.429729 2.801911
2.429729 2.801911
2.429815 2.802317
2.426666 2.798813
2.428982 2.802174
2.428982 2.802174
2.428255 2.801447
2.428255 2.801447
2.428880 2.802640
2.425755 2.799132
2.428235 2.802437
2.428235 2.802437
2.427312 2.801774
2.427312 2.801774
2.427946 2.802964
2.424844 2.799450
2.427489 2.802700
2.427489 2.802700
2.426370 2.802101
2.426370 2.802101
2.426742 2.802962
2.426742 2.802962
2.427011 2.803287
2.423933 2.799769
2.425427 2.802428
2.425427 2.802428
2.425995 2.803225
2.425995 2.803225
2.426077 2.803611
2.423022 2.800087
2.425248 2.803488
2.425248 2.803488
2.424485 2.802755
2.424485 2.802755
2.422111 2.800406
2.425142 2.803935
2.424502 2.803751
2.424502 2.803751
2.423543 2.803082
2.423543 2.803082
2.421200 2.800724
2.424208 2.804258
2.423755 2.804014
2.423755 2.804014
2.422600 2.803409
2.422600 2.803409
2.420289 2.801043
2.423273 2.804582
2.423008 2.804277
2.423008 2.804277
2.421658 2.803736
2.421658 2.803736
2.422261 2.804540
2.422261 2.804540
2.419379 2.801361
2.422339 2.804905
2.421515 2.804803
2.421515 2.804803
2.420715 2.804063
2.420715 2.804063
2.418468 2.801679
2.421404 2.805229
2.420768 2.805066
2.420768 2.805066
2.419773 2.804390
2.419773 2.804390
2.417557 2.801998
2.420470 2.805552
2.420021 2.805328
2.420021 2.805328
2.418830 2.804717
2.418830 2.804717
2.416646 2.802316
2.419535 2.805876
2.419274 2.805591
2.419274 2.805591
2.417888 2.805044
2.417888 2.805044
2.418528 2.805854
2.418528 2.805854
2.415735 2.802635
2.418601 2.806199
2.417781 2.806117
2.417781 2.806117
2.416946 2.805371
2.416946 2.805371
2.414824 2.802953
2.417666 2.806523
2.417034 2.806380
2.417034 2.806380
2.416003 2.805698
2.416003 2.805698
2.413913 2.803272
2.416732 2.806846
2.416287 2.806643
2.416287 2.806643
2.413002 2.803590
2.415061 2.806025
2.415061 2.806025
2.415797 2.807170
2.415541 2.806906
2.415541 2.806906
2.412091 2.803908
2.414118 2.806352
2.414118 2.806352
2.414794 2.807169
2.414794 2.807169
2.414863 2.807493
2.414047 2.807432
2.414047 2.807432
2.411180 2.804227
2.413176 2.806679
2.413176 2.806679
2.413928 2.807817
2.413300 2.807694
2.413300 2.807694
2.410269 2.804545
2.412234 2.807006
2.412234 2.807006
2.412994 2.808141
2.412554 2.807957
2.412554 2.807957
2.409359 2.804864
2.411291 2.807333
2.411291 2.807333
2.412059 2.808464
2.411807 2.808220
2.411807 2.808220
2.408448 2.805182
2.411060 2.808483
2.411060 2.808483
2.410349 2.807660
2.410349 2.807660
2.411125 2.808788
2.407537 2.805501
2.410313 2.808746
2.410313 2.808746
2.409406 2.807987
2.409406 2.807987
2.410190 2.809111
2.409567 2.809009
2.409567 2.809009
2.406626 2.805819
2.408464 2.808314
2.408464 2.808314
2.409256 2.809435
2.408820 2.809272
2.408820 2.809272
2.405715 2.806138
2.407522 2.808641
2.407522 2.808641
2.408321 2.809758
2.408073 2.809535
2.408073 2.809535
2.404804 2.806456
2.407327 2.809798
2.407327 2.809798
2.406579 2.808968
2.406579 2.808968
2.407387 2.810082
2.403893 2.806774
2.406580 2.810060
2.406580 2.810060
2.405637 2.809295
2.405637 2.809295
2.406452 2.810405
2.405833 2.810323
2.405833 2.810323
2.402982 2.807093
2.404694 2.809622
2.404694 2.809622
2.405518 2.810729
2.405086 2.810586
2.405086 2.810586
2.402071 2.807411
2.403752 2.809949
2.403752 2.809949
2.404583 2.811052
2.404340 2.810849
2.404340 2.810849
2.401160 2.807730
2.403593 2.811112
2.403593 2.811112
2.402810 2.810276
2.402810 2.810276
2.403649 2.811376
2.400249 2.808048
2.402846 2.811375
2.402846 2.811375
2.401867 2.810603
2.401867 2.810603
2.402714 2.811699
2.399339 2.808367
2.402099 2.811638
2.402099 2.811638
2.400925 2.810930
2.400925 2.810930
2.401780 2.812023
2.401353 2.811901
2.401353 2.811901
2.398428 2.808685
2.399982 2.811257
2.399982 2.811257
2.400845 2.812347
2.400606 2.812164
2.400606 2.812164
2.397517 2.809004
2.399859 2.812426
2.399859 2.812426
2.399040 2.811584
2.399040 2.811584
2.399911 2.812670
2.396606 2.809322
2.399112 2.812689
2.399112 2.812689
2.398098 2.811911
2.398098 2.811911
2.398976 2.812994
2.395695 2.809640
2.398366 2.812952
2.398366 2.812952
2.397155 2.812238
2.397155 2.812238
2.398042 2.813317
2.397619 2.813215
2.397619 2.813215
2.394784 2.809959
2.396213 2.812565
2.396213 2.812565
2.397107 2.813641
2.396872 2.813478
2.396872 2.813478
2.393873 2.810277
2.396125 2.813741
2.396125 2.813741
2.395270 2.812892
2.395270 2.812892
2.396173 2.813964
2.392962 2.810596
2.395379 2.814004
2.395379 2.814004
2.395238 2.814288
2.394328 2.813219
2.394328 2.813219
2.392051 2.810914
2.394632 2.814267
2.394632 2.814267
2.394304 2.814611
2.393386 2.813546
2.393386 2.813546
2.391140 2.811233
2.393885 2.814530
2.393885 2.814530
2.393369 2.814935
2.392443 2.813873
2.392443 2.813873
2.393138 2.814792
2.393138 2.814792
2.390230 2.811551
2.392392 2.815055
2.392392 2.815055
2.392435 2.815258
2.391501 2.814200
2.391501 2.814200
2.389319 2.811869
2.391645 2.815318
2.391645 2.815318
2.391500 2.815582
2.390558 2.814527
2.390558 2.814527
2.388408 2.812188
2.390898 2.815581
2.390898 2.815581
2.390566 2.815905
2.389616 2.814854
2.389616 2.814854
2.387497 2.812506
2.390151 2.815844
2.390151 2.815844
2.389631 2.816229
2.388674 2.815181
2.388674 2.815181
2.389405 2.816107
2.389405 2.816107
2.386586 2.812825
2.388658 2.816370
2.388658 2.816370
2.388697 2.816553
2.387731 2.815508
2.387731 2.815508
2.385675 2.813143
2.387911 2.816633
2.387911 2.816633
2.387762 2.816876
2.386789 2.815835
2.386789 2.815835
2.384764 2.813462
2.387164 2.816896
2.387164 2.816896
2.386828 2.817200
2.383853 2.813780
2.385846 2.816162
2.385846 2.816162
2.386418 2.817158
2.386418 2.817158
2.385893 2.817523
2.382942 2.814099
2.384904 2.816489
2.384904 2.816489
2.385671 2.817421
2.385671 2.817421
2.384924 2.817684
2.384924 2.817684
2.384959 2.817847
2.382031 2.814417
2.383962 2.816816
2.383962 2.816816
2.384177 2.817947
2.384177 2.817947
2.381120 2.814735
2.384024 2.818170
2.383019 2.817143
2.383019 2.817143
2.383431 2.818210
2.383431 2.818210
2.380210 2.815054
2.383090 2.818494
2.382077 2.817470
2.382077 2.817470
2.382684 2.818473
2.382684 2.818473
2.379299 2.815372
2.382155 2.818817
2.381937 2.818736
2.381937 2.818736
2.381134 2.817797
2.381134 2.817797
2.381190 2.818999
2.381190 2.818999
2.378388 2.815691
2.381220 2.819141
2.380192 2.818124
2.380192 2.818124
2.380444 2.819262
2.380444 2.819262
2.377477 2.816009
2.380286 2.819464
2.379250 2.818451
2.379250 2.818451
2.379697 2.819524
2.379697 2.819524
2.376566 2.816328
2.379351 2.819788
2.378307 2.818778
2.378307 2.818778
2.378950 2.819787
2.378950 2.819787
2.375655 2.816646
2.378417 2.820111
2.378203 2.820050
2.378203 2.820050
2.377365 2.819105
2.377365 2.819105
2.374744 2.816965
2.377457 2.820313
2.377457 2.820313
2.377482 2.820435
2.376422 2.819432
2.376422 2.819432
2.376710 2.820576
2.376710 2.820576
2.373833 2.817283
2.376548 2.820758
2.375480 2.819759
2.375480 2.819759
2.375963 2.820839
2.375963 2.820839
2.372922 2.817601
2.375613 2.821082
2.374538 2.820086
2.374538 2.820086
2.375216 2.821102
2.375216 2.821102
2.372011 2.817920
2.374679 2.821406
2.374470 2.821365
2.374470 2.821365
2.373595 2.820413
2.373595 2.820413
2.371100 2.818238
2.373723 2.821628
2.373723 2.821628
2.373744 2.821729
2.372653 2.820740
2.372653 2.820740
2.370190 2.818557
2.372976 2.821890
2.372976 2.821890
2.372810 2.822053
2.371710 2.821067
2.371710 2.821067
2.372229 2.822153
2.372229 2.822153
2.369279 2.818875
2.371875 2.822376
2.370768 2.821394
2.370768 2.821394
2.371483 2.822416
2.371483 2.822416
2.368368 2.819194
2.370941 2.822700
2.370736 2.822679
2.370736 2.822679
2.369826 2.821721
2.369826 2.821721
2.367457 2.819512
2.369989 2.822942
2.369989 2.822942
2.370006 2.823023
2.368883 2.822048
2.368883 2.822048
2.366546 2.819830
2.369242 2.823205
2.369242 2.823205
2.369072 2.823347
2.367941 2.822375
2.367941 2.822375
2.368496 2.823468
2.368496 2.823468
2.365635 2.820149
2.368137 2.823670
2.366998 2.822702
2.366998 2.822702
2.367749 2.823731
2.367749 2.823731
2.364724 2.820467
2.367203 2.823994
2.367002 2.823994
2.367002 2.823994
2.366056 2.823029
2.366056 2.823029
2.363813 2.820786
2.366255 2.824257
2.366255 2.824257
2.366268 2.824317
2.365114 2.823356
2.365114 2.823356
2.362902 2.821104
2.365509 2.824519
2.365509 2.824519
2.365334 2.824641
2.364171 2.823683
2.364171 2.823683
2.361991 2.821423
2.364762 2.824782
2.364762 2.824782
2.364399 2.824964
2.363229 2.824010
2.363229 2.824010
2.364015 2.825045
2.364015 2.825045
2.361080 2.821741
2.363465 2.825288
2.363268 2.825308
2.363268 2.825308
2.362286 2.824337
2.362286 2.824337
2.360170 2.822060
2.362522 2.825571
2.362522 2.825571
2.362530 2.825612
2.361344 2.824664
2.361344 2.824664
2.359259 2.822378
2.361775 2.825834
2.361775 2.825834
2.361596 2.825935
2.360401 2.824991
2.360401 2.824991
2.358348 2.822696
2.361028 2.826097
2.361028 2.826097
2.360661 2.826259
2.359459 2.825318
2.359459 2.825318
2.360281 2.826360
2.360281 2.826360
2.357437 2.823015
2.359727 2.826582
2.359535 2.826623
2.359535 2.826623
2.358517 2.825645
2.358517 2.825645
2.356526 2.823333
2.358788 2.826885
2.358788 2.826885
2.358792 2.826906
2.357574 2.825972
2.357574 2.825972
2.355615 2.823652
2.358041 2.827148
2.358041 2.827148
2.357858 2.827229
2.354704 2.823970
2.356632 2.826299
2.356632 2.826299
2.357294 2.827411
2.357294 2.827411
2.356923 2.827553
2.353793 2.824289
2.355689 2.826626
2.355689 2.826626
2.356548 2.827674
2.356548 2.827674
2.355989 2.827876
2.355801 2.827937
2.355801 2.827937
2.352882 2.824607
2.354747 2.826953
2.354747 2.826953
2.355054 2.828200
2.355054 2.828200
2.351971 2.824925
2.353805 2.827280
2.353805 2.827280
2.354169 2.828504
2.351061 2.825244
2.352862 2.827607
2.352862 2.827607
2.353283 2.828808
2.350150 2.825562
2.351920 2.827934
2.351920 2.827934
2.352398 2.829112
2.349239 2.825881
2.350977 2.828261
2.350977 2.828261
2.351512 2.829417
2.348328 2.826199
2.350035 2.828588
2.350035 2.828588
2.350627 2.829721
2.347417 2.826518
2.349093 2.828915
2.349093 2.828915
2.349741 2.830025
2.346506 2.826836
2.348150 2.829242
2.348150 2.829242
2.348856 2.830329
2.345595 2.827155
2.347208 2.829569
2.347208 2.829569
2.347970 2.830633
2.344684 2.827473
2.346265 2.829896
2.346265 2.829896
2.347084 2.830938
2.343773 2.827791
2.346199 2.831242
2.345323 2.830223
2.345323 2.830223
2.342862 2.828110
2.345313 2.831546
2.344381 2.830550
2.344381 2.830550
2.341951 2.828428
2.344428 2.831850
2.343438 2.830877
2.343438 2.830877
2.341041 2.828747
2.343542 2.832154
2.342496 2.831204
2.342496 2.831204
2.340130 2.829065
2.342657 2.832459
2.341553 2.831531
2.341553 2.831531
2.339219 2.829384
2.341771 2.832763
2.340611 2.831858
2.340611 2.831858
2.338308 2.829702
2.340886 2.833067
2.339669 2.832185
2.339669 2.832185
2.337397 2.830021
2.340000 2.833371
2.338726 2.832512
2.338726 2.832512
2.336486 2.830339
2.339115 2.833675
2.337784 2.832839
2.337784 2.832839
2.335575 2.830657
2.338229 2.833980
2.336841 2.833166
2.336841 2.833166
2.334664 2.830976
2.337344 2.834284
2.335899 2.833493
2.335899 2.833493
2.333753 2.831294
2.336458 2.834588
2.334957 2.833820
2.334957 2.833820
2.335573 2.834892
2.332842 2.831613
2.334014 2.834147
2.334014 2.834147
2.334687 2.835197
2.331931 2.831931
2.333072 2.834474
2.333072 2.834474
2.333801 2.835501
2.331021 2.832250
2.332129 2.834801
2.332129 2.834801
2.332916 2.835805
2.330110 2.832568
2.332030 2.836109
2.331187 2.835128
2.331187 2.835128
2.329199 2.832886
2.331145 2.836413
2.330245 2.835455
2.330245 2.835455
2.328288 2.833205
2.330259 2.836718
2.329302 2.835782
2.329302 2.835782
2.327377 2.833523
2.329374 2.837022
2.328360 2.836109
2.328360 2.836109
2.326466 2.833842
2.328488 2.837326
2.325555 2.834160
2.327417 2.836436
2.327417 2.836436
2.327603 2.837630
2.324644 2.834479
2.326475 2.836763
2.326475 2.836763
2.326717 2.837934
2.323733 2.834797
2.325533 2.837090
2.325533 2.837090
2.325832 2.838239
2.322822 2.835116
2.324590 2.837417
2.324590 2.837417
2.324946 2.838543
2.321912 2.835434
2.323648 2.837744
2.323648 2.837744
2.324061 2.838847
2.321001 2.835752
2.322705 2.838071
2.322705 2.838071
2.323175 2.839151
2.320090 2.836071
2.321763 2.838398
2.321763 2.838398
2.322290 2.839455
2.319179 2.836389
2.320821 2.838725
2.320821 2.838725
2.321404 2.839760
2.318268 2.836708
2.319878 2.839052
2.319878 2.839052
2.320519 2.840064
2.317357 2.837026
2.318936 2.839379
2.318936 2.839379
2.319633 2.840368
2.316446 2.837345
2.317993 2.839706
2.317993 2.839706
2.318747 2.840672
2.315535 2.837663
2.317862 2.840976
2.317051 2.840033
2.317051 2.840033
2.314624 2.837982
2.316976 2.841281
2.316109 2.840360
2.316109 2.840360
2.313713 2.838300
2.316091 2.841585
2.315166 2.840687
2.315166 2.840687
2.312802 2.838618
2.315205 2.841889
2.314224 2.841014
2.314224 2.841014
2.311892 2.838937
2.314320 2.842193
2.313281 2.841341
2.313281 2.841341
2.310981 2.839255
2.313434 2.842497
2.312339 2.841668
2.312339 2.841668
2.310070 2.839574
2.312549 2.842802
2.311397 2.841995
2.311397 2.841995
2.309159 2.839892
2.311663 2.843106
2.310454 2.842322
2.310454 2.842322
2.308248 2.840211
2.310778 2.843410
2.309512 2.842649
2.309512 2.842649
2.307337 2.840529
2.309892 2.843714
2.308569 2.842976
2.308569 2.842976
2.309007 2.844018
2.306426 2.840847
2.307627 2.843303
2.307627 2.843303
2.308121 2.844323
2.305515 2.841166
2.306685 2.843630
2.306685 2.843630
2.307236 2.844627
2.304604 2.841484
2.305742 2.843957
2.305742 2.843957
2.306350 2.844931
2.303693 2.841803
2.304800 2.844284
2.304800 2.844284
2.305465 2.845235
2.302782 2.842121
2.303857 2.844611
2.303857 2.844611
2.304579 2.845539
2.301872 2.842440
2.303693 2.845844
2.302915 2.844938
2.302915 2.844938
2.300961 2.842758
2.302808 2.846148
2.301972 2.845265
2.301972 2.845265
2.300050 2.843077
2.301922 2.846452
2.301030 2.845592
2.301030 2.845592
2.299139 2.843395
2.301037 2.846756
2.300088 2.845919
2.300088 2.845919
2.298228 2.843713
2.300151 2.847060
2.299145 2.846246
2.299145 2.846246
2.297317 2.844032
2.299266 2.847365
2.298203 2.846573
2.298203 2.846573
2.296406 2.844350
2.298380 2.847669
2.295495 2.844669
2.297260 2.846900
2.297260 2.846900
2.297495 2.847973
2.294584 2.844987
2.296318 2.847227
2.296318 2.847227
2.296609 2.848277
2.293673 2.845306
2.295376 2.847554
2.295376 2.847554
2.295724 2.848581
2.292762 2.845624
2.294433 2.847881
2.294433 2.847881
2.294838 2.848886
2.291852 2.845943
2.293491 2.848208
2.293491 2.848208
2.293953 2.849190
2.290941 2.846261
2.292548 2.848535
2.292548 2.848535
2.293067 2.849494
2.290030 2.846579
2.291606 2.848862
2.291606 2.848862
2.292182 2.849798
2.289119 2.846898
2.290664 2.849189
2.290664 2.849189
2.291296 2.850102
2.288208 2.847216
2.289721 2.849516
2.289721 2.849516
2.290410 2.850407
2.287297 2.847535
2.289525 2.850711
2.288779 2.849843
2.288779 2.849843
2.286386 2.847853
2.288639 2.851015
2.287836 2.850170
2.287836 2.850170
2.285475 2.848172
2.287754 2.851319
2.286894 2.850497
2.286894 2.850497
2.284564 2.848490
2.286868 2.851623
2.285952 2.850824
2.285952 2.850824
2.283653 2.848808
2.285983 2.851928
2.285009 2.851151
2.285009 2.851151
2.282743 2.849127
2.285097 2.852232
2.284067 2.851478
2.284067 2.851478
2.281832 2.849445
2.284212 2.852536
2.283124 2.851805
2.283124 2.851805
2.280921 2.849764
2.283326 2.852840
2.282182 2.852132
2.282182 2.852132
2.280010 2.850082
2.282441 2.853144
2.281240 2.852459
2.281240 2.852459
2.281555 2.853449
2.279099 2.850401
2.280297 2.852786
2.280297 2.852786
2.280670 2.853753
2.278188 2.850719
2.279355 2.853113
2.279355 2.853113
2.279784 2.854057
2.277277 2.851038
2.278412 2.853440
2.278412 2.853440
2.278899 2.854361
2.276366 2.851356
2.277470 2.853767
2.277470 2.853767
2.278013 2.854665
2.275455 2.851674
2.276528 2.854094
2.276528 2.854094
2.277128 2.854970
2.274544 2.851993
2.275585 2.854421
2.275585 2.854421
2.276242 2.855274
2.273633 2.852311
2.275356 2.855578
2.274643 2.854748
2.274643 2.854748
2.272723 2.852630
2.274471 2.855882
2.273700 2.855075
2.273700 2.855075
2.271812 2.852948
2.273585 2.856186
2.272758 2.855402
2.272758 2.855402
2.270901 2.853267
2.272700 2.856491
2.271816 2.855729
2.271816 2.855729
2.269990 2.853585
2.271814 2.856795
2.270873 2.856056
2.270873 2.856056
2.269079 2.853903
2.270929 2.857099
2.269931 2.856383
2.269931 2.856383
2.268168 2.854222
2.270043 2.857403
2.268988 2.856710
2.268988 2.856710
2.267257 2.854540
2.269158 2.857708
2.266346 2.854859
2.268046 2.857037
2.268046 2.857037
2.268272 2.858012
2.265435 2.855177
2.267104 2.857364
2.267104 2.857364
2.267387 2.858316
2.264524 2.855496
2.266161 2.857691
2.266161 2.857691
2.266501 2.858620
2.263613 2.855814
2.265219 2.858018
2.265219 2.858018
2.265616 2.858924
2.262703 2.856133
2.264276 2.858345
2.264276 2.858345
2.264730 2.859229
2.261792 2.856451
2.263334 2.858672
2.263334 2.858672
2.263845 2.859533
2.260881 2.856769
2.262392 2.858999
2.262392 2.858999
2.262959 2.859837
2.259970 2.857088
2.261449 2.859326
2.261449 2.859326
2.262074 2.860141
2.259059 2.857406
2.261188 2.860445
2.260507 2.859653
2.260507 2.859653
2.258148 2.857725
2.260302 2.860750
2.259564 2.859980
2.259564 2.859980
2.257237 2.858043
2.259417 2.861054
2.258622 2.860307
2.258622 2.860307
2.256326 2.858362
2.258531 2.861358
2.257680 2.860634
2.257680 2.860634
2.255415 2.858680
2.257646 2.861662
2.256737 2.860961
2.256737 2.860961
2.254504 2.858999
2.256760 2.861966
2.255795 2.861288
2.255795 2.861288
2.253594 2.859317
2.255875 2.862271
2.254852 2.861615
2.254852 2.861615
2.252683 2.859635
2.254989 2.862575
2.253910 2.861942
2.253910 2.861942
2.254104 2.862879
2.251772 2.859954
2.252968 2.862269
2.252968 2.862269
2.253218 2.863183
2.250861 2.860272
2.252025 2.862596
2.252025 2.862596
2.252333 2.863487
2.249950 2.860591
2.251083 2.862923
2.251083 2.862923
2.251447 2.863792
2.249039 2.860909
2.250140 2.863250
2.250140 2.863250
2.250562 2.864096
2.248128 2.861228
2.249198 2.863577
2.249198 2.863577
2.249676 2.864400
2.247217 2.861546
2.248255 2.863904
2.248255 2.863904
2.248791 2.864704
2.246306 2.861864
2.247313 2.864231
2.247313 2.864231
2.247905 2.865008
2.245395 2.862183
2.247019 2.865313
2.246371 2.864558
2.246371 2.864558
2.244484 2.862501
2.246134 2.865617
2.245428 2.864885
2.245428 2.864885
2.243574 2.862820
2.245248 2.865921
2.244486 2.865212
2.244486 2.865212
2.242663 2.863138
2.244363 2.866225
2.243543 2.865539
2.243543 2.865539
2.241752 2.863457
2.243477 2.866529
2.242601 2.865866
2.242601 2.865866
2.240841 2.863775
2.242592 2.866834
2.241659 2.866193
2.241659 2.866193
2.239930 2.864094
2.241706 2.867138
2.240716 2.866520
2.240716 2.866520
2.239019 2.864412
2.240821 2.867442
2.239774 2.866847
2.239774 2.866847
2.238108 2.864730
2.239935 2.867746
2.237197 2.865049
2.238831 2.867174
2.238831 2.867174
2.239050 2.868050
2.236286 2.865367
2.237889 2.867501
2.237889 2.867501
2.238164 2.868355
2.235375 2.865686
2.236947 2.867828
2.236947 2.867828
2.237279 2.868659
2.234464 2.866004
2.236004 2.868155
2.236004 2.868155
2.236393 2.868963
2.233554 2.866323
2.235062 2.868482
2.235062 2.868482
2.235508 2.869267
2.232643 2.866641
2.234119 2.868809
2.234119 2.868809
2.234622 2.869571
2.231732 2.866960
2.233177 2.869136
2.233177 2.869136
2.233737 2.869876
2.230821 2.867278
2.232851 2.870180
2.232235 2.869463
2.232235 2.869463
2.229910 2.867596
2.231965 2.870484
2.231292 2.869790
2.231292 2.869790
2.228999 2.867915
2.231080 2.870788
2.230350 2.870117
2.230350 2.870117
2.228088 2.868233
2.230194 2.871092
2.229407 2.870444
2.229407 2.870444
2.227177 2.868552
2.229309 2.871397
2.228465 2.870771
2.228465 2.870771
2.226266 2.868870
2.228423 2.871701
2.227523 2.871098
2.227523 2.871098
2.225355 2.869189
2.227538 2.872005
2.226580 2.871425
2.226580 2.871425
2.226652 2.872309
2.224444 2.869507
2.225638 2.871752
2.225638 2.871752
2.225767 2.872613
2.223534 2.869825
2.224695 2.872079
2.224695 2.872079
2.224881 2.872918
2.222623 2.870144
2.223753 2.872406
2.223753 2.872406
2.223996 2.873222
2.221712 2.870462
2.222811 2.872733
2.222811 2.872733
2.223110 2.873526
2.220801 2.870781
2.221868 2.873060
2.221868 2.873060
2.222225 2.873830
2.219890 2.871099
2.220926 2.873387
2.220926 2.873387
2.221339 2.874134
2.218979 2.871418
2.219983 2.873714
2.219983 2.873714
2.220454 2.874439
2.218068 2.871736
2.219041 2.874041
2.219041 2.874041
2.219568 2.874743
2.217157 2.872055
2.218683 2.875047
2.218099 2.874368
2.218099 2.874368
2.216246 2.872373
2.217797 2.875351
2.217156 2.874695
2.217156 2.874695
2.215335 2.872691
2.216911 2.875655
2.216214 2.875022
2.216214 2.875022
2.214425 2.873010
2.216026 2.875960
2.215271 2.875349
2.215271 2.875349
2.213514 2.873328
2.215140 2.876264
2.214329 2.875676
2.214329 2.875676
2.212603 2.873647
2.214255 2.876568
2.213387 2.876003
2.213387 2.876003
2.211692 2.873965
2.213369 2.876872
2.212444 2.876330
2.212444 2.876330
2.210781 2.874284
2.212484 2.877176
2.211502 2.876657
2.211502 2.876657
2.209870 2.874602
2.211598 2.877481
2.210559 2.876984
2.210559 2.876984
2.208959 2.874921
2.210713 2.877785
2.208048 2.875239
2.209617 2.877311
2.209617 2.877311
2.209827 2.878089
2.207137 2.875557
2.208675 2.877638
2.208675 2.877638
2.208942 2.878393
2.206226 2.875876
2.207732 2.877965
2.207732 2.877965
2.208056 2.878697
2.205315 2.876194
2.206790 2.878292
2.206790 2.878292
2.207171 2.879002
2.204405 2.876513
2.205847 2.878619
2.205847 2.878619
2.206285 2.879306
2.203494 2.876831
2.204905 2.878946
2.204905 2.878946
2.205400 2.879610
2.202583 2.877150
2.204514 2.879914
2.203963 2.879273
2.203963 2.879273
2.201672 2.877468
2.203628 2.880218
2.203020 2.879600
2.203020 2.879600
2.200761 2.877786
2.202743 2.880523
2.202078 2.879927
2.202078 2.879927
2.199850 2.878105
2.201857 2.880827
2.201135 2.880254
2.201135 2.880254
2.198939 2.878423
2.200972 2.881131
2.200193 2.880581
2.200193 2.880581
2.200086 2.881435
2.198028 2.878742
2.199251 2.880908
2.199251 2.880908
2.199201 2.881740
2.197117 2.879060
2.198308 2.881235
2.198308 2.881235
2.198315 2.882044
2.196206 2.879379
2.197366 2.881562
2.197366 2.881562
2.197430 2.882348
2.195295 2.879697
2.196423 2.881889
2.196423 2.881889
2.196544 2.882652
2.194385 2.880016
2.195481 2.882216
2.195481 2.882216
2.195659 2.882956
2.193474 2.880334
2.194539 2.882543
2.194539 2.882543
2.194773 2.883261
2.192563 2.880652
2.193596 2.882870
2.193596 2.882870
2.193888 2.883565
2.191652 2.880971
2.192654 2.883197
2.192654 2.883197
2.193002 2.883869
2.190741 2.881289
2.191711 2.883524
2.191711 2.883524
2.192117 2.884173
2.189830 2.881608
2.190769 2.883851
2.190769 2.883851
2.191231 2.884477
2.188919 2.881926
2.190346 2.884782
2.189826 2.884178
2.189826 2.884178
2.188008 2.882245
2.189460 2.885086
2.188884 2.884505
2.188884 2.884505
2.187097 2.882563
2.188574 2.885390
2.187942 2.884832
2.187942 2.884832
2.186186 2.882881
2.187689 2.885694
2.186999 2.885159
2.186999 2.885159
2.185276 2.883200
2.186803 2.885998
2.186057 2.885486
2.186057 2.885486
2.184365 2.883518
2.185918 2.886303
2.185114 2.885813
2.185114 2.885813
2.183454 2.883837
2.185032 2.886607
2.184172 2.886140
2.184172 2.886140
2.182543 2.884155
2.184147 2.886911
2.183230 2.886467
2.183230 2.886467
2.181632 2.884474
2.183261 2.887215
2.182287 2.886794
2.182287 2.886794
2.180721 2.884792
2.182376 2.887519
2.181345 2.887121
2.181345 2.887121
2.179810 2.885111
2.181490 2.887824
2.178899 2.885429
2.180402 2.887448
2.180402 2.887448
2.180605 2.888128
2.177988 2.885747
2.179460 2.887775
2.179460 2.887775
2.179719 2.888432
2.177077 2.886066
2.178518 2.888102
2.178518 2.888102
2.178834 2.888736
2.176166 2.886384
2.177575 2.888429
2.177575 2.888429
2.177948 2.889040
2.175256 2.886703
2.176633 2.888756
2.176633 2.888756
2.177063 2.889345
2.174345 2.887021
2.176177 2.889649
2.175690 2.889083
2.175690 2.889083
2.173434 2.887340
2.175292 2.889953
2.174748 2.889410
2.174748 2.889410
2.172523 2.887658
2.174406 2.890257
2.173806 2.889737
2.173806 2.889737
2.171612 2.887977
2.173520 2.890561
2.172863 2.890064
2.172863 2.890064
2.172635 2.890866
2.170701 2.888295
2.171921 2.890391
2.171921 2.890391
2.171749 2.891170
2.169790 2.888613
2.170978 2.890718
2.170978 2.890718
2.170864 2.891474
2.168879 2.888932
2.170036 2.891045
2.170036 2.891045
2.169978 2.891778
2.167968 2.889250
2.169094 2.891372
2.169094 2.891372
2.169093 2.892082
2.167057 2.889569
2.168151 2.891699
2.168151 2.891699
2.168207 2.892387
2.166146 2.889887
2.167209 2.892026
2.167209 2.892026
2.167322 2.892691
2.165236 2.890206
2.166266 2.892353
2.166266 2.892353
2.166436 2.892995
2.164325 2.890524
2.165324 2.892680
2.165324 2.892680
2.165551 2.893299
2.163414 2.890842
2.164382 2.893007
2.164382 2.893007
2.164665 2.893603
2.162503 2.891161
2.163439 2.893334
2.163439 2.893334
2.163780 2.893908
2.161592 2.891479
2.162497 2.893661
2.162497 2.893661
2.162894 2.894212
2.160681 2.891798
2.162009 2.894516
2.161554 2.893988
2.161554 2.893988
2.159770 2.892116
2.161123 2.894820
2.160612 2.894315
2.160612 2.894315
2.158859 2.892435
2.160237 2.895124
2.159670 2.894642
2.159670 2.894642
2.157948 2.892753
2.159352 2.895429
2.158727 2.894969
2.158727 2.894969
2.157037 2.893072
2.158466 2.895733
2.157785 2.895296
2.157785 2.895296
2.156126 2.893390
2.157581 2.896037
2.156842 2.895623
2.156842 2.895623
2.155216 2.893708
2.156695 2.896341
2.155900 2.895950
2.155900 2.895950
2.154305 2.894027
2.155810 2.896645
2.154958 2.896277
2.154958 2.896277
2.153394 2.894345
2.154924 2.896950
2.154015 2.896604
2.154015 2.896604
2.152483 2.894664
2.154039 2.897254
2.153073 2.896931
2.153073 2.896931
2.151572 2.894982
2.153153 2.897558
2.152130 2.897258
2.152130 2.897258
2.150661 2.895301
2.152268 2.897862
2.149750 2.895619
2.151188 2.897585
2.151188 2.897585
2.151382 2.898166
2.148839 2.895938
2.150246 2.897912
2.150246 2.897912
2.150497 2.898471
2.147928 2.896256
2.149303 2.898239
2.149303 2.898239
2.149611 2.898775
2.147017 2.896574
2.148361 2.898566
2.148361 2.898566
2.148726 2.899079
2.146107 2.896893
2.147840 2.899383
2.147418 2.898893
2.147418 2.898893
2.145196 2.897211
2.146955 2.899687
2.146476 2.899220
2.146476 2.899220
2.144285 2.897530
2.146069 2.899992
2.145534 2.899547
2.145534 2.899547
2.143374 2.897848
2.145183 2.900296
2.144591 2.899874
2.144591 2.899874
2.144298 2.900600
2.142463 2.898167
2.143649 2.900201
2.143649 2.900201
2.143412 2.900904
2.141552 2.898485
2.142706 2.900528
2.142706 2.900528
2.142527 2.901208
2.140641 2.898803
2.141764 2.900855
2.141764 2.900855
2.141641 2.901513
2.139730 2.899122
2.140822 2.901182
2.140822 2.901182
2.140756 2.901817
2.138819 2.899440
2.139879 2.901509
2.139879 2.901509
2.139870 2.902121
2.137908 2.899759
2.138937 2.901836
2.138937 2.901836
2.138985 2.902425
2.136997 2.900077
2.137994 2.902163
2.137994 2.902163
2.138099 2.902729
2.136087 2.900396
2.137052 2.902490
2.137052 2.902490
2.137214 2.903034
2.135176 2.900714
2.136109 2.902817
2.136109 2.902817
2.136328 2.903338
2.134265 2.901033
2.135167 2.903144
2.135167 2.903144
2.135443 2.903642
2.133354 2.901351
2.134225 2.903471
2.134225 2.903471
2.134557 2.903946
2.132443 2.901669
2.133672 2.904251
2.133282 2.903798
2.133282 2.903798
2.131532 2.901988
2.132786 2.904555
2.132340 2.904125
2.132340 2.904125
2.130621 2.902306
2.131901 2.904859
2.131397 2.904452
2.131397 2.904452
2.129710 2.902625
2.131015 2.905163
2.130455 2.904779
2.130455 2.904779
2.128799 2.902943
2.130129 2.905467
2.129513 2.905106
2.129513 2.905106
2.127888 2.903262
2.129244 2.905772
2.128570 2.905433
2.128570 2.905433
2.126977 2.903580
2.128358 2.906076
2.127628 2.905760
2.127628 2.905760
2.126067 2.903899
2.127473 2.906380
2.126685 2.906087
2.126685 2.906087
2.125156 2.904217
2.126587 2.906684
2.125743 2.906414
2.125743 2.906414
2.124245 2.904535
2.125702 2.906988
2.124801 2.906741
2.124801 2.906741
2.123334 2.904854
2.124816 2.907293
2.123858 2.907068
2.123858 2.907068
2.122423 2.905172
2.123931 2.907597
2.122916 2.907395
2.122916 2.907395
2.121512 2.905491
2.123045 2.907901
2.120601 2.905809
2.121973 2.907722
2.121973 2.907722
2.122160 2.908205
2.119690 2.906128
2.121031 2.908049
2.121031 2.908049
2.121274 2.908509
2.118779 2.906446
2.120089 2.908376
2.120089 2.908376
2.120389 2.908814
2.117868 2.906764
2.119503 2.909118
2.119146 2.908703
2.119146 2.908703
2.116958 2.907083
2.118618 2.909422
2.118204 2.909030
2.118204 2.909030
2.116047 2.907401
2.117732 2.909726
2.117261 2.909357
2.117261 2.909357
2.116846 2.910030
2.115136 2.907720
2.116319 2.909684
2.116319 2.909684
2.115961 2.910335
2.114225 2.908038
2.115377 2.910011
2.115377 2.910011
2.115075 2.910639
2.113314 2.908357
2.114434 2.910338
2.114434 2.910338
2.114190 2.910943
2.112403 2.908675
2.113492 2.910665
2.113492 2.910665
2.113304 2.911247
2.111492 2.908994
2.112549 2.910992
2.112549 2.910992
2.112419 2.911551
2.110581 2.909312
2.111607 2.911319
2.111607 2.911319
2.111533 2.911856
2.109670 2.909630
2.110665 2.911646
2.110665 2.911646
2.110648 2.912160
2.108759 2.909949
2.109722 2.911973
2.109722 2.911973
2.109762 2.912464
2.107848 2.910267
2.108780 2.912300
2.108780 2.912300
2.108877 2.912768
2.106938 2.910586
2.107837 2.912627
2.107837 2.912627
2.107991 2.913072
2.106027 2.910904
2.106895 2.912954
2.106895 2.912954
2.107106 2.913377
2.105116 2.911223
2.105953 2.913281
2.105953 2.913281
2.106220 2.913681
2.104205 2.911541
2.105335 2.913985
2.105010 2.913608
2.105010 2.913608
2.103294 2.911860
2.104449 2.914289
2.104068 2.913935
2.104068 2.913935
2.102383 2.912178
2.103564 2.914593
2.103125 2.914262
2.103125 2.914262
2.101472 2.912496
2.102678 2.914898
2.102183 2.914589
2.102183 2.914589
2.100561 2.912815
2.101792 2.915202
2.101241 2.914916
2.101241 2.914916
2.099650 2.913133
2.100907 2.915506
2.100298 2.915243
2.100298 2.915243
2.098739 2.913452
2.100021 2.915810
2.099356 2.915570
2.099356 2.915570
2.097828 2.913770
2.099136 2.916114
2.098413 2.915897
2.098413 2.915897
2.096918 2.914089
2.098250 2.916419
2.097148 2.915228
2.097471 2.916224
2.097471 2.916224
2.096007 2.914407
2.097365 2.916723
2.096270 2.915483
2.096277 2.915530
2.096529 2.916551
2.096529 2.916551
2.095096 2.914725
2.096479 2.917027
2.095392 2.915739
2.095406 2.915833
2.095586 2.916878
2.095586 2.916878
2.094185 2.915044
2.095594 2.917331
2.094514 2.915994
2.094535 2.916136
2.094644 2.917205
2.094644 2.917205
2.093274 2.915362
2.094708 2.917635
2.093636 2.916250
2.093664 2.916438
2.093701 2.917532
2.093701 2.917532
2.092363 2.915681
2.093823 2.917940
2.092758 2.916505
2.092793 2.916741
2.091452 2.915999
2.092759 2.917859
2.092759 2.917859
2.091880 2.916761
2.092937 2.918244
2.091922 2.917043
2.090541 2.916318
2.091002 2.917016
2.091817 2.918186
2.091817 2.918186
2.092052 2.918548
2.091051 2.917346
2.090124 2.917272
2.089630 2.916636
2.091166 2.918852
2.090874 2.918513
2.090874 2.918513
2.090180 2.917648
2.089246 2.917527
2.088719 2.916955
2.090281 2.919156
2.089309 2.917951
2.089932 2.918840
2.089932 2.918840
2.088368 2.917783
2.089395 2.919461
2.087808 2.917273
2.088438 2.918254
2.088989 2.919167
2.088989 2.919167
2.087490 2.918038
2.088510 2.919765
2.086898 2.917591
2.087567 2.918556
2.088047 2.919494
2.088047 2.919494
2.086612 2.918293
2.087624 2.920069
2.086696 2.918859
2.085987 2.917910
2.087105 2.919821
2.087105 2.919821
2.085734 2.918549
2.086738 2.920373
2.085825 2.919161
2.085076 2.918228
2.086162 2.920148
2.086162 2.920148
2.084856 2.918804
2.085853 2.920677
2.084954 2.919464
2.084165 2.918547
2.085220 2.920475
2.085220 2.920475
2.083978 2.919060
2.084967 2.920982
2.084082 2.919766
2.083254 2.918865
2.084277 2.920802
2.084277 2.920802
2.083100 2.919315
2.084082 2.921286
2.083211 2.920069
2.082343 2.919184
2.083335 2.921129
2.083335 2.921129
2.082221 2.919571
2.082340 2.920371
2.083196 2.921590
2.081432 2.919502
2.081343 2.919826
2.082393 2.921456
2.082393 2.921456
2.081469 2.920674
2.082311 2.921894
2.080521 2.919820
2.080465 2.920082
2.081450 2.921783
2.081450 2.921783
2.080598 2.920977
2.081425 2.922198
2.079610 2.920139
2.079587 2.920337
2.080508 2.922110
2.080508 2.922110
2.079727 2.921279
2.080540 2.922503
2.078699 2.920457
2.078709 2.920593
2.079565 2.922437
2.079565 2.922437
2.078856 2.921582
2.079654 2.922807
2.077789 2.920776
2.077831 2.920848
2.078623 2.922764
2.078623 2.922764
2.077985 2.921884
2.078769 2.923111
2.076953 2.921104
2.076878 2.921094
2.077114 2.922187
2.077680 2.923091
2.077680 2.923091
2.077883 2.923415
2.076075 2.921359
2.075967 2.921413
2.076243 2.922489
2.076998 2.923719
2.076738 2.923418
2.076738 2.923418
2.075197 2.921614
2.075056 2.921731
2.075372 2.922792
2.076112 2.924024
2.075796 2.923745
2.075796 2.923745
2.074319 2.921870
2.074145 2.922050
2.074501 2.923095
2.075227 2.924328
2.074853 2.924072
2.074853 2.924072
2.073441 2.922125
2.073234 2.922368
2.073630 2.923397
2.074341 2.924632
2.072563 2.922381
2.073911 2.924399
2.073911 2.924399
2.072323 2.922686
2.072759 2.923700
2.073455 2.924936
2.071685 2.922636
2.072968 2.924726
2.072968 2.924726
2.071412 2.923005
2.071888 2.924002
2.072570 2.925240
2.070807 2.922892
2.072026 2.925053
2.072026 2.925053
2.070501 2.923323
2.071017 2.924305
2.071684 2.925545
2.069640 2.923261
2.071084 2.925380
2.071084 2.925380
2.069590 2.923642
2.070146 2.924607
2.070799 2.925849
2.070141 2.925707
2.070141 2.925707
2.068474 2.923631
2.068679 2.923960
2.069275 2.924910
2.069913 2.926153
2.069199 2.926034
2.069199 2.926034
2.067769 2.924279
2.068404 2.925212
2.067307 2.924000
2.069028 2.926457
2.068256 2.926361
2.068256 2.926361
2.067533 2.925515
2.066858 2.924597
2.068142 2.926762
2.066324 2.924319
2.067314 2.926688
2.067314 2.926688
2.066662 2.925818
2.065947 2.924916
2.067257 2.927066
2.065342 2.924637
2.065791 2.926120
2.066372 2.927015
2.066372 2.927015
2.065036 2.925234
2.066371 2.927370
2.064359 2.924956
2.064920 2.926423
2.065429 2.927342
2.065429 2.927342
2.064125 2.925552
2.065486 2.927674
2.063376 2.925275
2.064049 2.926725
2.064487 2.927669
2.064487 2.927669
2.063214 2.925871
2.064600 2.927978
2.062394 2.925593
2.063178 2.927028
2.062303 2.926189
2.063544 2.927996
2.063544 2.927996
2.063715 2.928283
2.061411 2.925912
2.062307 2.927330
2.061392 2.926508
2.062829 2.928587
2.062602 2.928323
2.062602 2.928323
2.061436 2.927633
2.060429 2.926230
2.061944 2.928891
2.060481 2.926826
2.061660 2.928650
2.061660 2.928650
2.060565 2.927936
2.059446 2.926549
2.061058 2.929195
2.059570 2.927145
2.060717 2.928977
2.060717 2.928977
2.059693 2.928238
2.058463 2.926867
2.060173 2.929499
2.058659 2.927463
2.059775 2.929304
2.059775 2.929304
2.058822 2.928541
2.057481 2.927186
2.059287 2.929804
2.057749 2.927781
2.058832 2.929631
2.058832 2.929631
2.057951 2.928843
2.058401 2.930108
2.056498 2.927505
2.056838 2.928100
2.057890 2.929958
2.057890 2.929958
2.057080 2.929146
2.057516 2.930412
2.055516 2.927823
2.055927 2.928418
2.056948 2.930285
2.056948 2.930285
2.056209 2.929448
2.056630 2.930716
2.055016 2.928737
2.054533 2.928142
2.056005 2.930612
2.056005 2.930612
2.055338 2.929751
2.055745 2.931020
2.054105 2.929055
2.053587 2.928451
2.054467 2.930053
2.055063 2.930939
2.055063 2.930939
2.054859 2.931325
2.053194 2.929374
2.052641 2.928761
2.053596 2.930356
2.054120 2.931266
2.054120 2.931266
2.053974 2.931629
2.052283 2.929692
2.051695 2.929071
2.052725 2.930659
2.053178 2.931593
2.053178 2.931593
2.053088 2.931933
2.051372 2.930011
2.050749 2.929381
2.051854 2.930961
2.052236 2.931920
2.052236 2.931920
2.052203 2.932237
2.050461 2.930329
2.050983 2.931264
2.049803 2.929691
2.051293 2.932247
2.051293 2.932247
2.051317 2.932541
2.049550 2.930647
2.050112 2.931566
2.048857 2.930001
2.050351 2.932574
2.050351 2.932574
2.050432 2.932846
2.048640 2.930966
2.049241 2.931869
2.047911 2.930310
2.049408 2.932901
2.049408 2.932901
2.049546 2.933150
2.048370 2.932171
2.047729 2.931284
2.046965 2.930620
2.048661 2.933454
2.048466 2.933228
2.048466 2.933228
2.047499 2.932474
2.046818 2.931603
2.046019 2.930930
2.047775 2.933758
2.047524 2.933555
2.047524 2.933555
2.046628 2.932777
2.045907 2.931921
2.045073 2.931240
2.046890 2.934062
2.046581 2.933882
2.046581 2.933882
2.045757 2.933079
2.044996 2.932240
2.044127 2.931550
2.046004 2.934367
2.045639 2.934209
2.045639 2.934209
2.044886 2.933382
2.044085 2.932558
2.043181 2.931860
2.045119 2.934671
2.044696 2.934536
2.044696 2.934536
2.044015 2.933684
2.043174 2.932877
2.044233 2.934975
2.042235 2.932169
2.043754 2.934863
2.043754 2.934863
2.043144 2.933987
2.042263 2.933195
2.043347 2.935279
2.041289 2.932479
2.042273 2.934289
2.042812 2.935190
2.042812 2.935190
2.041352 2.933513
2.042462 2.935583
2.040343 2.932789
2.041402 2.934592
2.041869 2.935517
2.041869 2.935517
2.040441 2.933832
2.041576 2.935888
2.039397 2.933099
2.040531 2.934894
2.040927 2.935844
2.040927 2.935844
2.039530 2.934150
2.040691 2.936192
2.038451 2.933409
2.039660 2.935197
2.039984 2.936171
2.039984 2.936171
2.038620 2.934469
2.039805 2.936496
2.038789 2.935500
2.037505 2.933718
2.039042 2.936498
2.039042 2.936498
2.037709 2.934787
2.038920 2.936800
2.037918 2.935802
2.036559 2.934028
2.038100 2.936825
2.038100 2.936825
2.036798 2.935106
2.038034 2.937104
2.037047 2.936105
2.035613 2.934338
2.037157 2.937152
2.037157 2.937152
2.035887 2.935424
2.037149 2.937409
2.036176 2.936407
2.034667 2.934648
2.036215 2.937479
2.036215 2.937479
2.034976 2.935742
2.036263 2.937713
2.035304 2.936710
2.033721 2.934958
2.034065 2.936061
2.035272 2.937806
2.035272 2.937806
2.035378 2.938017
2.034433 2.937012
2.032775 2.935268
2.033154 2.936379
2.034492 2.938321
2.034330 2.938133
2.034330 2.938133
2.033562 2.937315
2.031829 2.935577
2.033607 2.938625
2.032243 2.936698
2.033388 2.938460
2.033388 2.938460
2.032691 2.937618
2.030884 2.935887
2.032721 2.938930
2.031332 2.937016
2.032445 2.938787
2.032445 2.938787
2.031820 2.937920
2.029938 2.936197
2.031836 2.939234
2.030421 2.937335
2.030949 2.938223
2.031503 2.939114
2.031503 2.939114
2.028992 2.936507
2.030950 2.939538
2.029510 2.937653
2.030078 2.938525
2.030560 2.939441
2.030560 2.939441
2.028046 2.936817
2.030064 2.939842
2.029207 2.938828
2.028600 2.937972
2.029618 2.939768
2.029618 2.939768
2.027100 2.937127
2.029179 2.940146
2.028336 2.939130
2.027689 2.938290
2.028676 2.940095
2.028676 2.940095
2.028293 2.940451
2.026154 2.937436
2.027465 2.939433
2.026778 2.938608
2.027733 2.940422
2.027733 2.940422
2.027408 2.940755
2.026594 2.939735
2.025208 2.937746
2.025867 2.938927
2.026791 2.940749
2.026791 2.940749
2.026522 2.941059
2.025723 2.940038
2.024262 2.938056
2.024956 2.939245
2.025848 2.941076
2.025848 2.941076
2.025637 2.941363
2.024852 2.940341
2.023316 2.938366
2.024045 2.939564
2.024906 2.941403
2.024906 2.941403
2.024751 2.941667
2.023981 2.940643
2.022370 2.938676
2.023134 2.939882
2.023964 2.941730
2.023964 2.941730
2.023866 2.941972
2.023110 2.940946
2.021424 2.938985
2.022223 2.940201
2.023021 2.942057
2.023021 2.942057
2.022980 2.942276
2.022239 2.941248
2.020478 2.939295
2.021312 2.940519
2.022079 2.942384
2.022079 2.942384
2.022095 2.942580
2.021368 2.941551
2.020401 2.940838
2.019532 2.939605
2.021136 2.942711
2.021136 2.942711
2.021209 2.942884
2.020497 2.941853
2.019490 2.941156
2.018586 2.939915
2.019626 2.942156
2.020324 2.943188
2.020194 2.943038
2.020194 2.943038
2.018580 2.941474
2.017640 2.940225
2.018755 2.942459
2.019438 2.943493
2.019251 2.943365
2.019251 2.943365
2.017669 2.941793
2.016694 2.940535
2.017884 2.942761
2.018553 2.943797
2.018309 2.943692
2.018309 2.943692
2.016758 2.942111
2.015748 2.940844
2.017013 2.943064
2.017667 2.944101
2.017367 2.944019
2.017367 2.944019
2.015847 2.942430
2.014802 2.941154
2.016142 2.943366
2.016782 2.944405
2.016424 2.944346
2.016424 2.944346
2.014936 2.942748
2.013856 2.941464
2.015271 2.943669
2.015896 2.944709
2.015482 2.944673
2.015482 2.944673
2.014025 2.943067
2.012910 2.941774
2.014400 2.943971
2.015010 2.945014
2.014539 2.945000
2.014539 2.945000
2.013114 2.943385
2.013529 2.944274
2.011964 2.942084
2.014125 2.945318
2.013597 2.945326
2.013597 2.945326
2.012203 2.943703
2.012658 2.944576
2.013239 2.945622
2.011018 2.942393
2.012655 2.945653
2.012655 2.945653
2.011292 2.944022
2.011787 2.944879
2.012354 2.945926
2.010072 2.942703
2.011712 2.945980
2.011712 2.945980
2.010381 2.944340
2.010915 2.945182
2.011468 2.946230
2.009126 2.943013
2.010770 2.946307
2.010770 2.946307
2.010044 2.945484
2.009471 2.944659
2.010583 2.946535
2.008180 2.943323
2.009827 2.946634
2.009827 2.946634
2.009173 2.945787
2.008560 2.944977
2.009697 2.946839
2.007234 2.943633
2.008302 2.946089
2.008885 2.946961
2.008885 2.946961
2.007649 2.945296
2.008812 2.947143
2.006288 2.943943
2.007431 2.946392
2.007943 2.947288
2.007943 2.947288
2.006738 2.945614
2.007926 2.947447
2.005342 2.944252
2.006560 2.946694
2.007000 2.947615
2.007000 2.947615
2.005827 2.945933
2.007041 2.947751
2.004396 2.944562
2.005689 2.946997
2.006155 2.948056
2.004916 2.946251
2.006058 2.947942
2.006058 2.947942
2.003450 2.944872
2.004818 2.947300
2.005270 2.948360
2.004005 2.946569
2.005115 2.948269
2.005115 2.948269
2.002504 2.945182
2.003947 2.947602
2.004384 2.948664
2.003094 2.946888
2.004173 2.948596
2.004173 2.948596
2.001558 2.945492
2.003076 2.947905
2.003499 2.948968
2.002183 2.947206
2.003231 2.948923
2.003231 2.948923
2.000612 2.945802
2.002205 2.948207
2.002613 2.949273
2.001272 2.947525
2.002288 2.949250
2.002288 2.949250
2.001334 2.948510
1.999666 2.946111
2.001728 2.949577
2.000361 2.947843
2.001346 2.949577
2.001346 2.949577
2.000463 2.948812
1.998720 2.946421
2.000842 2.949881
1.999451 2.948162
2.000403 2.949904
2.000403 2.949904
1.999592 2.949115
1.997774 2.946731
1.999956 2.950185
1.998540 2.948480
1.999461 2.950231
1.999461 2.950231
1.998721 2.949417
1.996828 2.947041
1.999071 2.950489
1.997629 2.948798
1.998519 2.950558
1.998519 2.950558
1.997850 2.949720
1.995882 2.947351
1.998185 2.950794
1.996718 2.949117
1.997576 2.950885
1.997576 2.950885
1.996979 2.950023
1.997300 2.951098
1.994936 2.947660
1.995807 2.949435
1.996108 2.950325
1.996634 2.951212
1.996634 2.951212
1.996414 2.951402
1.993990 2.947970
1.994896 2.949754
1.995237 2.950628
1.995691 2.951539
1.995691 2.951539
1.995529 2.951706
1.993044 2.948280
1.993985 2.950072
1.994366 2.950930
1.994749 2.951866
1.994749 2.951866
1.994643 2.952010
1.992098 2.948590
1.993074 2.950391
1.993495 2.951233
1.993807 2.952193
1.993807 2.952193
1.993758 2.952315
1.991152 2.948900
1.992163 2.950709
1.992624 2.951535
1.992864 2.952520
1.992864 2.952520
1.992872 2.952619
1.990206 2.949210
1.991252 2.951028
1.991753 2.951838
1.991987 2.952923
1.991922 2.952847
1.991922 2.952847
1.989260 2.949519
1.990882 2.952141
1.990341 2.951346
1.991101 2.953227
1.990979 2.953174
1.990979 2.953174
1.988314 2.949829
1.990011 2.952443
1.989431 2.951664
1.990216 2.953531
1.990037 2.953501
1.990037 2.953501
1.989140 2.952746
1.987368 2.950139
1.988520 2.951983
1.989330 2.953836
1.989095 2.953828
1.989095 2.953828
1.988269 2.953048
1.986422 2.950449
1.987609 2.952301
1.988445 2.954140
1.988152 2.954155
1.988152 2.954155
1.987397 2.953351
1.985476 2.950759
1.986698 2.952620
1.987559 2.954444
1.987210 2.954482
1.987210 2.954482
1.986526 2.953653
1.984531 2.951069
1.985787 2.952938
1.986673 2.954748
1.986267 2.954809
1.986267 2.954809
1.985655 2.953956
1.984876 2.953257
1.983585 2.951378
1.985788 2.955052
1.984784 2.954258
1.985325 2.955136
1.985325 2.955136
1.983965 2.953575
1.982639 2.951688
1.984902 2.955357
1.983913 2.954561
1.984383 2.955463
1.984383 2.955463
1.983054 2.953894
1.981693 2.951998
1.984017 2.955661
1.983042 2.954864
1.983440 2.955790
1.983440 2.955790
1.982143 2.954212
1.980747 2.952308
1.983131 2.955965
1.982171 2.955166
1.982498 2.956117
1.982498 2.956117
1.981232 2.954530
1.979801 2.952618
1.982246 2.956269
1.981300 2.955469
1.981555 2.956444
1.981555 2.956444
1.980322 2.954849
1.981360 2.956573
1.978855 2.952927
1.980429 2.955771
1.980613 2.956771
1.980613 2.956771
1.979411 2.955167
1.980475 2.956878
1.977909 2.953237
1.979558 2.956074
1.979671 2.957098
1.979671 2.957098
1.978500 2.955486
1.979589 2.957182
1.976963 2.953547
1.978687 2.956376
1.978728 2.957425
1.978728 2.957425
1.977589 2.955804
1.978704 2.957486
1.976017 2.953857
1.977816 2.956679
1.977818 2.957790
1.977786 2.957752
1.977786 2.957752
1.976678 2.956123
1.975071 2.954167
1.976945 2.956982
1.976933 2.958094
1.975767 2.956441
1.976843 2.958079
1.976843 2.958079
1.976074 2.957284
1.974125 2.954477
1.976047 2.958399
1.974856 2.956759
1.975901 2.958406
1.975901 2.958406
1.975203 2.957587
1.973179 2.954786
1.975162 2.958703
1.973945 2.957078
1.974959 2.958733
1.974959 2.958733
1.974332 2.957889
1.972233 2.955096
1.974276 2.959007
1.973034 2.957396
1.973461 2.958192
1.974016 2.959060
1.974016 2.959060
1.971287 2.955406
1.973391 2.959311
1.972123 2.957715
1.972590 2.958494
1.973074 2.959387
1.973074 2.959387
1.970341 2.955716
1.972505 2.959615
1.971212 2.958033
1.971719 2.958797
1.972131 2.959714
1.972131 2.959714
1.969395 2.956026
1.971619 2.959920
1.970848 2.959099
1.970302 2.958352
1.971189 2.960041
1.971189 2.960041
1.968449 2.956336
1.970734 2.960224
1.969977 2.959402
1.969391 2.958670
1.970247 2.960368
1.970247 2.960368
1.967503 2.956645
1.969848 2.960528
1.969106 2.959705
1.968480 2.958989
1.969304 2.960695
1.969304 2.960695
1.966557 2.956955
1.968963 2.960832
1.968235 2.960007
1.967569 2.959307
1.968362 2.961022
1.968362 2.961022
1.965611 2.957265
1.968077 2.961136
1.967364 2.960310
1.966658 2.959625
1.967419 2.961349
1.967419 2.961349
1.964665 2.957575
1.967192 2.961441
1.966493 2.960612
1.965747 2.959944
1.966477 2.961676
1.966477 2.961676
1.966306 2.961745
1.963719 2.957885
1.965622 2.960915
1.964836 2.960262
1.965534 2.962003
1.965534 2.962003
1.965421 2.962049
1.962773 2.958194
1.964751 2.961217
1.963925 2.960581
1.964592 2.962330
1.964592 2.962330
1.964535 2.962353
1.963880 2.961520
1.961827 2.958504
1.963014 2.960899
1.963650 2.962657
1.963650 2.962657
1.963650 2.962657
1.963008 2.961823
1.960881 2.958814
1.963356 2.962746
1.963356 2.962746
1.963203 2.962827
1.962103 2.961218
1.963063 2.962835
1.963063 2.962835
1.962770 2.962924
1.962770 2.962924
1.962756 2.962996
1.962137 2.962125
1.959935 2.959124
1.962476 2.963013
1.962476 2.963013
1.962309 2.963165
1.961192 2.961536
1.962183 2.963102
1.962183 2.963102
1.961890 2.963191
1.961890 2.963191
1.961266 2.962428
1.961862 2.963334
1.961596 2.963280
1.961596 2.963280
1.958989 2.959434
1.961414 2.963504
1.961303 2.963369
1.961303 2.963369
1.960282 2.961855
1.961009 2.963457
1.961009 2.963457
1.960395 2.962730
1.960967 2.963673
1.960716 2.963546
1.960716 2.963546
1.958043 2.959744
1.960423 2.963635
1.960423 2.963635
1.960520 2.963842
1.959371 2.962173
1.960129 2.963724
1.960129 2.963724
1.959524 2.963033
1.960073 2.964011
1.959836 2.963813
1.959836 2.963813
1.957097 2.960053
1.959543 2.963902
1.959543 2.963902
1.959626 2.964181
1.958460 2.962491
1.959249 2.963991
1.959249 2.963991
1.958653 2.963335
1.959179 2.964350
1.958956 2.964080
1.958956 2.964080
1.956151 2.960363
1.958663 2.964169
1.958663 2.964169
1.958732 2.964519
1.957549 2.962810
1.958369 2.964258
1.958369 2.964258
1.957782 2.963638
1.958076 2.964346
1.958076 2.964346
1.958285 2.964688
1.957783 2.964435
1.957783 2.964435
1.955205 2.960673
1.957838 2.964858
1.956638 2.963128
1.957489 2.964524
1.957489 2.964524
1.956911 2.963940
1.957196 2.964613
1.957196 2.964613
1.957391 2.965027
1.956902 2.964702
1.956902 2.964702
1.954259 2.960983
1.956944 2.965196
1.955727 2.963447
1.956609 2.964791
1.956609 2.964791
1.956040 2.964243
1.956316 2.964880
1.956316 2.964880
1.956497 2.965365
1.956022 2.964969
1.956022 2.964969
1.953313 2.961293
1.956050 2.965535
1.955729 2.965058
1.955729 2.965058
1.954816 2.963765
1.955169 2.964546
1.955436 2.965147
1.955436 2.965147
1.955603 2.965704
1.955142 2.965235
1.955142 2.965235
1.954849 2.965324
1.954849 2.965324
1.952367 2.961603
1.955156 2.965873
1.953905 2.964084
1.954298 2.964848
1.954556 2.965413
1.954556 2.965413
1.954709 2.966042
1.954262 2.965502
1.954262 2.965502
1.953969 2.965591
1.953969 2.965591
1.954262 2.966212
1.951421 2.961912
1.952994 2.964402
1.953427 2.965151
1.953675 2.965680
1.953675 2.965680
1.953815 2.966381
1.953382 2.965769
1.953382 2.965769
1.953089 2.965858
1.953089 2.965858
1.953368 2.966550
1.950475 2.962222
1.952083 2.964720
1.952556 2.965453
1.952795 2.965947
1.952795 2.965947
1.952502 2.966035
1.952502 2.966035