0.000000 0.005079
1.000000 0.004852
2.000000 0.004627
3.000000 0.004401
4.000000 0.004175
5.000000 0.004082
6.000000 0.003949
7.000000 0.003724
8.000000 0.003498
9.000000 0.003273
10.000000 0.003048
11.000000 0.003084
12.000000 0.002823
13.000000 0.002599
14.000000 0.002377
15.000000 0.002154
16.000000 0.001932
17.000000 0.002087
18.000000 0.001711
19.000000 0.001492
20.000000 0.001274
21.000000 0.001060
22.000000 0.000850
23.000000 0.001107
24.000000 0.000648
25.000000 0.000455
26.000000 0.000280
27.000000 0.000128
28.000000 0.000105
29.000000 0.000001
30.000000 0.000208
31.000000 0.000200
32.000000 0.000278
33.000000 0.000347
34.000000 0.000643
35.000000 0.000408
36.000000 0.000463
37.000000 0.000513
38.000000 0.000559
39.000000 0.000601
40.000000 0.001013
41.000000 0.000639
42.000000 0.000675
43.000000 0.000710
44.000000 0.000741
45.000000 0.000771
46.000000 0.001277
47.000000 0.000798
48.000000 0.000824
49.000000 0.000848
50.000000 0.000872
51.000000 0.001487
52.000000 0.000894
53.000000 0.000915
54.000000 0.000934
55.000000 0.000952
56.000000 0.000971
57.000000 0.001667
58.000000 0.000988
59.000000 0.001003
60.000000 0.001018
61.000000 0.001032
62.000000 0.001047
63.000000 0.001823
64.000000 0.001059
65.000000 0.001071
66.000000 0.001083
67.000000 0.001094
68.000000 0.001105
69.000000 0.001963
70.000000 0.001115
71.000000 0.001124
72.000000 0.001133
73.000000 0.001141
74.000000 0.002090
75.000000 0.001150
76.000000 0.001157
77.000000 0.001164
78.000000 0.001170
79.000000 0.001177
80.000000 0.002206
81.000000 0.001183
82.000000 0.001189
83.000000 0.001194
84.000000 0.001198
85.000000 0.001203
86.000000 0.002314
87.000000 0.001207
88.000000 0.001211
89.000000 0.001215
90.000000 0.001218
91.000000 0.001220
92.000000 0.002414
93.000000 0.001223
94.000000 0.001226
95.000000 0.001228
96.000000 0.001230
97.000000 0.001231
98.000000 0.002507
99.000000 0.001232
100.000000 0.001234
101.000000 0.001235
102.000000 0.001235
103.000000 0.002595
104.000000 0.001236
105.000000 0.001236
106.000000 0.001236
107.000000 0.001236
108.000000 0.001236
109.000000 0.002677
110.000000 0.001235
111.000000 0.001234
112.000000 0.001234
113.000000 0.001232
114.000000 0.001231
115.000000 0.002756
116.000000 0.001229
117.000000 0.001227
118.000000 0.001225
119.000000 0.001224
120.000000 0.001221
121.000000 0.002830
122.000000 0.001219
123.000000 0.001216
124.000000 0.001213
125.000000 0.001211
126.000000 0.002900
127.000000 0.001208
128.000000 0.001205
129.000000 0.001201
130.000000 0.001198
131.000000 0.001195
132.000000 0.002967
133.000000 0.001191
134.000000 0.001187
135.000000 0.001183
136.000000 0.001178
137.000000 0.001175
138.000000 0.003031
139.000000 0.001171
140.000000 0.001166
141.000000 0.001161
142.000000 0.001156
143.000000 0.001152
144.000000 0.003092
145.000000 0.001147
146.000000 0.001142
147.000000 0.001136
148.000000 0.001131
149.000000 0.003150
150.000000 0.001126
151.000000 0.001121
152.000000 0.001115
153.000000 0.001109
154.000000 0.001103
155.000000 0.003206
156.000000 0.001097
157.000000 0.001091
158.000000 0.001085
159.000000 0.001079
160.000000 0.001072
161.000000 0.003260
162.000000 0.001066
163.000000 0.001060
164.000000 0.001053
165.000000 0.001046
166.000000 0.001039
167.000000 0.003312
168.000000 0.001032
169.000000 0.001026
170.000000 0.001019
171.000000 0.001011
172.000000 0.001004
173.000000 0.003362
174.000000 0.000996
175.000000 0.000990
176.000000 0.000982
177.000000 0.000974
178.000000 0.003409
179.000000 0.000966
180.000000 0.000959
181.000000 0.000952
182.000000 0.000943
183.000000 0.000935
184.000000 0.003455
185.000000 0.000927
186.000000 0.000919
187.000000 0.000910
188.000000 0.000903
189.000000 0.000894
190.000000 0.003499
191.000000 0.000886
192.000000 0.000877
193.000000 0.000868
194.000000 0.000861
195.000000 0.000852
196.000000 0.003542
197.000000 0.000843
198.000000 0.000834
199.000000 0.000825
200.000000 0.000817
201.000000 0.003583
202.000000 0.000807
203.000000 0.000798
204.000000 0.000789
205.000000 0.000779
206.000000 0.000771
207.000000 0.003623
208.000000 0.000761
209.000000 0.000752
210.000000 0.000742
211.000000 0.000733
212.000000 0.000724
213.000000 0.003661
214.000000 0.000714
215.000000 0.000704
216.000000 0.000694
217.000000 0.000684
218.000000 0.000675
219.000000 0.003698
220.000000 0.000665
221.000000 0.000655
222.000000 0.000645
223.000000 0.000634
224.000000 0.003734
225.000000 0.000624
226.000000 0.000615
227.000000 0.000604
228.000000 0.000594
229.000000 0.000583
230.000000 0.003769
231.000000 0.000573
232.000000 0.000563
233.000000 0.000552
234.000000 0.000542
235.000000 0.000531
236.000000 0.003802
237.000000 0.000520
238.000000 0.000510
239.000000 0.000499
240.000000 0.000488
241.000000 0.000477
242.000000 0.003834
243.000000 0.000466
244.000000 0.000456
245.000000 0.000445
246.000000 0.000433
247.000000 0.003866
248.000000 0.000422
249.000000 0.000411
250.000000 0.000400
251.000000 0.000389
252.000000 0.000378
253.000000 0.003895
254.000000 0.000366
255.000000 0.000355
256.000000 0.000343
257.000000 0.000332
258.000000 0.000321
259.000000 0.007257
260.000000 0.000309
261.000000 0.000297
262.000000 0.000285
263.000000 0.000275
264.000000 0.000263
265.000000 0.003953
266.000000 0.000251
267.000000 0.000239
268.000000 0.000227
269.000000 0.000216
270.000000 0.003980
271.000000 0.000204
272.000000 0.000191
273.000000 0.000179
274.000000 0.000167
275.000000 0.011894
276.000000 0.004007
277.000000 0.011583
278.000000 0.011014
279.000000 0.010402
280.000000 0.009743
281.000000 0.009098
282.000000 0.004033
283.000000 0.008323
284.000000 0.007474
285.000000 0.006532
286.000000 0.005477
287.000000 0.004380
288.000000 0.004058
289.000000 0.002989
290.000000 0.001302
291.000000 0.000898
292.000000 0.004425
293.000000 0.007888
294.000000 0.012497
295.000000 0.012537
296.000000 0.012577
297.000000 0.012617
298.000000 0.012657
299.000000 0.007991
300.000000 0.000094
301.000000 0.000106
302.000000 0.000119
303.000000 0.000132
304.000000 0.000145
305.000000 0.008092
306.000000 0.000158
307.000000 0.000170
308.000000 0.000183
309.000000 0.000197
310.000000 0.013053
311.000000 0.008193
312.000000 0.013092
313.000000 0.013131
314.000000 0.013170
315.000000 0.013210
316.000000 0.008292
317.000000 0.013249
318.000000 0.013289
319.000000 0.013327
320.000000 0.000315
321.000000 0.000329
322.000000 0.004191
323.000000 0.000342
324.000000 0.000356
325.000000 0.000369
326.000000 0.000382
327.000000 0.000396
328.000000 0.004211
329.000000 0.013641
330.000000 0.013680
331.000000 0.013719
332.000000 0.013757
333.000000 0.013796
334.000000 0.004231
335.000000 0.013835
336.000000 0.013874
337.000000 0.013913
338.000000 0.013951
339.000000 0.013990
340.000000 0.008686
341.000000 0.000546
342.000000 0.000560
343.000000 0.000574
344.000000 0.000588
345.000000 0.008783
346.000000 0.014183
347.000000 0.014222
348.000000 0.014261
349.000000 0.014300
350.000000 0.014337
351.000000 0.008879
352.000000 0.014376
353.000000 0.014415
354.000000 0.014453
355.000000 0.014492
356.000000 0.014529
357.000000 0.008975
358.000000 0.000742
359.000000 0.000757
360.000000 0.000771
361.000000 0.000786
362.000000 0.000800
363.000000 0.009070
364.000000 0.014759
365.000000 0.014797
366.000000 0.014836
367.000000 0.014874
368.000000 0.009165
369.000000 0.014913
370.000000 0.014950
371.000000 0.014988
372.000000 0.000915
373.000000 0.000929
374.000000 0.009259
375.000000 0.000944
376.000000 0.000958
377.000000 0.000973
378.000000 0.000987
379.000000 0.001002
380.000000 0.009352
381.000000 0.015292
382.000000 0.015329
383.000000 0.015367
384.000000 0.015405
385.000000 0.015443
386.000000 0.009446
387.000000 0.001091
388.000000 0.001105
389.000000 0.001120
390.000000 0.001135
391.000000 0.009538
392.000000 0.001150
393.000000 0.001165
394.000000 0.001180
395.000000 0.001194
396.000000 0.001209
397.000000 0.004403
398.000000 0.001224
399.000000 0.015858
400.000000 0.015895
401.000000 0.001269
402.000000 0.001284
403.000000 0.004415
404.000000 0.001299
405.000000 0.001315
406.000000 0.001330
407.000000 0.001344
408.000000 0.001360
409.000000 0.004428
410.000000 0.001375
411.000000 0.001390
412.000000 0.001406
413.000000 0.001420
414.000000 0.004440
415.000000 0.001436
416.000000 0.001451
417.000000 0.001467
418.000000 0.001482
419.000000 0.001497
420.000000 0.004451
421.000000 0.001512
422.000000 0.001528
423.000000 0.001543
424.000000 0.001559
425.000000 0.001574
426.000000 0.010083
427.000000 0.001589
428.000000 0.001605
429.000000 0.001621
430.000000 0.001636
431.000000 0.001652
432.000000 0.010173
433.000000 0.001667
434.000000 0.001683
435.000000 0.001698
436.000000 0.001714
437.000000 0.010261
438.000000 0.001730
439.000000 0.001745
440.000000 0.001761
441.000000 0.001776
442.000000 0.001792
443.000000 0.010350
444.000000 0.001808
445.000000 0.001823
446.000000 0.001839
447.000000 0.001855
448.000000 0.001871
449.000000 0.010437
450.000000 0.001887
451.000000 0.001902
452.000000 0.001918
453.000000 0.001934
454.000000 0.001950
455.000000 0.010526
456.000000 0.001966
457.000000 0.001982
458.000000 0.001998
459.000000 0.002014
460.000000 0.010613
461.000000 0.002030
462.000000 0.002046
463.000000 0.002062
464.000000 0.002078
465.000000 0.002094
466.000000 0.010699
467.000000 0.002110
468.000000 0.002126
469.000000 0.002143
470.000000 0.002158
471.000000 0.002174
472.000000 0.010786
473.000000 0.002191
474.000000 0.002207
475.000000 0.002223
476.000000 0.002239
477.000000 0.002255
478.000000 0.004541
479.000000 0.002272
480.000000 0.002288
481.000000 0.002304
482.000000 0.002320
483.000000 0.004548
484.000000 0.002336
485.000000 0.002353
486.000000 0.002369
487.000000 0.002386
488.000000 0.002401
489.000000 0.004554
490.000000 0.002418
491.000000 0.002435
492.000000 0.002451
493.000000 0.002468
494.000000 0.002483
495.000000 0.004561
496.000000 0.002500
497.000000 0.002517
498.000000 0.002533
499.000000 0.002550
500.000000 0.002567
501.000000 0.004566
502.000000 0.002583
503.000000 0.002599
504.000000 0.002616
505.000000 0.002633
506.000000 0.004572
507.000000 0.002650
508.000000 0.002665
509.000000 0.002682
510.000000 0.002699
511.000000 0.002716
512.000000 0.004577
513.000000 0.002733
514.000000 0.002749
515.000000 0.002765
516.000000 0.002782
517.000000 0.002799
518.000000 0.004582
519.000000 0.002816
520.000000 0.002832
521.000000 0.002849
522.000000 0.002866
523.000000 0.002883
524.000000 0.004587
525.000000 0.002900
526.000000 0.002916
527.000000 0.002933
528.000000 0.002950
529.000000 0.004591
530.000000 0.002936
531.000000 0.002920
532.000000 0.004595
533.000000 0.002905
534.000000 0.004598
535.000000 0.002891
536.000000 0.002875
537.000000 0.004601
538.000000 0.002861
539.000000 0.002847
540.000000 0.004605
541.000000 0.002832
542.000000 0.002818
543.000000 0.004607
544.000000 0.002804
545.000000 0.002789
546.000000 0.004610
547.000000 0.002775
548.000000 0.004612
549.000000 0.002761
550.000000 0.002746
551.000000 0.004614
552.000000 0.002733
553.000000 0.002719
554.000000 0.004616
555.000000 0.002704
556.000000 0.002691
557.000000 0.004617
558.000000 0.002678
559.000000 0.002663
560.000000 0.004619
561.000000 0.002650
562.000000 0.004619
563.000000 0.002637
564.000000 0.002623
565.000000 0.004619
566.000000 0.002610
567.000000 0.002597
568.000000 0.004620
569.000000 0.002583
570.000000 0.002570
571.000000 0.004620
572.000000 0.002557
573.000000 0.002544
574.000000 0.004620
575.000000 0.002531
576.000000 0.004619
577.000000 0.002518
578.000000 0.002505
579.000000 0.004618
580.000000 0.002492
581.000000 0.002480
582.000000 0.004618
583.000000 0.002467
584.000000 0.002454
585.000000 0.004617
586.000000 0.002442
587.000000 0.002429
588.000000 0.004616
589.000000 0.002417
590.000000 0.004614
591.000000 0.002405
592.000000 0.002392
593.000000 0.004612
594.000000 0.002380
595.000000 0.002368
596.000000 0.004610
597.000000 0.002356
598.000000 0.002344
599.000000 0.004608
600.000000 0.002332
601.000000 0.002320
602.000000 0.004606
603.000000 0.002308
604.000000 0.002297
605.000000 0.004603
606.000000 0.002284
607.000000 0.004599
608.000000 0.002273
609.000000 0.002262
610.000000 0.004597
611.000000 0.002249
612.000000 0.002238
613.000000 0.004593
614.000000 0.002227
615.000000 0.002215
616.000000 0.004590
617.000000 0.002204
618.000000 0.002193
619.000000 0.004586
620.000000 0.002181
621.000000 0.004582
622.000000 0.002170
623.000000 0.002159
624.000000 0.004578
625.000000 0.002147
626.000000 0.002137
627.000000 0.004573
628.000000 0.002126
629.000000 0.002114
630.000000 0.004570
631.000000 0.002104
632.000000 0.002093
633.000000 0.004564
634.000000 0.002082
635.000000 0.004559
636.000000 0.002072
637.000000 0.002061
638.000000 0.004555
639.000000 0.002050
640.000000 0.002040
641.000000 0.004549
642.000000 0.002029
643.000000 0.002018
644.000000 0.004544
645.000000 0.002008
646.000000 0.001998
647.000000 0.004538
648.000000 0.001987
649.000000 0.004532
650.000000 0.001977
651.000000 0.001967
652.000000 0.004527
653.000000 0.001956
654.000000 0.001947
655.000000 0.004520
656.000000 0.001937
657.000000 0.001926
658.000000 0.004514
659.000000 0.001916
660.000000 0.001907
661.000000 0.004507
662.000000 0.001896
663.000000 0.004500
664.000000 0.001887
665.000000 0.001877
666.000000 0.004494
667.000000 0.001867
668.000000 0.001857
669.000000 0.004487
670.000000 0.001848
671.000000 0.001838
672.000000 0.004480
673.000000 0.001829
674.000000 0.001818
675.000000 0.004472
676.000000 0.001809
677.000000 0.004464
678.000000 0.001800
679.000000 0.001790
680.000000 0.004457
681.000000 0.001781
682.000000 0.001772
683.000000 0.004449
684.000000 0.001762
685.000000 0.001753
686.000000 0.004442
687.000000 0.001744
688.000000 0.001734
689.000000 0.004433
690.000000 0.001726
691.000000 0.004425
692.000000 0.001717
693.000000 0.001707
694.000000 0.004417
695.000000 0.001699
696.000000 0.001690
697.000000 0.004408
698.000000 0.001680
699.000000 0.001672
700.000000 0.004400
701.000000 0.001663
702.000000 0.001654
703.000000 0.004390
704.000000 0.001646
705.000000 0.004381
706.000000 0.001637
707.000000 0.001628
708.000000 0.004372
709.000000 0.001620
710.000000 0.001611
711.000000 0.004362
712.000000 0.001602
713.000000 0.001594
714.000000 0.004354
715.000000 0.001586
716.000000 0.001577
717.000000 0.004343
718.000000 0.001569
719.000000 0.004333
720.000000 0.001561
721.000000 0.001552
722.000000 0.004324
723.000000 0.001544
724.000000 0.001536
725.000000 0.004314
726.000000 0.001527
727.000000 0.001520
728.000000 0.004304
729.000000 0.001512
730.000000 0.001503
731.000000 0.004293
732.000000 0.001495
733.000000 0.001488
734.000000 0.004282
735.000000 0.001479
736.000000 0.004272
737.000000 0.001472
738.000000 0.001464
739.000000 0.004261
740.000000 0.001455
741.000000 0.001448
742.000000 0.004251
743.000000 0.001441
744.000000 0.001432
745.000000 0.004240
746.000000 0.001425
747.000000 0.001418
748.000000 0.004228
749.000000 0.001409
750.000000 0.004217
751.000000 0.001402
752.000000 0.001395
753.000000 0.004206
754.000000 0.001387
755.000000 0.001379
756.000000 0.004195
757.000000 0.001372
758.000000 0.001364
759.000000 0.004183
760.000000 0.001357
761.000000 0.001350
762.000000 0.004171
763.000000 0.001342
764.000000 0.004159
765.000000 0.001335
766.000000 0.001329
767.000000 0.004147
768.000000 0.001321
769.000000 0.001314
770.000000 0.004135
771.000000 0.001307
772.000000 0.001299
773.000000 0.004123
774.000000 0.001293
775.000000 0.001286
776.000000 0.004110
777.000000 0.001278
778.000000 0.004098
779.000000 0.001272
780.000000 0.001265
781.000000 0.004085
782.000000 0.001258
783.000000 0.001251
784.000000 0.004073
785.000000 0.001245
786.000000 0.001237
787.000000 0.004060
788.000000 0.001231
789.000000 0.001224
790.000000 0.004046
791.000000 0.001217
792.000000 0.004034
793.000000 0.001211
794.000000 0.001204
795.000000 0.004020
796.000000 0.001197
797.000000 0.001191
798.000000 0.004007
799.000000 0.001185
800.000000 0.001177
801.000000 0.003994
802.000000 0.001171
803.000000 0.001165
804.000000 0.003980
805.000000 0.001158
806.000000 0.003966
807.000000 0.001152
808.000000 0.001146
809.000000 0.003952
810.000000 0.001139
811.000000 0.001133
812.000000 0.003939
813.000000 0.001127
814.000000 0.001120
815.000000 0.003925
816.000000 0.001115
817.000000 0.001109
818.000000 0.003910
819.000000 0.001102
820.000000 0.001096
821.000000 0.003897
822.000000 0.001091
823.000000 0.003882
824.000000 0.001084
825.000000 0.001078
826.000000 0.003868
827.000000 0.001073
828.000000 0.001066
829.000000 0.003853
830.000000 0.001060
831.000000 0.001055
832.000000 0.003838
833.000000 0.001048
834.000000 0.001043
835.000000 0.003824
836.000000 0.001037
837.000000 0.003809
838.000000 0.001031
839.000000 0.001026
840.000000 0.003794
841.000000 0.001020
842.000000 0.001014
843.000000 0.003779
844.000000 0.001009
845.000000 0.001003
846.000000 0.003763
847.000000 0.000997
848.000000 0.000992
849.000000 0.003749
850.000000 0.000987
851.000000 0.003733
852.000000 0.000980
853.000000 0.000975
854.000000 0.003717
855.000000 0.000970
856.000000 0.000964
857.000000 0.003702
858.000000 0.000959
859.000000 0.000954
860.000000 0.003686
861.000000 0.000948
862.000000 0.000943
863.000000 0.003671
864.000000 0.000937
865.000000 0.003655
866.000000 0.000932
867.000000 0.000927
868.000000 0.003638
869.000000 0.000922
870.000000 0.000917
871.000000 0.003623
872.000000 0.000912
873.000000 0.000906
874.000000 0.003606
875.000000 0.000901
876.000000 0.000897
877.000000 0.003591
878.000000 0.000891
879.000000 0.003574
880.000000 0.000886
881.000000 0.000882
882.000000 0.003557
883.000000 0.000876
884.000000 0.000871
885.000000 0.003541
886.000000 0.000867
887.000000 0.000861
888.000000 0.003524
889.000000 0.000857
890.000000 0.000852
891.000000 0.003508
892.000000 0.000847
893.000000 0.003491
894.000000 0.000843
895.000000 0.000838
896.000000 0.003474
897.000000 0.000833
898.000000 0.000828
899.000000 0.003457
900.000000 0.000824
901.000000 0.000819
902.000000 0.003440
903.000000 0.000814
904.000000 0.000810
905.000000 0.003423
906.000000 0.000805
907.000000 0.000801
908.000000 0.003406
909.000000 0.000797
910.000000 0.003388
911.000000 0.000792
912.000000 0.000787
913.000000 0.003371
914.000000 0.000783
915.000000 0.000778
916.000000 0.003353
917.000000 0.000774
918.000000 0.000770
919.000000 0.003336
920.000000 0.000765
921.000000 0.000761
922.000000 0.003318
923.000000 0.000757
924.000000 0.003300
925.000000 0.000752
926.000000 0.000749
927.000000 0.003282
928.000000 0.000745
929.000000 0.000740
930.000000 0.003264
931.000000 0.000736
932.000000 0.000732
933.000000 0.003247
934.000000 0.000727
935.000000 0.000724
936.000000 0.003228
937.000000 0.000720
938.000000 0.003210
939.000000 0.000715
940.000000 0.000712
941.000000 0.003192
942.000000 0.000708
943.000000 0.000703
944.000000 0.003173
945.000000 0.000700
946.000000 0.000696
947.000000 0.003155
948.000000 0.000692
949.000000 0.000688
950.000000 0.003136
951.000000 0.000685
952.000000 0.003117
953.000000 0.000680
954.000000 0.000677
955.000000 0.003099
956.000000 0.000673
957.000000 0.000669
958.000000 0.003080
959.000000 0.000665
960.000000 0.000662
961.000000 0.003062
962.000000 0.000658
963.000000 0.000654
964.000000 0.003042
965.000000 0.000651
966.000000 0.003023
967.000000 0.000647
968.000000 0.000644
969.000000 0.003004
970.000000 0.000640
971.000000 0.000636
972.000000 0.002985
973.000000 0.000633
974.000000 0.000630
975.000000 0.002966
976.000000 0.000626
977.000000 0.000623
978.000000 0.002946
979.000000 0.000619
980.000000 0.000615
981.000000 0.002926
982.000000 0.000612
983.000000 0.002908
984.000000 0.000609
985.000000 0.000605
986.000000 0.002888
987.000000 0.000602
988.000000 0.000599
989.000000 0.002868
990.000000 0.000595
991.000000 0.000593
992.000000 0.002848
993.000000 0.000590
994.000000 0.000586
995.000000 0.002828
996.000000 0.000583
997.000000 0.002809
998.000000 0.000580
999.000000 0.000576
1000.000000 0.002788
1001.000000 0.000574
1002.000000 0.000571
1003.000000 0.002769
1004.000000 0.000567
1005.000000 0.000564
1006.000000 0.002748
1007.000000 0.000562
1008.000000 0.000558
1009.000000 0.002728
1010.000000 0.000555
1011.000000 0.002708
1012.000000 0.000553
1013.000000 0.000549
1014.000000 0.002687
1015.000000 0.000547
1016.000000 0.000544
1017.000000 0.002668
1018.000000 0.000540
1019.000000 0.000538
1020.000000 0.002647
1021.000000 0.000535
1022.000000 0.000532
1023.000000 0.002626
1024.000000 0.000529
1025.000000 0.002606
1026.000000 0.000527
1027.000000 0.000524
1028.000000 0.002585
1029.000000 0.000521
1030.000000 0.000519
1031.000000 0.002564
1032.000000 0.000516
1033.000000 0.000513
1034.000000 0.002543
1035.000000 0.000511
1036.000000 0.000508
1037.000000 0.002522
1038.000000 0.000505
1039.000000 0.002501
1040.000000 0.000503
1041.000000 0.000500
1042.000000 0.002480
1043.000000 0.000498
1044.000000 0.000495
1045.000000 0.002459
1046.000000 0.000492
1047.000000 0.000490
1048.000000 0.002438
1049.000000 0.000488
1050.000000 0.000485
1051.000000 0.002416
1052.000000 0.000483
1053.000000 0.000481
1054.000000 0.002395
1055.000000 0.000478
1056.000000 0.002373
1057.000000 0.000476
1058.000000 0.000473
1059.000000 0.002352
1060.000000 0.000471
1061.000000 0.000469
1062.000000 0.002330
1063.000000 0.000466
1064.000000 0.000464
1065.000000 0.002308
1066.000000 0.000462
1067.000000 0.000459
1068.000000 0.002287
1069.000000 0.000457
1070.000000 0.002265
1071.000000 0.000455
1072.000000 0.000453
1073.000000 0.002244
1074.000000 0.000451
1075.000000 0.000449
1076.000000 0.002222
1077.000000 0.000446
1078.000000 0.000445
1079.000000 0.002199
1080.000000 0.000443
1081.000000 0.000440
1082.000000 0.002178
1083.000000 0.000438
1084.000000 0.002155
1085.000000 0.000437
1086.000000 0.000434
1087.000000 0.002134
1088.000000 0.000432
1089.000000 0.000431
1090.000000 0.002111
1091.000000 0.000428
1092.000000 0.000427
1093.000000 0.002088
1094.000000 0.000425
1095.000000 0.000423
1096.000000 0.002066
1097.000000 0.000421
1098.000000 0.002044
1099.000000 0.000420
1100.000000 0.000417
1101.000000 0.002022
1102.000000 0.000416
1103.000000 0.000414
1104.000000 0.001999
1105.000000 0.000412
1106.000000 0.000410
1107.000000 0.001976
1108.000000 0.000409
1109.000000 0.000407
1110.000000 0.001953
1111.000000 0.000405
1112.000000 0.000404
1113.000000 0.001930
1114.000000 0.000402
1115.000000 0.001908
1116.000000 0.000400
1117.000000 0.000399
1118.000000 0.001885
1119.000000 0.000397
1120.000000 0.000396
1121.000000 0.001861
1122.000000 0.000394
1123.000000 0.000392
1124.000000 0.001839
1125.000000 0.000391
1126.000000 0.000390
1127.000000 0.001815
1128.000000 0.000388
1129.000000 0.001793
1130.000000 0.000387
1131.000000 0.000386
1132.000000 0.001769
1133.000000 0.000383
1134.000000 0.000382
1135.000000 0.001745
1136.000000 0.000381
1137.000000 0.000379
1138.000000 0.001723
1139.000000 0.000378
1140.000000 0.000377
1141.000000 0.001699
1142.000000 0.000375
1143.000000 0.001676
1144.000000 0.000374
1145.000000 0.000373
1146.000000 0.001652
1147.000000 0.000372
1148.000000 0.000371
1149.000000 0.001628
1150.000000 0.000370
1151.000000 0.000368
1152.000000 0.001605
1153.000000 0.000367
1154.000000 0.000366
1155.000000 0.001581
1156.000000 0.000364
1157.000000 0.001558
1158.000000 0.000364
1159.000000 0.000363
1160.000000 0.001533
1161.000000 0.000361
1162.000000 0.000360
1163.000000 0.001509
1164.000000 0.000360
1165.000000 0.000358
1166.000000 0.001486
1167.000000 0.000357
1168.000000 0.000357
1169.000000 0.001461
1170.000000 0.000355
1171.000000 0.000354
1172.000000 0.001438
1173.000000 0.000354
1174.000000 0.001413
1175.000000 0.000352
1176.000000 0.000351
1177.000000 0.001389
1178.000000 0.000351
1179.000000 0.000349
1180.000000 0.001365
1181.000000 0.000349
1182.000000 0.000348
1183.000000 0.001340
1184.000000 0.000347
1185.000000 0.000346
1186.000000 0.001316
1187.000000 0.000346
1188.000000 0.001292
1189.000000 0.000344
1190.000000 0.000344
1191.000000 0.001267
1192.000000 0.000343
1193.000000 0.000342
1194.000000 0.001243
1195.000000 0.000342
1196.000000 0.000341
1197.000000 0.001218
1198.000000 0.000340
1199.000000 0.000340
1200.000000 0.001194
1201.000000 0.000339
1202.000000 0.001169
1203.000000 0.000338
1204.000000 0.000338
1205.000000 0.001143
1206.000000 0.000337
1207.000000 0.000336
1208.000000 0.001119
1209.000000 0.000336
1210.000000 0.000336
1211.000000 0.001094
1212.000000 0.000335
1213.000000 0.000334
1214.000000 0.001069
1215.000000 0.000334
1216.000000 0.001044
1217.000000 0.000333
1218.000000 0.000333
1219.000000 0.001018
1220.000000 0.000333
1221.000000 0.000332
1222.000000 0.000994
1223.000000 0.000332
1224.000000 0.000332
1225.000000 0.000968
1226.000000 0.000331
1227.000000 0.000331
1228.000000 0.000944
1229.000000 0.000331
1230.000000 0.000330
1231.000000 0.000918
1232.000000 0.000330
1233.000000 0.000892
1234.000000 0.000330
1235.000000 0.000329
1236.000000 0.000867
1237.000000 0.000329
1238.000000 0.000329
1239.000000 0.000841
1240.000000 0.000328
1241.000000 0.000328
1242.000000 0.000817
1243.000000 0.000328
1244.000000 0.000327
1245.000000 0.000791
1246.000000 0.000327
1247.000000 0.000764
1248.000000 0.000327
1249.000000 0.000327
1250.000000 0.000739
1251.000000 0.000327
1252.000000 0.000326
1253.000000 0.000713
1254.000000 0.000327
1255.000000 0.000327
1256.000000 0.000687
1257.000000 0.000326
1258.000000 0.000326
1259.000000 0.000662
1260.000000 0.000327
1261.000000 0.000635
1262.000000 0.000326
1263.000000 0.000326
1264.000000 0.000610
1265.000000 0.000327
1266.000000 0.000326
1267.000000 0.000584
1268.000000 0.000326
1269.000000 0.000327
1270.000000 0.000557
1271.000000 0.000326
1272.000000 0.000327
1273.000000 0.000532
1274.000000 0.000327
1275.000000 0.000327
1276.000000 0.000505
1277.000000 0.000327
1278.000000 0.000479
1279.000000 0.000328
1280.000000 0.000327
1281.000000 0.000453
1282.000000 0.000328
1283.000000 0.000328
1284.000000 0.000426
1285.000000 0.000328
1286.000000 0.000328
1287.000000 0.000400
1288.000000 0.000329
1289.000000 0.000329
1290.000000 0.000373
1291.000000 0.000329
1292.000000 0.000347
1293.000000 0.000330
1294.000000 0.000329
1295.000000 0.000320
1296.000000 0.000330
1297.000000 0.000331
1298.000000 0.000293
1299.000000 0.000331
1300.000000 0.000331
1301.000000 0.000267
1302.000000 0.000332
1303.000000 0.000332
1304.000000 0.000240
1305.000000 0.000332
1306.000000 0.000214
1307.000000 0.000333
1308.000000 0.000333
1309.000000 0.000187
1310.000000 0.000334
1311.000000 0.000335
1312.000000 0.000159
1313.000000 0.000334
1314.000000 0.000335
1315.000000 0.000133
1316.000000 0.000336
1317.000000 0.000336
1318.000000 0.000106
1319.000000 0.000337
1320.000000 0.000338
1321.000000 0.001860
1322.000000 0.000338
1323.000000 0.001213
1324.000000 0.000339
1325.000000 0.000340
1326.000000 0.000566
1327.000000 0.000340
1328.000000 0.000341
1329.000000 0.000057
1330.000000 0.000342
1331.000000 0.000342
1332.000000 0.000703
1333.000000 0.000343
1334.000000 0.000344
1335.000000 0.001327
1336.000000 0.000344
1337.000000 0.001975
1338.000000 0.000345
1339.000000 0.000346
1340.000000 0.000112
1341.000000 0.000346
1342.000000 0.000347
1343.000000 0.000139
1344.000000 0.000348
1345.000000 0.000349
1346.000000 0.000167
1347.000000 0.000350
1348.000000 0.000351
1349.000000 0.000194
1350.000000 0.000351
1351.000000 0.000222
1352.000000 0.000352
1353.000000 0.000353
1354.000000 0.000250
1355.000000 0.000354
1356.000000 0.000355
1357.000000 0.000277
1358.000000 0.000356
1359.000000 0.000356
1360.000000 0.000305
1361.000000 0.000358
1362.000000 0.000359
1363.000000 0.000332
1364.000000 0.000359
1365.000000 0.000361