-0.420413 10.825333
-0.410413 10.831961
-0.400413 10.838568
-0.390413 10.845154
-0.380413 10.851720
-0.370413 10.858265
-0.360413 10.864789
-0.350413 10.871293
-0.340413 10.877776
-0.330413 10.884239
-0.320413 10.890682
-0.310413 10.897104
-0.300413 10.903506
-0.290413 10.909888
-0.280413 10.916250
-0.270413 10.922591
-0.260413 10.928913
-0.250413 10.935215
-0.240413 10.941497
-0.230413 10.947759
-0.220413 10.954001
-0.210413 10.960224
-0.200413 10.966427
-0.190413 10.972610
-0.180413 10.978774
-0.170413 10.984918
-0.160413 10.991042
-0.150413 10.997148
-0.140413 11.003234
-0.130413 11.009300
-0.120413 11.015348
-0.110413 11.021376
-0.100413 11.027385
-0.090413 11.033375
-0.080413 11.039346
-0.070413 11.045298
-0.060413 11.051231
-0.050413 11.057145
-0.040413 11.063041
-0.030413 11.068917
-0.020413 11.074775
-0.010413 11.080614
-0.000413 11.086434
0.009587 11.092236
0.019587 11.098019
0.029587 11.103784
0.039587 11.109531
0.049587 11.115258
0.059587 11.120968
0.069587 11.126659
0.079587 11.132332
0.089587 11.137987
0.099587 11.143623
0.109587 11.149241
0.119587 11.154842
0.129587 11.160424
0.139587 11.165988
0.149587 11.171534
0.159587 11.177062
0.169587 11.182573
0.179587 11.188065
0.189587 11.193540
0.199587 11.198997
0.209587 11.204436
0.219587 11.209858
0.229587 11.215262
0.239587 11.220648
0.249587 11.226017
0.259587 11.231368
0.269587 11.236702
0.279587 11.242018
0.289587 11.247317
0.299587 11.252599
0.309587 11.257863
0.319587 11.263110
0.329587 11.268340
0.339587 11.273553
0.349587 11.278748
0.359587 11.283927
0.369587 11.289088
0.379587 11.294232
0.389587 11.299359
0.399587 11.304470
0.409587 11.309563
0.419587 11.314640
0.429587 11.319699
0.439587 11.324742
0.449587 11.329768
0.459587 11.334777
0.469587 11.339770
0.479587 11.344745
0.489587 11.349705
0.499587 11.354647
0.509587 11.359573
0.519587 11.364483
0.529587 11.369376
0.539587 11.374252
0.549587 11.379112
0.559587 11.383956
0.569587 11.388783
0.579587 11.393594
0.589587 11.398389
0.599587 11.403167
0.609587 11.407929
0.619587 11.412675
0.629587 11.417405
0.639587 11.422119
0.649587 11.426816
0.659587 11.431497
0.669587 11.436163
0.679587 11.440812
0.689587 11.445446
0.699587 11.450063
0.709587 11.454665
0.719587 11.459250
0.729587 11.463820
0.739587 11.468374
0.749587 11.472912
0.759587 11.477434
0.769587 11.481941
0.779587 11.486432
0.789587 11.490907
0.799587 11.495367
0.809587 11.499811
0.819587 11.504239
0.829587 11.508652
0.839587 11.513049
0.849587 11.517431
0.859587 11.521797
0.869587 11.526148
0.879587 11.530483
0.889587 11.534803
0.899587 11.539108
0.909587 11.543397
0.919587 11.547671
0.929587 11.551930
0.939587 11.556173
0.949587 11.560402
0.959587 11.564615
0.969587 11.568813
0.979587 11.572995
0.989587 11.577163
0.999587 11.581315
1.009587 11.585453
1.019587 11.589575
1.029587 11.593682
1.039587 11.597774
1.049587 11.601852
1.059587 11.605914
1.069587 11.609962
1.079587 11.613994
1.089587 11.618012
1.099587 11.622015
1.109587 11.626003
1.119587 11.629976
1.129587 11.633934
1.139587 11.637878
1.149587 11.641807
1.159587 11.645721
1.169587 11.649621
1.179587 11.653506
1.189587 11.657376
1.199587 11.661232
1.209587 11.665073
1.219587 11.668899
1.229587 11.672711
1.239587 11.676509
1.249587 11.680292
1.259587 11.684060
1.269587 11.687815
1.279587 11.691554
1.289587 11.695279
1.299587 11.698990
1.309587 11.702687
1.319587 11.706369
1.329587 11.710037
1.339587 11.713690
1.349587 11.717329
1.359587 11.720954
1.369587 11.724565
1.379587 11.728162
1.389587 11.731744
1.399587 11.735312
1.409587 11.738866
1.419587 11.742406
1.429587 11.745932
1.439587 11.749444
1.449587 11.752941
1.459587 11.756425
1.469587 11.759894
1.479587 11.763350
1.489587 11.766791
1.499587 11.770219
1.509587 11.773633
1.519587 11.777032
1.529587 11.780418
1.539587 11.783790
1.549587 11.787148
1.559587 11.790492
1.569587 11.793822
1.579587 11.797139
1.589587 11.800442
1.599587 11.803731
1.609587 11.807006
1.619587 11.810267
1.629587 11.813515
1.639587 11.816749
1.649587 11.819969
1.659587 11.823176
1.669587 11.826369
1.679587 11.829548
1.689587 11.832714
1.699587 11.835866
1.709587 11.839004
1.719587 11.842129
1.729587 11.845241
1.739587 11.848338
1.749587 11.851423
1.759587 11.854494
1.769587 11.857551
1.779587 11.860595
1.789587 11.863625
1.799587 11.866642
1.809587 11.869646
1.819587 11.872636
1.829587 11.875613
1.839587 11.878576
1.849587 11.881526
1.859587 11.884463
1.869587 11.887387
1.879587 11.890297
1.889587 11.893194
1.899587 11.896077
1.909587 11.898947
1.919587 11.901804
1.929587 11.904648
1.939587 11.907479
1.949587 11.910296
1.959587 11.913101
1.969587 11.915892
1.979587 11.918670
1.989587 11.921434
1.999587 11.924186
2.009587 11.926925
2.019587 11.929650
2.029587 11.932362
2.039587 11.935062
2.049587 11.937748
2.059587 11.940421
2.069587 11.943081
2.079587 11.945729
2.089587 11.948363
2.099587 11.950984
2.109587 11.953592
2.119587 11.956188
2.129587 11.958770
2.139587 11.961339
2.149587 11.963896
2.159587 11.966440
2.169587 11.968970
2.179587 11.971488
2.189587 11.973993
2.199587 11.976485
2.209587 11.978965
2.219587 11.981431
2.229587 11.983885
2.239587 11.986326
2.249587 11.988754
2.259587 11.991169
2.269587 11.993572
2.279587 11.995961
2.289587 11.998339
2.299587 12.000703
2.309587 12.003055
2.319587 12.005393
2.329587 12.007720
2.339587 12.010033
2.349587 12.012334
2.359587 12.014623
2.369587 12.016898
2.379587 12.019161
2.389587 12.021412
2.399587 12.023649
2.409587 12.025875
2.419587 12.028087
2.429587 12.030287
2.439587 12.032475
2.449587 12.034650
2.459587 12.036812
2.469587 12.038962
2.479587 12.041099
2.489587 12.043224
2.499587 12.045337
2.509587 12.047436
2.519587 12.049524
2.529587 12.051599
2.539587 12.053661
2.549587 12.055711
2.559587 12.057749
2.569587 12.059774
2.579587 12.061787
2.589587 12.063787
2.599587 12.065775
2.609587 12.067751
2.619587 12.069714
2.629587 12.071665
2.639587 12.073604
2.649587 12.075530
2.659587 12.077444
2.669587 12.079345
2.679587 12.081235
2.689587 12.083111
2.699587 12.084976
2.709587 12.086828
2.719587 12.088669
2.729587 12.090496
2.739587 12.092312
2.749587 12.094115
2.759587 12.095906
2.769587 12.097685
2.779587 12.099452
2.789587 12.101206
2.799587 12.102948
2.809587 12.104678
2.819587 12.106396
2.829587 12.108102
2.839587 12.109795
2.849587 12.111477
2.859587 12.113146
2.869587 12.114803
2.879587 12.116448
2.889587 12.118080
2.899587 12.119701
2.909587 12.121310
2.919587 12.122906
2.929587 12.124490
2.939587 12.126063

2.948285 -4.215742
2.938285 -4.213801
2.928285 -4.211848
2.918285 -4.209883
2.908285 -4.207906
2.898285 -4.205916
2.888285 -4.203915
2.878285 -4.201901
2.868285 -4.199876
2.858285 -4.197838
2.848285 -4.195788
2.838285 -4.193726
2.828285 -4.191652
2.818285 -4.189565
2.808285 -4.187467
2.798285 -4.185356
2.788285 -4.183233
2.778285 -4.181098
2.768285 -4.178951
2.758285 -4.176791
2.748285 -4.174619
2.738285 -4.172435
2.728285 -4.170239
2.718285 -4.168030
2.708285 -4.165809
2.698285 -4.163576
2.688285 -4.161331
2.678285 -4.159073
2.668285 -4.156803
2.658285 -4.154521
2.648285 -4.152226
2.638285 -4.149919
2.628285 -4.147600
2.618285 -4.145268
2.608285 -4.142924
2.598285 -4.140568
2.588285 -4.138199
2.578285 -4.135818
2.568285 -4.133424
2.558285 -4.131018
2.548285 -4.128600
2.538285 -4.126169
2.528285 -4.123726
2.518285 -4.121270
2.508285 -4.118802
2.498285 -4.116321
2.488285 -4.113828
2.478285 -4.111322
2.468285 -4.108804
2.458285 -4.106274
2.448285 -4.103730
2.438285 -4.101175
2.428285 -4.098606
2.418285 -4.096025
2.408285 -4.093432
2.398285 -4.090826
2.388285 -4.088207
2.378285 -4.085576
2.368285 -4.082932
2.358285 -4.080276
2.348285 -4.077607
2.338285 -4.074925
2.328285 -4.072231
2.318285 -4.069524
2.308285 -4.066804
2.298285 -4.064071
2.288285 -4.061326
2.278285 -4.058568
2.268285 -4.055798
2.258285 -4.053014
2.248285 -4.050218
2.238285 -4.047409
2.228285 -4.044587
2.218285 -4.041753
2.208285 -4.038906
2.198285 -4.036045
2.188285 -4.033172
2.178285 -4.030287
2.168285 -4.027388
2.158285 -4.024476
2.148285 -4.021552
2.138285 -4.018615
2.128285 -4.015664
2.118285 -4.012701
2.108285 -4.009725
2.098285 -4.006736
2.088285 -4.003734
2.078285 -4.000719
2.068285 -3.997691
2.058285 -3.994650
2.048285 -3.991595
2.038285 -3.988528
2.028285 -3.985448
2.018285 -3.982355
2.008285 -3.979249
1.998285 -3.976129
1.988285 -3.972997
1.978285 -3.969851
1.968285 -3.966692
1.958285 -3.963520
1.948285 -3.960335
1.938285 -3.957137
1.928285 -3.953925
1.918285 -3.950701
1.908285 -3.947463
1.898285 -3.944211
1.888285 -3.940947
1.878285 -3.937669
1.868285 -3.934378
1.858285 -3.931074
1.848285 -3.927756
1.838285 -3.924425
1.828285 -3.921081
1.818285 -3.917723
1.808285 -3.914352
1.798285 -3.910968
1.788285 -3.907570
1.778285 -3.904158
1.768285 -3.900733
1.758285 -3.897295
1.748285 -3.893843
1.738285 -3.890378
1.728285 -3.886899
1.718285 -3.883407
1.708285 -3.879901
1.698285 -3.876382
1.688285 -3.872849
1.678285 -3.869302
1.668285 -3.865742
1.658285 -3.862168
1.648285 -3.858580
1.638285 -3.854979
1.628285 -3.851364
1.618285 -3.847736
1.608285 -3.844093
1.598285 -3.840437
1.588285 -3.836767
1.578285 -3.833084
1.568285 -3.829386
1.558285 -3.825675
1.548285 -3.821950
1.538285 -3.818211
1.528285 -3.814458
1.518285 -3.810691
1.508285 -3.806910
1.498285 -3.803116
1.488285 -3.799307
1.478285 -3.795485
1.468285 -3.791648
1.458285 -3.787798
1.448285 -3.783933
1.438285 -3.780055
1.428285 -3.776162
1.418285 -3.772255
1.408285 -3.768334
1.398285 -3.764399
1.388285 -3.760450
1.378285 -3.756487
1.368285 -3.752509
1.358285 -3.748517
1.348285 -3.744511
1.338285 -3.740491
1.328285 -3.736456
1.318285 -3.732408
1.308285 -3.728344
1.298285 -3.724267
1.288285 -3.720175
1.278285 -3.716069
1.268285 -3.711948
1.258285 -3.707813
1.248285 -3.703663
1.238285 -3.699499
1.228285 -3.695321
1.218285 -3.691128
1.208285 -3.686920
1.198285 -3.682698
1.188285 -3.678461
1.178285 -3.674210
1.168285 -3.669944
1.158285 -3.665663
1.148285 -3.661368
1.138285 -3.657058
1.128285 -3.652733
1.118285 -3.648394
1.108285 -3.644039
1.098285 -3.639670
1.088285 -3.635286
1.078285 -3.630887
1.068285 -3.626474
1.058285 -3.622045
1.048285 -3.617602
1.038285 -3.613143
1.028285 -3.608670
1.018285 -3.604181
1.008285 -3.599678
0.998285 -3.595159
0.988285 -3.590626
0.978285 -3.586077
0.968285 -3.581513
0.958285 -3.576934
0.948285 -3.572340
0.938285 -3.567731
0.928285 -3.563106
0.918285 -3.558466
0.908285 -3.553811
0.898285 -3.549141
0.888285 -3.544455
0.878285 -3.539754
0.868285 -3.535037
0.858285 -3.530305
0.848285 -3.525558
0.838285 -3.520795
0.828285 -3.516016
0.818285 -3.511222
0.808285 -3.506413
0.798285 -3.501588
0.788285 -3.496747
0.778285 -3.491891
0.768285 -3.487018
0.758285 -3.482131
0.748285 -3.477227
0.738285 -3.472308
0.728285 -3.467372
0.718285 -3.462421
0.708285 -3.457455
0.698285 -3.452472
0.688285 -3.447473
0.678285 -3.442459
0.668285 -3.437428
0.658285 -3.432381
0.648285 -3.427319
0.638285 -3.422240
0.628285 -3.417145
0.618285 -3.412034
0.608285 -3.406907
0.598285 -3.401763
0.588285 -3.396604
0.578285 -3.391428
0.568285 -3.386236
0.558285 -3.381027
0.548285 -3.375802
0.538285 -3.370561
0.528285 -3.365303
0.518285 -3.360029
0.508285 -3.354738
0.498285 -3.349430
0.488285 -3.344107
0.478285 -3.338766
0.468285 -3.333409
0.458285 -3.328035
0.448285 -3.322644
0.438285 -3.317237
0.428285 -3.311813
0.418285 -3.306372
0.408285 -3.300914
0.398285 -3.295439
0.388285 -3.289948
0.378285 -3.284439
0.368285 -3.278914
0.358285 -3.273371
0.348285 -3.267811
0.338285 -3.262234
0.328285 -3.256640
0.318285 -3.251029
0.308285 -3.245401
0.298285 -3.239755
0.288285 -3.234092
0.278285 -3.228411
0.268285 -3.222713
0.258285 -3.216998
0.248285 -3.211265
0.238285 -3.205515
0.228285 -3.199747
0.218285 -3.193962
0.208285 -3.188159
0.198285 -3.182338
0.188285 -3.176500
0.178285 -3.170644
0.168285 -3.164770
0.158285 -3.158878
0.148285 -3.152968
0.138285 -3.147040
0.128285 -3.141095
0.118285 -3.135131
0.108285 -3.129149
0.098285 -3.123149
0.088285 -3.117131
0.078285 -3.111095
0.068285 -3.105041
0.058285 -3.098968
0.048285 -3.092877
0.038285 -3.086768
0.028285 -3.080640
0.018285 -3.074493
0.008285 -3.068329
-0.001715 -3.062145
-0.011715 -3.055943
-0.021715 -3.049723
-0.031715 -3.043483
-0.041715 -3.037225
-0.051715 -3.030948
-0.061715 -3.024652
-0.071715 -3.018338
-0.081715 -3.012004
-0.091715 -3.005652
-0.101715 -2.999280
-0.111715 -2.992889
-0.121715 -2.986479
-0.131715 -2.980050
-0.141715 -2.973602
-0.151715 -2.967134
-0.161715 -2.960647
-0.171715 -2.954141
-0.181715 -2.947615
-0.191715 -2.941069
-0.201715 -2.934504
-0.211715 -2.927920
-0.221715 -2.921315
-0.231715 -2.914691
-0.241715 -2.908048
-0.251715 -2.901384
-0.261715 -2.894700
-0.271715 -2.887997
-0.281715 -2.881273
-0.291715 -2.874530
-0.301715 -2.867766
-0.311715 -2.860982
-0.321715 -2.854178
-0.331715 -2.847354
-0.341715 -2.840509
-0.351715 -2.833644
-0.361715 -2.826758
-0.371715 -2.819852
-0.381715 -2.812925
-0.391715 -2.805978
-0.401715 -2.799010
-0.411715 -2.792021
