2.485301 2.609354
2.495301 2.522150
2.505301 2.434860
2.515301 2.347482
2.525301 2.260015
2.535301 2.172455
2.545301 2.084799
2.615301 1.468259
2.625301 1.379715
2.645301 1.202232
2.665301 1.024186
2.685301 0.845529
2.695301 0.755954
2.765301 0.123490
2.795301 -0.151136
2.805301 -0.243273
2.825301 -0.428572
2.835301 -0.521793
2.855301 -0.709549
2.885301 -0.995188
2.915301 -1.287391
2.925301 -1.386799
2.935301 -1.487531
2.955301 -1.694302
2.985301 -2.029721

2.999073 -2.376198
2.989073 -2.356379
2.979073 -2.317629
2.969073 -2.271112
2.959073 -2.220039
2.949073 -2.165875
2.919073 -1.991590
2.909073 -1.930775
2.899073 -1.868960
2.869073 -1.678766
2.859073 -1.614083
2.849073 -1.548868
2.829073 -1.417035
2.779073 -1.080889
2.769073 -1.012741
2.749073 -0.875679
2.739073 -0.806794
2.699073 -0.529177
2.669073 -0.319058
2.659073 -0.248698
2.649073 -0.178189
2.639073 -0.107538
2.619073 0.034171
2.599073 0.176388
2.589073 0.247675
2.569073 0.390587
2.559073 0.462205
2.549073 0.533926
2.539073 0.605746
2.529073 0.677663
2.519073 0.749674
2.509073 0.821776
2.499073 0.893966
