-2.782314 4.339139
-2.772314 4.347722
-2.762314 4.356209
-2.752314 4.364601
-2.742314 4.372899
-2.732314 4.381106
-2.722314 4.389222
-2.712314 4.397248
-2.702314 4.405187
-2.692314 4.413039
-2.682314 4.420806
-2.672314 4.428488
-2.662314 4.436088
-2.652314 4.443605
-2.642314 4.451042
-2.632314 4.458399
-2.622314 4.465678
-2.612314 4.472879
-2.602314 4.480003
-2.592314 4.487052
-2.582314 4.494027
-2.572314 4.500928
-2.562314 4.507756
-2.552314 4.514512
-2.542314 4.521197
-2.532314 4.527813
-2.522314 4.534359
-2.512314 4.540836
-2.502314 4.547246
-2.492314 4.553589
-2.482314 4.559867
-2.472314 4.566079
-2.462314 4.572226
-2.452314 4.578309
-2.442314 4.584330
-2.432314 4.590288
-2.422314 4.596184
-2.412314 4.602019
-2.402314 4.607793
-2.392314 4.613508
-2.382314 4.619163
-2.372314 4.624760
-2.362314 4.630299
-2.352314 4.635781
-2.342314 4.641206
-2.332314 4.646574
-2.322314 4.651887
-2.312314 4.657144
-2.302314 4.662347
-2.292314 4.667496
-2.282314 4.672591
-2.272314 4.677633
-2.262314 4.682623
-2.252314 4.687560
-2.242314 4.692446
-2.232314 4.697281
-2.222314 4.702065
-2.212314 4.706798
-2.202314 4.711482
-2.192314 4.716116
-2.182314 4.720702
-2.172314 4.725239
-2.162314 4.729727
-2.152314 4.734169
-2.142314 4.738562
-2.132314 4.742909
-2.122314 4.747209
-2.112314 4.751464
-2.102314 4.755672
-2.092314 4.759835
-2.082314 4.763953
-2.072314 4.768026
-2.062314 4.772055
-2.052314 4.776040
-2.042314 4.779981
-2.032314 4.783879
-2.022314 4.787734
-2.012314 4.791546
-2.002314 4.795316
-1.992314 4.799044
-1.982314 4.802730
-1.972314 4.806375
-1.962314 4.809978
-1.952314 4.813541
-1.942314 4.817063
-1.932314 4.820545
-1.922314 4.823987
-1.912314 4.827389
-1.902314 4.830752
-1.892314 4.834076
-1.882314 4.837361
-1.872314 4.840607
-1.862314 4.843815
-1.852314 4.846985
-1.842314 4.850117
-1.832314 4.853211
-1.822314 4.856268
-1.812314 4.859288
-1.802314 4.862270
-1.792314 4.865217
-1.782314 4.868127
-1.772314 4.871000
-1.762314 4.873838
-1.752314 4.876640
-1.742314 4.879406
-1.732314 4.882137
-1.722314 4.884833
-1.712314 4.887494
-1.702314 4.890121
-1.692314 4.892713
-1.682314 4.895270
-1.672314 4.897794
-1.662314 4.900284
-1.652314 4.902740
-1.642314 4.905162
-1.632314 4.907552
-1.622314 4.909908
-1.612314 4.912231
-1.602314 4.914521
-1.592314 4.916779
-1.582314 4.919005
-1.572314 4.921198
-1.562314 4.923359
-1.552314 4.925489
-1.542314 4.927586
-1.532314 4.929652
-1.522314 4.931687
-1.512314 4.933691
-1.502314 4.935663
-1.492314 4.937605
-1.482314 4.939516
-1.472314 4.941396
-1.462314 4.943246
-1.452314 4.945065
-1.442314 4.946855
-1.432314 4.948614
-1.422314 4.950344
-1.412314 4.952044
-1.402314 4.953714
-1.392314 4.955355
-1.382314 4.956967
-1.372314 4.958550
-1.362314 4.960103
-1.352314 4.961628
-1.342314 4.963124
-1.332314 4.964592
-1.322314 4.966031
-1.312314 4.967442
-1.302314 4.968824
-1.292314 4.970178
-1.282314 4.971505
-1.272314 4.972804
-1.262314 4.974074
-1.252314 4.975318
-1.242314 4.976534
-1.232314 4.977722
-1.222314 4.978883
-1.212314 4.980018
-1.202314 4.981125
-1.192314 4.982205
-1.182314 4.983258
-1.172314 4.984285
-1.162314 4.985285
-1.152314 4.986259
-1.142314 4.987207
-1.132314 4.988128
-1.122314 4.989023
-1.112314 4.989892
-1.102314 4.990735
-1.092314 4.991552
-1.082314 4.992344
-1.072314 4.993109
-1.062314 4.993850
-1.052314 4.994565
-1.042314 4.995254
-1.032314 4.995918
-1.022314 4.996557
-1.012314 4.997172
-1.002314 4.997761
-0.992314 4.998325
-0.982314 4.998864
-0.972314 4.999379
-0.962314 4.999869
-0.952314 5.000334
-0.942314 5.000775
-0.932314 5.001192
-0.922314 5.001585
-0.912314 5.001953
-0.902314 5.002297
-0.892314 5.002617
-0.882314 5.002913
-0.872314 5.003186
-0.862314 5.003434
-0.852314 5.003659
-0.842314 5.003860
-0.832314 5.004038
-0.822314 5.004192
-0.812314 5.004323
-0.802314 5.004430
-0.792314 5.004514
-0.782314 5.004575
-0.772314 5.004613
-0.762314 5.004628
-0.752314 5.004620
-0.742314 5.004589
-0.732314 5.004535
-0.722314 5.004459
-0.712314 5.004359
-0.702314 5.004238
-0.692314 5.004093
-0.682314 5.003926
-0.672314 5.003737
-0.662314 5.003525
-0.652314 5.003291
-0.642314 5.003035
-0.632314 5.002757
-0.622314 5.002456
-0.612314 5.002134
-0.602314 5.001789
-0.592314 5.001423
-0.582314 5.001034
-0.572314 5.000624
-0.562314 5.000192
-0.552314 4.999739
-0.542314 4.999264
-0.532314 4.998767
-0.522314 4.998249
-0.512314 4.997709
-0.502314 4.997148
-0.492314 4.996566
-0.482314 4.995962
-0.472314 4.995337
-0.462314 4.994691
-0.452314 4.994024
-0.442314 4.993335
-0.432314 4.992626
-0.422314 4.991896
-0.412314 4.991144
-0.402314 4.990372
-0.392314 4.989579
-0.382314 4.988766
-0.372314 4.987931
-0.362314 4.987076
-0.352314 4.986200
-0.342314 4.985304
-0.332314 4.984387
-0.322314 4.983450
-0.312314 4.982492
-0.302314 4.981513
-0.292314 4.980515
-0.282314 4.979496
-0.272314 4.978457
-0.262314 4.977397
-0.252314 4.976318
-0.242314 4.975218
-0.232314 4.974098
-0.222314 4.972958
-0.212314 4.971799
-0.202314 4.970619
-0.192314 4.969419
-0.182314 4.968199
-0.172314 4.966960
-0.162314 4.965700
-0.152314 4.964421
-0.142314 4.963123
-0.132314 4.961804
-0.122314 4.960466
-0.112314 4.959108
-0.102314 4.957731
-0.092314 4.956334
-0.082314 4.954917
-0.072314 4.953481
-0.062314 4.952026
-0.052314 4.950551
-0.042314 4.949057
-0.032314 4.947544
-0.022314 4.946011
-0.012314 4.944459
-0.002314 4.942888
0.007686 4.941297
0.017686 4.939688
0.027686 4.938059
0.037686 4.936411
0.047686 4.934744
0.057686 4.933058
0.067686 4.931353
0.077686 4.929629
0.087686 4.927886
0.097686 4.926125

0.100000 -3.128423
0.090000 -3.122457
0.080000 -3.116473
0.070000 -3.110470
0.060000 -3.104448
0.050000 -3.098407
0.040000 -3.092346
0.030000 -3.086267
0.020000 -3.080169
0.010000 -3.074051
0.000000 -3.067915
-0.010000 -3.061759
-0.020000 -3.055584
-0.030000 -3.049390
-0.040000 -3.043176
-0.050000 -3.036943
-0.060000 -3.030691
-0.070000 -3.024419
-0.080000 -3.018128
-0.090000 -3.011818
-0.100000 -3.005488
-0.110000 -2.999138
-0.120000 -2.992769
-0.130000 -2.986380
-0.140000 -2.979972
-0.150000 -2.973543
-0.160000 -2.967096
-0.170000 -2.960628
-0.180000 -2.954141
-0.190000 -2.947633
-0.200000 -2.941106
-0.210000 -2.934559
-0.220000 -2.927992
-0.230000 -2.921405
-0.240000 -2.914798
-0.250000 -2.908171
-0.260000 -2.901524
-0.270000 -2.894856
-0.280000 -2.888169
-0.290000 -2.881461
-0.300000 -2.874733
-0.310000 -2.867984
-0.320000 -2.861215
-0.330000 -2.854426
-0.340000 -2.847616
-0.350000 -2.840786
-0.360000 -2.833935
-0.370000 -2.827063
-0.380000 -2.820171
-0.390000 -2.813258
-0.400000 -2.806324
-0.410000 -2.799370
-0.420000 -2.792394
-0.430000 -2.785398
-0.440000 -2.778381
-0.450000 -2.771342
-0.460000 -2.764283
-0.470000 -2.757202
-0.480000 -2.750101
-0.490000 -2.742978
-0.500000 -2.735834
-0.510000 -2.728668
-0.520000 -2.721481
-0.530000 -2.714273
-0.540000 -2.707043
-0.550000 -2.699792
-0.560000 -2.692519
-0.570000 -2.685224
-0.580000 -2.677908
-0.590000 -2.670570
-0.600000 -2.663210
-0.610000 -2.655828
-0.620000 -2.648424
-0.630000 -2.640998
-0.640000 -2.633550
-0.650000 -2.626080
-0.660000 -2.618587
-0.670000 -2.611073
-0.680000 -2.603536
-0.690000 -2.595976
-0.700000 -2.588394
-0.710000 -2.580790
-0.720000 -2.573163
-0.730000 -2.565513
-0.740000 -2.557841
-0.750000 -2.550146
-0.760000 -2.542428
-0.770000 -2.534687
-0.780000 -2.526923
-0.790000 -2.519135
-0.800000 -2.511325
-0.810000 -2.503492
-0.820000 -2.495635
-0.830000 -2.487754
-0.840000 -2.479851
-0.850000 -2.471924
-0.860000 -2.463973
-0.870000 -2.455998
-0.880000 -2.448000
-0.890000 -2.439978
-0.900000 -2.431932
-0.910000 -2.423862
-0.920000 -2.415767
-0.930000 -2.407649
-0.940000 -2.399506
-0.950000 -2.391339
-0.960000 -2.383148
-0.970000 -2.374932
-0.980000 -2.366692
-0.990000 -2.358427
-1.000000 -2.350137
-1.010000 -2.341822
-1.020000 -2.333482
-1.030000 -2.325117
-1.040000 -2.316727
-1.050000 -2.308312
-1.060000 -2.299872
-1.070000 -2.291406
-1.080000 -2.282914
-1.090000 -2.274397
-1.100000 -2.265855
-1.110000 -2.257286
-1.120000 -2.248692
-1.130000 -2.240071
-1.140000 -2.231424
-1.150000 -2.222752
-1.160000 -2.214053
-1.170000 -2.205327
-1.180000 -2.196575
-1.190000 -2.187796
-1.200000 -2.178990
-1.210000 -2.170158
-1.220000 -2.161299
-1.230000 -2.152412
-1.240000 -2.143498
-1.250000 -2.134557
-1.260000 -2.125589
-1.270000 -2.116593
-1.280000 -2.107569
-1.290000 -2.098518
-1.300000 -2.089438
-1.310000 -2.080331
-1.320000 -2.071195
-1.330000 -2.062031
-1.340000 -2.052839
-1.350000 -2.043618
-1.360000 -2.034368
-1.370000 -2.025090
-1.380000 -2.015782
-1.390000 -2.006446
-1.400000 -1.997080
-1.410000 -1.987685
-1.420000 -1.978260
-1.430000 -1.968806
-1.440000 -1.959322
-1.450000 -1.949808
-1.460000 -1.940264
-1.470000 -1.930689
-1.480000 -1.921085
-1.490000 -1.911449
-1.500000 -1.901784
-1.510000 -1.892087
-1.520000 -1.882359
-1.530000 -1.872600
-1.540000 -1.862810
-1.550000 -1.852988
-1.560000 -1.843134
-1.570000 -1.833249
-1.580000 -1.823331
-1.590000 -1.813382
-1.600000 -1.803400
-1.610000 -1.793386
-1.620000 -1.783339
-1.630000 -1.773259
-1.640000 -1.763146
-1.650000 -1.752999
-1.660000 -1.742819
-1.670000 -1.732606
-1.680000 -1.722359
-1.690000 -1.712077
-1.700000 -1.701762
-1.710000 -1.691412
-1.720000 -1.681027
-1.730000 -1.670608
-1.740000 -1.660154
-1.750000 -1.649664
-1.760000 -1.639139
-1.770000 -1.628578
-1.780000 -1.617981
-1.790000 -1.607348
-1.800000 -1.596679
-1.810000 -1.585973
-1.820000 -1.575230
-1.830000 -1.564450
-1.840000 -1.553633
-1.850000 -1.542779
-1.860000 -1.531886
-1.870000 -1.520956
-1.880000 -1.509987
-1.890000 -1.498979
-1.900000 -1.487933
-1.910000 -1.476848
-1.920000 -1.465723
-1.930000 -1.454559
-1.940000 -1.443355
-1.950000 -1.432111
-1.960000 -1.420826
-1.970000 -1.409500
-1.980000 -1.398133
-1.990000 -1.386725
-2.000000 -1.375276
-2.010000 -1.363784
-2.020000 -1.352250
-2.030000 -1.340674
-2.040000 -1.329054
-2.050000 -1.317392
-2.060000 -1.305685
-2.070000 -1.293935
-2.080000 -1.282141
-2.090000 -1.270302
-2.100000 -1.258418
-2.110000 -1.246488
-2.120000 -1.234513
-2.130000 -1.222492
-2.140000 -1.210425
-2.150000 -1.198310
-2.160000 -1.186149
-2.170000 -1.173939
-2.180000 -1.161682
-2.190000 -1.149377
-2.200000 -1.137022
-2.210000 -1.124618
-2.220000 -1.112165
-2.230000 -1.099661
-2.240000 -1.087107
-2.250000 -1.074501
-2.260000 -1.061844
-2.270000 -1.049135
-2.280000 -1.036374
-2.290000 -1.023560
-2.300000 -1.010692
-2.310000 -0.997770
-2.320000 -0.984794
-2.330000 -0.971762
-2.340000 -0.958675
-2.350000 -0.945532
-2.360000 -0.932332
-2.370000 -0.919075
-2.380000 -0.905760
-2.390000 -0.892387
-2.400000 -0.878954
-2.410000 -0.865462
-2.420000 -0.851910
-2.430000 -0.838296
-2.440000 -0.824621
-2.450000 -0.810884
-2.460000 -0.797083
-2.470000 -0.783219
-2.480000 -0.769291
-2.490000 -0.755298
-2.500000 -0.741238
-2.510000 -0.727112
-2.520000 -0.712919
-2.530000 -0.698657
-2.540000 -0.684326
-2.550000 -0.669926
-2.560000 -0.655455
-2.570000 -0.640912
-2.580000 -0.626296
-2.590000 -0.611608
-2.600000 -0.596844
-2.610000 -0.582006
-2.620000 -0.567091
-2.630000 -0.552099
-2.640000 -0.537029
-2.650000 -0.521879
-2.660000 -0.506649
-2.670000 -0.491337
-2.680000 -0.475942
-2.690000 -0.460464
-2.700000 -0.444900
-2.710000 -0.429250
-2.720000 -0.413512
-2.730000 -0.397685
-2.740000 -0.381768
-2.750000 -0.365760
-2.760000 -0.349658
-2.770000 -0.333462
-2.780000 -0.317170
