-0.018850 0.834327
0.047817 0.852719
-0.003020 0.834177
-0.002607 0.867992
0.086712 0.933043
0.051899 0.874357
0.034332 0.877554
0.060993 0.880458
0.095987 0.859485
0.127470 0.860660
0.089885 0.931722
0.100818 0.933388
0.152608 0.959166
0.124511 0.890639
0.099656 0.910412
0.155012 0.894491
0.134566 0.943520
0.150231 0.892489
0.148300 0.928053
0.225732 0.931705
0.153221 0.920738
0.230333 0.992700
0.216909 0.922706
0.195426 0.929997
0.244723 0.914312
0.295592 0.978246
0.262486 0.958836
0.319939 1.006695
0.317768 0.984345
0.281844 0.932498
0.266877 0.991541
0.338293 0.988577
0.356674 0.968825
0.332459 0.960061
0.294377 1.015161
0.387027 0.953871
0.314851 1.018727
0.358500 0.949994
0.384727 1.015533
0.351549 0.980830
0.423155 0.958878
0.446714 1.037855
0.389801 0.954265
0.418824 0.997857
0.432743 0.970026
0.430948 1.031061
0.508133 1.037706
0.423047 1.021948
0.474246 0.991104
0.507732 0.957516
0.503852 0.995601
0.495783 0.957035
0.499112 0.983471
0.539130 0.955684
0.521019 1.035695
0.558188 1.025750
0.522304 0.954705
0.526631 0.966768
0.602863 1.016531
0.639336 1.032062
0.561491 1.018150
0.621146 0.945814
0.632984 0.952940
0.605146 1.000103
0.637328 0.957384
0.689463 1.013581
0.629781 0.942947
0.655403 0.967559
0.668206 0.999530
0.669796 0.929482
0.712435 0.937129
0.712789 0.939921
0.757388 0.953200
0.744908 0.969440
0.692400 0.944536
0.751344 0.980788
0.754318 0.901849
0.789157 0.958700
0.796032 0.906078
0.820248 0.935539
0.754497 0.947802
0.851904 0.900761
0.807150 0.913631
0.876036 0.917643
0.842867 0.854590
0.853193 0.897056
0.816169 0.845724
0.880899 0.890854
0.904914 0.848901
0.914236 0.804677
0.912083 0.865783
0.953361 0.831092
0.890409 0.809362
0.960089 0.740005
0.946332 0.764297
0.977978 0.719726
0.961655 0.699718
0.953900 0.666537
0.971732 0.617889
0.941965 0.666643