0.005525 0.859282
0.006840 0.853521
-0.012958 0.884262
0.040109 0.886240
0.043822 0.861231
0.051294 0.866974
0.035745 0.917075
0.090075 0.915643
0.068102 0.878291
0.095841 0.902346
0.122093 0.893369
0.101116 0.940231
0.142231 0.934404
0.117520 0.897822
0.137561 0.912872
0.161088 0.927393
0.113475 0.914055
0.193857 0.955157
0.228526 0.948185
0.163747 0.966306
0.175060 0.937772
0.194401 0.936941
0.196154 0.963247
0.206036 0.940256
0.293666 0.951891
0.257195 0.955260
0.249374 0.938293
0.268217 0.984617
0.258933 0.985423
0.269890 0.958095
0.304628 1.017241
0.279821 0.955567
0.308476 1.012148
0.286742 0.962798
0.365226 0.973368
0.368132 0.991436
0.365957 0.990501
0.347277 1.024560
0.378380 0.999459
0.412258 0.983454
0.416188 1.016416
0.432316 0.978437
0.433873 1.009285
0.408373 0.992128
0.408391 0.986943
0.421552 0.977645
0.467905 1.040031
0.503433 1.012624
0.467658 1.016645
0.477971 0.991153
0.497537 1.002959
0.481188 1.007993
0.557157 1.018805
0.522990 0.986743
0.524562 1.010874
0.551485 1.029400
0.551537 1.020475
0.549182 1.000827
0.591558 0.973090
0.565921 1.004987
0.591574 0.982755
0.616082 0.984240
0.609772 0.974693
0.625849 0.987307
0.634658 1.000311
0.630161 0.970883
0.633067 0.966535
0.693562 0.986491
0.658827 0.989732
0.687065 0.941163
0.669902 0.955014
0.719852 0.987945
0.704691 0.955736
0.742121 0.957931
0.753083 0.932779
0.729722 0.957486
0.770238 0.943941
0.774635 0.922433
0.789110 0.909511
0.762137 0.932712
0.803176 0.883667
0.807198 0.932290
0.801862 0.896448
0.864334 0.880409
0.836165 0.905194
0.842991 0.874652
0.884105 0.823471
0.890612 0.852335
0.838478 0.840476
0.923897 0.852854
0.893039 0.830920
0.927626 0.826955
0.915688 0.831339
0.937497 0.786171
0.908875 0.754741
0.938622 0.723885
0.989169 0.720976
0.978147 0.698575
0.991383 0.672236
0.998949 0.633151