0.089309 0.880156
-0.021025 0.822553
-0.025303 0.926077
0.125037 0.783878
0.099191 0.902125
0.070518 0.885808
0.066244 0.931463
0.090436 0.931877
0.149020 0.967341
0.040140 0.966935
0.060113 1.010297
0.206258 0.872657
0.187262 0.865698
0.085624 0.998225
0.162527 0.857277
0.085257 0.946131
0.215081 0.930376
0.178803 0.849587
0.185479 0.967095
0.247894 0.891575
0.158487 0.954916
0.114363 0.920829
0.152851 1.045106
0.202405 0.921330
0.205241 0.955319
0.346500 0.909714
0.271746 0.906952
0.271850 0.904896
0.376928 0.877428
0.356546 0.994865
0.275498 0.950696
0.329890 0.880735
0.270189 1.055449
0.320916 1.039692
0.419527 0.960344
0.357325 0.943982
0.304650 0.960166
0.391896 1.053358
0.427217 0.919529
0.336999 1.070922
0.492851 0.970507
0.458186 0.964954
0.428766 0.944446
0.438050 0.953196
0.482961 0.947898
0.417498 0.966127
0.539179 0.941126
0.525465 0.975257
0.528402 1.036542
0.466513 1.090567
0.410050 1.000004
0.580487 0.910717
0.424783 0.965007
0.621046 1.098570
0.442849 0.964878
0.467283 1.093643
0.537009 1.005706
0.520413 1.052868
0.582282 0.986121
0.535680 1.027846
0.687989 1.008154
0.617708 1.061453
0.568244 0.897331
0.604620 1.016015
0.554967 1.020461
0.590784 1.001988
0.572450 1.004447
0.681847 0.929662
0.605936 0.996543
0.607110 1.066728
0.739242 0.911106
0.714236 1.049817
0.671633 0.897154
0.635410 0.933151
0.829235 0.963477
0.824157 1.004592
0.821892 0.877046
0.684034 0.858498
0.696245 0.872230
0.868016 0.938321
0.828159 0.857239
0.809711 0.942325
0.731761 1.004353
0.768840 0.920502
0.772265 0.849638
0.752743 0.825895
0.908196 0.855005
0.874994 0.822765
0.913219 0.906283
0.916274 0.870663
0.850918 0.871521
0.907570 0.903403
0.949014 0.823213
0.832113 0.857726
0.992645 0.830977
0.856975 0.714945
1.032187 0.763285
0.944109 0.694153
0.912161 0.682669
1.088306 0.610294