0.001957 0.865213
0.003869 0.879251
0.018948 0.877102
0.020975 0.884748
0.030736 0.887280
0.062830 0.896493
0.047290 0.899185
0.057515 0.886089
0.088243 0.904474
0.088157 0.908884
0.089391 0.925901
0.101150 0.920533
0.116112 0.917183
0.117931 0.931534
0.141292 0.914121
0.156966 0.922865
0.159455 0.942440
0.167410 0.938137
0.175138 0.946126
0.202774 0.944231
0.192665 0.944522
0.207246 0.952240
0.230321 0.968606
0.236544 0.963665
0.244947 0.973625
0.262100 0.965066
0.248034 0.960331
0.266740 0.966521
0.267208 0.985225
0.294469 0.968722
0.303001 0.971852
0.309808 0.970067
0.319781 0.974939
0.321598 0.989836
0.336417 0.996554
0.346755 0.973960
0.361928 0.998214
0.373343 0.990546
0.387882 1.003161
0.389514 0.995106
0.403757 0.999960
0.407511 0.987864
0.423654 1.007830
0.436157 1.001177
0.437132 0.986018
0.459917 0.995618
0.451481 1.007453
0.474297 0.998979
0.494112 1.011539
0.488618 1.000637
0.502454 0.998351
0.495943 1.011022
0.508355 0.997987
0.519292 1.009891
0.537749 1.006251
0.563693 1.007643
0.568520 0.986461
0.558165 0.995817
0.566691 0.995382
0.578891 1.000465
0.612361 1.002940
0.602803 0.986581
0.622423 0.995941
0.619269 0.980765
0.631218 0.996312
0.652067 0.982970
0.654165 0.990269
0.667323 0.983769
0.682731 0.968978
0.687714 0.978865
0.712321 0.961245
0.706461 0.965362
0.712163 0.952928
0.735901 0.957075
0.748648 0.962423
0.758754 0.934787
0.754020 0.930381
0.764441 0.927577
0.791548 0.941653
0.788004 0.918406
0.789539 0.916008
0.802363 0.921021
0.810784 0.898301
0.833795 0.885736
0.848548 0.899674
0.849208 0.878832
0.857254 0.867216
0.883499 0.858853
0.880647 0.840062
0.901962 0.837378
0.894656 0.818254
0.920338 0.800195
0.916325 0.786715
0.919745 0.775903
0.951882 0.777652
0.942730 0.747518
0.950389 0.736069
0.962474 0.688100
0.989799 0.672326
0.998990 0.623428