0.175283 0.597117
0.286840 0.830329
0.080130 0.865242
-0.042314 0.882143
0.077148 0.905953
0.199596 0.777445
0.222882 0.991179
0.132846 0.844776
0.323736 0.911030
-0.001315 0.938262
0.040411 0.823949
0.132186 1.129601
0.064532 1.032036
0.120139 1.002560
0.224087 0.890496
0.049614 1.084446
-0.016151 0.842099
0.006679 0.874034
0.137367 0.953213
0.121105 1.095159
0.194290 0.842603
0.295970 1.018148
0.119754 0.996027
0.069892 0.761815
0.233994 1.147419
0.177659 1.003787
0.090416 0.888317
0.172265 0.841036
0.397887 0.826901
0.335201 0.988469
0.262498 1.098883
0.184235 0.901442
0.329428 0.720341
0.229254 1.063756
0.313698 1.044766
0.134579 0.918766
0.476894 1.081126
0.439075 0.989243
0.360256 1.110830
0.457813 1.019109
0.403941 0.857797
0.598058 0.838955
0.213394 1.184179
0.565378 1.161679
0.495323 0.640443
0.614928 1.218528
0.356842 0.900637
0.550545 1.074625
0.479275 0.936056
0.362126 0.989612
0.739731 0.822136
0.332747 1.072744
0.415978 0.916915
0.567852 1.088690
0.673659 0.928135
0.537427 0.973267
0.678267 0.919525
0.657773 0.854771
0.593544 0.783670
0.578732 0.936461
0.540877 1.127301
0.666887 0.998888
0.605890 1.091348
0.723811 0.911068
0.601880 0.989841
0.868736 1.070059
0.766027 1.014450
0.693202 0.909815
0.664887 0.836194
0.596761 1.014358
0.656208 0.918068
0.750016 0.974516
0.749193 1.048090
0.792647 0.955021
0.542220 1.043558
0.735810 0.941973
0.855478 0.758991
0.741061 1.021315
0.844161 0.920051
0.696629 0.979216
0.957819 0.954741
0.934760 0.879793
0.622797 0.962231
0.829590 0.848701
0.813612 0.807829
0.780080 0.881205
0.993755 0.836158
0.905850 0.923718
0.816728 0.756580
0.979913 0.865312
0.853183 0.715041
0.756292 0.786190
0.883484 0.730768
0.964517 0.793071
0.835716 0.614437
0.842988 0.806350
0.863695 0.652045
1.040702 0.677383
0.995091 0.682904
0.976700 0.549541