0.000000 0.866025
0.010000 0.870982
0.020000 0.875852
0.030000 0.880636
0.040000 0.885332
0.050000 0.889942
0.060000 0.894465
0.070000 0.898901
0.080000 0.903250
0.090000 0.907511
0.100000 0.911684
0.110000 0.915770
0.120000 0.919767
0.130000 0.923676
0.140000 0.927496
0.150000 0.931227
0.160000 0.934868
0.170000 0.938420
0.180000 0.941880
0.190000 0.945250
0.200000 0.948528
0.210000 0.951714
0.220000 0.954808
0.230000 0.957808
0.240000 0.960714
0.250000 0.963525
0.260000 0.966242
0.270000 0.968861
0.280000 0.971384
0.290000 0.973809
0.300000 0.976136
0.310000 0.978362
0.320000 0.980488
0.330000 0.982511
0.340000 0.984432
0.350000 0.986249
0.360000 0.987960
0.370000 0.989565
0.380000 0.991062
0.390000 0.992449
0.400000 0.993725
0.410000 0.994889
0.420000 0.995939
0.430000 0.996873
0.440000 0.997689
0.450000 0.998385
0.460000 0.998960
0.470000 0.999412
0.480000 0.999737
0.490000 0.999934
0.500000 1.000000
0.510000 0.999933
0.520000 0.999730
0.530000 0.999387
0.540000 0.998903
0.550000 0.998274
0.560000 0.997496
0.570000 0.996565
0.580000 0.995479
0.590000 0.994232
0.600000 0.992820
0.610000 0.991240
0.620000 0.989485
0.630000 0.987551
0.640000 0.985432
0.650000 0.983122
0.660000 0.980615
0.670000 0.977904
0.680000 0.974980
0.690000 0.971837
0.700000 0.968466
0.710000 0.964857
0.720000 0.960999
0.730000 0.956883
0.740000 0.952495
0.750000 0.947822
0.760000 0.942850
0.770000 0.937562
0.780000 0.931941
0.790000 0.925966
0.800000 0.919615
0.810000 0.912863
0.820000 0.905681
0.830000 0.898037
0.840000 0.889894
0.850000 0.881207
0.860000 0.871928
0.870000 0.861995
0.880000 0.851339
0.890000 0.839873
0.900000 0.827492
0.910000 0.814061
0.920000 0.799411
0.930000 0.783316
0.940000 0.765466
0.950000 0.745416
0.960000 0.722487
0.970000 0.695535
0.980000 0.662337
0.990000 0.617168