0.003498 0.871053
-0.000202 0.859180
0.030890 0.881288
0.033238 0.880027
0.041530 0.886451
0.056738 0.878225
0.062809 0.887611
0.081051 0.900608
0.077457 0.893116
0.082650 0.903112
0.088120 0.903160
0.098099 0.924687
0.125120 0.918362
0.127189 0.923898
0.151972 0.915850
0.158455 0.942249
0.169119 0.933135
0.180358 0.944116
0.183481 0.934932
0.185836 0.946817
0.208757 0.942075
0.216105 0.958771
0.217804 0.950747
0.225744 0.951828
0.241684 0.964672
0.246212 0.951437
0.255009 0.958054
0.279526 0.976780
0.284135 0.968551
0.286098 0.978035
0.287615 0.976758
0.309986 0.974498
0.322353 0.988183
0.318125 0.992336
0.343356 0.990314
0.356717 0.990102
0.358135 0.995216
0.358439 0.989582
0.374599 0.983085
0.399139 1.001775
0.408810 0.988427
0.403698 1.000569
0.411598 0.994565
0.440663 0.990100
0.437454 1.003945
0.439136 1.003114
0.457061 0.997320
0.458730 0.997922
0.487589 0.991760
0.487502 1.011536
0.496944 0.996508
0.498122 1.010597
0.531583 1.008555
0.520234 0.991297
0.538643 1.004759
0.558084 1.004721
0.567637 1.008393
0.562447 1.006462
0.577719 0.991831
0.589188 1.004429
0.594249 0.986118
0.617084 0.988082
0.626334 0.979757
0.629291 0.975984
0.627702 0.976343
0.662014 0.983468
0.658753 0.992689
0.660597 0.974224
0.691307 0.970055
0.684961 0.966066
0.712379 0.960530
0.709820 0.974855
0.719029 0.958481
0.741638 0.966766
0.729377 0.954746
0.744832 0.938392
0.767423 0.944441
0.762331 0.927250
0.770980 0.931801
0.791747 0.922631
0.805836 0.909919
0.818164 0.915434
0.830783 0.915310
0.821154 0.889318
0.842716 0.893282
0.859198 0.891380
0.863732 0.872785
0.864312 0.855332
0.875814 0.847147
0.899078 0.835929
0.907202 0.824400
0.921396 0.811762
0.920687 0.787655
0.918223 0.791670
0.949386 0.765212
0.946867 0.748556
0.959289 0.730147
0.973549 0.685796
0.980305 0.667958
1.001451 0.612572