0.024689 0.851761
-0.007434 0.846139
0.023245 0.881577
0.040435 0.894062
0.017224 0.882002
0.043909 0.885597
0.061387 0.877728
0.059404 0.900637
0.080165 0.915608
0.092288 0.928931
0.096021 0.906180
0.108989 0.893373
0.124368 0.918110
0.127517 0.922118
0.147547 0.944193
0.152247 0.938023
0.183019 0.939231
0.182838 0.964327
0.163953 0.917530
0.186830 0.946747
0.206859 0.958676
0.199708 0.962864
0.227399 0.963268
0.236274 0.944608
0.237049 0.956142
0.242185 0.971337
0.262544 0.959973
0.297552 0.982910
0.304579 0.976772
0.272704 0.967240
0.308454 0.971351
0.299666 0.962308
0.310443 1.004367
0.342125 0.999684
0.353847 0.983371
0.327405 0.970755
0.341907 0.987249
0.345577 1.004086
0.366842 0.977921
0.374088 0.986251
0.418101 0.986498
0.410426 1.001143
0.440155 0.990673
0.427139 0.984809
0.442196 0.997825
0.454916 0.992472
0.484280 1.002845
0.470646 1.014853
0.460775 1.002507
0.494905 1.003462
0.516404 0.991149
0.500800 0.979580
0.539524 1.002622
0.490180 1.004471
0.547852 0.991879
0.550615 0.989783
0.563529 1.002031
0.569329 1.006987
0.588744 0.979185
0.601508 0.991759
0.604624 0.989656
0.615537 1.004653
0.612330 0.996633
0.643923 0.998611
0.650135 0.983854
0.639391 0.961519
0.661734 0.957349
0.667209 0.962190
0.679332 0.962871
0.707296 0.972254
0.694049 0.982322
0.716981 0.957983
0.710623 0.952794
0.706028 0.949034
0.721007 0.953122
0.771441 0.948590
0.751135 0.935613
0.753501 0.946280
0.781890 0.931174
0.807484 0.938113
0.805013 0.916737
0.808714 0.925324
0.820255 0.888293
0.810027 0.914338
0.853829 0.894687
0.846771 0.901300
0.859259 0.858150
0.887934 0.867793
0.878528 0.818710
0.882063 0.857831
0.899556 0.844476
0.882726 0.803313
0.911156 0.787250
0.922474 0.786578
0.944914 0.745674
0.935294 0.742698
0.964259 0.704617
0.970729 0.666327
0.976607 0.684218
0.977460 0.614309