0.026153 0.890320
0.017306 0.864776
0.033465 0.884510
0.037036 0.868506
0.065750 0.866805
0.033292 0.920414
0.067235 0.888223
0.082261 0.840011
0.063025 0.911125
0.103435 0.937792
0.093165 0.897169
0.097132 0.909515
0.130097 0.891336
0.125886 0.926323
0.169814 0.958503
0.150510 0.924992
0.175586 0.928915
0.164271 0.950333
0.181643 0.912480
0.172583 0.936833
0.224652 0.961225
0.213874 0.944710
0.214531 0.935608
0.247194 0.953729
0.228954 0.996015
0.238736 0.921040
0.223506 0.975230
0.272776 0.965040
0.302544 0.957298
0.274654 0.998328
0.292105 0.962313
0.361447 0.985195
0.334616 0.996356
0.349602 0.991089
0.300051 0.999066
0.353597 1.013784
0.341409 0.982095
0.380592 0.993268
0.384843 0.984131
0.377113 0.998091
0.382728 1.009218
0.428923 0.990138
0.407577 0.993829
0.406675 1.009610
0.414395 0.994631
0.450640 0.998199
0.447128 0.990680
0.438139 0.986246
0.490766 0.993751
0.481969 1.009521
0.509145 1.006866
0.512709 1.025978
0.542236 0.984441
0.525069 1.009569
0.535975 0.993599
0.532083 0.987835
0.567766 1.023644
0.553523 1.018388
0.586069 1.012582
0.576566 0.996638
0.612462 0.965746
0.614851 1.002464
0.655415 0.968717
0.635266 0.974691
0.656660 0.998122
0.631347 0.985350
0.651431 0.993146
0.669124 1.010088
0.691628 0.956652
0.709955 0.925758
0.681470 0.986243
0.713203 0.947854
0.712816 0.965171
0.717384 0.945147
0.738495 0.961628
0.736969 0.956334
0.733220 0.928685
0.795229 0.924218
0.773190 0.951547
0.809545 0.932725
0.801735 0.921513
0.783356 0.918962
0.848501 0.891231
0.851545 0.884779
0.863579 0.891237
0.854894 0.857057
0.871129 0.890577
0.853680 0.849668
0.869840 0.872631
0.922346 0.850469
0.860511 0.837300
0.912909 0.843452
0.930501 0.788149
0.944263 0.775693
0.950583 0.746542
0.947264 0.720428
0.953980 0.694679
0.970242 0.683196
1.003534 0.659796
0.953324 0.619569