-0.001054 0.873521
0.017325 0.875742
0.022477 0.845872
0.042340 0.883191
0.027885 0.876125
0.054922 0.886099
0.046544 0.887308
0.081478 0.878806
0.082089 0.904882
0.101191 0.909420
0.117582 0.905668
0.090756 0.912579
0.124419 0.924262
0.115784 0.918826
0.127266 0.910970
0.130478 0.940971
0.165716 0.940678
0.168448 0.938515
0.185461 0.934387
0.210836 0.942887
0.207942 0.951650
0.200918 0.947210
0.214120 0.972938
0.250768 0.956650
0.221395 0.972450
0.249679 0.961855
0.272446 0.972866
0.274120 0.966132
0.275669 0.964040
0.297699 0.985277
0.301857 0.992348
0.317310 0.972701
0.305521 0.980161
0.346573 0.999503
0.342419 0.981025
0.347666 0.994712
0.368253 1.004283
0.382947 1.006754
0.374082 0.975970
0.395978 0.989605
0.395748 0.996054
0.402676 0.993159
0.424483 0.983145
0.440508 0.992590
0.444147 0.994545
0.453149 0.996278
0.462965 1.001757
0.481954 0.978209
0.487183 0.989664
0.493629 0.995957
0.489305 0.989305
0.495045 1.001124
0.514100 1.008530
0.515960 1.011337
0.533341 0.985139
0.534875 1.000024
0.559421 0.997270
0.569583 0.993090
0.587721 0.993534
0.593642 0.986021
0.619125 0.988459
0.635000 0.989928
0.613147 0.996023
0.623198 1.003551
0.642819 0.971042
0.646814 0.976181
0.662108 0.992936
0.668991 0.974673
0.665726 0.988589
0.668740 0.970858
0.702405 0.970109
0.699641 0.956033
0.713096 0.965389
0.740575 0.955767
0.748434 0.969880
0.731938 0.933987
0.764250 0.942514
0.790423 0.944779
0.761167 0.926983
0.783920 0.932817
0.793466 0.918393
0.822978 0.924524
0.824230 0.908597
0.809646 0.911735
0.826586 0.878911
0.859490 0.884871
0.863189 0.893872
0.873296 0.862467
0.883082 0.853496
0.879690 0.844041
0.908924 0.827378
0.913148 0.824983
0.940725 0.804150
0.937131 0.765402
0.926189 0.761501
0.931522 0.743831
0.953996 0.711302
0.945437 0.708725
0.991603 0.673108
0.976703 0.623930