0.007499 0.940893
0.037974 0.827611
0.041728 0.907163
0.037714 0.932059
-0.010041 0.849421
0.030705 0.825425
0.078245 0.907317
0.037075 0.877307
0.117790 0.973262
0.100555 0.865640
0.084829 0.929682
0.073628 0.882725
0.078451 0.911406
0.137939 0.916862
0.128121 0.864067
0.160873 0.960582
0.206502 0.922616
0.220834 0.877142
0.176522 0.923946
0.187230 0.986050
0.225118 0.948303
0.238363 0.992159
0.185874 0.938750
0.239789 1.002545
0.264021 0.957375
0.277112 0.959494
0.290924 0.999326
0.289606 0.948082
0.287822 1.011796
0.289209 0.944043
0.329691 0.979176
0.281771 0.959572
0.349581 1.010549
0.415949 0.930393
0.364642 0.946027
0.351379 1.001530
0.325527 0.988665
0.340970 0.963597
0.342192 0.996703
0.359795 1.009059
0.366446 1.027868
0.341031 1.054746
0.377695 0.995631
0.433588 1.032185
0.455379 0.947052
0.446028 1.022308
0.442540 1.037856
0.429248 0.965382
0.464429 0.967636
0.453714 1.005828
0.457298 0.965415
0.544233 0.967881
0.522987 0.988579
0.494734 1.018096
0.464736 1.020295
0.554777 0.994610
0.594224 0.975329
0.569550 1.056080
0.567835 1.012623
0.608306 1.022297
0.625845 0.945144
0.587115 0.984452
0.619660 1.000075
0.612493 1.000016
0.616067 0.988629
0.641605 0.993071
0.679919 1.009294
0.661415 0.952253
0.680461 1.085045
0.649306 1.019787
0.713416 0.966576
0.701097 0.984911
0.807665 0.963428
0.735993 0.962079
0.811551 0.919383
0.776776 0.970191
0.812036 0.918396
0.785872 0.944448
0.772867 0.905454
0.872582 0.896807
0.838825 0.854922
0.876749 0.902372
0.856236 0.896943
0.867819 0.905550
0.843591 0.925404
0.877226 0.915166
0.814405 0.843375
0.862022 0.831355
0.870527 0.826153
0.924958 0.867792
0.884452 0.819944
0.954039 0.800975
0.914221 0.808109
0.918966 0.736028
1.001391 0.776791
0.885938 0.766929
0.944326 0.741000
0.963205 0.678133
0.974603 0.660391
1.041072 0.586017