-0.040861 0.859704
0.008445 0.888770
0.038956 0.873589
0.014753 0.899229
0.050444 0.878791
0.053437 0.874950
0.069867 0.892966
0.091585 0.890347
0.092793 0.833737
0.088894 0.894259
0.141236 0.931018
0.124803 0.859214
0.086546 0.899333
0.139927 0.908651
0.157908 0.916127
0.181934 0.945116
0.148120 0.905720
0.162023 0.961190
0.201680 0.972804
0.191104 0.949065
0.193356 0.938057
0.240014 0.930513
0.205513 0.880587
0.257635 0.965651
0.242783 0.953313
0.240882 0.931523
0.245572 1.001160
0.273547 0.947003
0.287703 0.985313
0.269303 0.989805
0.258915 1.029139
0.330114 0.959998
0.278472 0.998090
0.321073 1.023686
0.332078 0.989638
0.331677 1.011685
0.330966 0.976082
0.360749 0.944026
0.375667 1.014563
0.369072 1.016863
0.380983 0.987622
0.435053 1.030500
0.429050 0.984111
0.429457 1.040105
0.440061 1.019160
0.464988 1.007727
0.469991 0.987954
0.467521 0.993172
0.515350 0.997191
0.490761 0.954865
0.520677 1.019110
0.519044 1.019160
0.494880 1.012559
0.513250 0.978889
0.534645 0.975029
0.536467 0.961986
0.588548 0.975280
0.562622 0.952763
0.545938 0.953169
0.612230 1.024233
0.589165 1.027278
0.590643 0.984949
0.631178 0.979325
0.617283 0.971317
0.666742 1.004405
0.658685 1.002319
0.635958 1.001919
0.708169 1.003619
0.657421 0.961804
0.700159 0.990853
0.685003 0.929680
0.764508 0.950176
0.732801 0.947402
0.724018 0.949726
0.704100 0.916628
0.775152 1.003660
0.760962 0.946542
0.790607 0.924503
0.786143 0.962238
0.742740 0.909556
0.775488 0.957052
0.804577 0.951455
0.834084 0.955275
0.857765 0.870220
0.836567 0.916983
0.820189 0.876354
0.843353 0.857908
0.863252 0.868430
0.863026 0.849212
0.931872 0.796838
0.871179 0.803871
0.918630 0.808558
0.887418 0.811903
0.937605 0.814946
0.935561 0.766420
0.916473 0.756906
0.963499 0.711426
0.953075 0.757114
0.924390 0.677027
0.938081 0.628315