-0.004876 0.848762
0.025852 0.888034
0.008058 0.862469
0.021108 0.871093
0.043305 0.891189
0.020968 0.908722
0.073087 0.886073
0.064734 0.911402
0.096384 0.885279
0.085239 0.913623
0.109279 0.910839
0.117669 0.916670
0.129420 0.916825
0.127957 0.927720
0.149765 0.936682
0.148587 0.930404
0.156432 0.934846
0.155052 0.931331
0.205101 0.929304
0.187693 0.958381
0.206341 0.968884
0.212702 0.957295
0.224667 0.975082
0.232751 0.943416
0.229766 0.962495
0.254963 0.946199
0.278078 0.959495
0.278457 0.959674
0.279794 0.950856
0.310962 0.970053
0.287407 0.958809
0.341549 0.966428
0.329370 0.987671
0.316544 0.978612
0.327862 0.994324
0.358658 0.984808
0.365327 0.973627
0.363646 0.970915
0.386800 0.984760
0.401175 0.960812
0.398510 1.002581
0.405101 1.004465
0.432471 1.001429
0.432522 0.983673
0.426975 0.989158
0.448083 0.994199
0.464358 0.991593
0.475446 1.001752
0.468082 0.987027
0.484645 0.996906
0.508278 1.011855
0.502650 1.009836
0.516294 0.991320
0.511739 0.993693
0.556572 0.983923
0.542721 0.992218
0.551266 0.994870
0.553623 0.980453
0.578531 0.995214
0.599468 1.014467
0.608534 0.992781
0.612733 0.971036
0.605382 0.984840
0.640468 0.965567
0.635830 0.990664
0.667137 0.985458
0.671486 0.971514
0.654024 0.972239
0.687900 0.970718
0.682703 0.967177
0.702856 0.967818
0.706837 0.944527
0.755950 0.953628
0.737895 0.931458
0.734445 0.950189
0.749204 0.942147
0.745709 0.948214
0.769170 0.947710
0.805367 0.940490
0.791238 0.903792
0.789384 0.915347
0.811936 0.913448
0.828607 0.923982
0.832015 0.893292
0.853178 0.890702
0.842702 0.862893
0.855855 0.857753
0.866988 0.872868
0.907479 0.850931
0.912074 0.825532
0.898811 0.813094
0.920097 0.820327
0.928425 0.811918
0.920797 0.775598
0.916610 0.762531
0.962527 0.741865
0.945324 0.739972
0.963026 0.680263
0.971649 0.659035
0.969404 0.611103