-0.019948 0.852821
0.008539 0.893452
0.044021 0.882067
0.015658 0.856645
0.015486 0.908521
0.031054 0.892415
0.054795 0.872261
0.078712 0.889940
0.076872 0.921915
0.110264 0.893116
0.124154 0.935759
0.131100 0.916533
0.096325 0.926918
0.142771 0.913673
0.148244 0.904501
0.153167 0.910401
0.166763 0.915718
0.157839 0.938276
0.200882 0.919291
0.176681 0.966077
0.191424 0.926076
0.193435 0.952252
0.220644 0.970865
0.235915 0.964092
0.221247 0.951050
0.265037 0.938806
0.243221 0.989572
0.287811 0.945243
0.295378 0.991663
0.303915 0.966444
0.316599 0.992427
0.324804 0.975512
0.295570 0.965822
0.334628 0.957885
0.351349 0.988720
0.346140 1.011166
0.384386 0.977386
0.380290 1.008527
0.387982 0.980238
0.382464 1.006942
0.404458 0.984485
0.433084 1.004241
0.413134 0.998933
0.421450 0.982657
0.457817 0.990155
0.473937 0.992797
0.464831 0.984512
0.469980 0.987859
0.472944 1.012124
0.479029 0.978250
0.477031 1.014102
0.527462 0.994352
0.536319 0.985495
0.551134 1.005470
0.527881 1.020497
0.553684 1.018653
0.556681 0.991773
0.550761 1.003748
0.568533 0.977523
0.596298 0.994291
0.593102 1.007343
0.633410 0.990006
0.618147 1.011444
0.620025 0.993478
0.644570 0.975188
0.635961 0.985536
0.651377 0.981220
0.668335 0.991926
0.703669 0.964627
0.683451 0.957029
0.717506 0.992215
0.733968 0.971941
0.722122 0.975346
0.753383 0.974246
0.751002 0.946955
0.727382 0.929355
0.782337 0.925903
0.778397 0.941492
0.776393 0.911826
0.798736 0.935844
0.795610 0.900194
0.796922 0.918436
0.797739 0.928467
0.847900 0.912822
0.832762 0.887493
0.847849 0.901513
0.849007 0.865139
0.886247 0.848485
0.884177 0.867684
0.911248 0.864811
0.906349 0.847070
0.905990 0.819091
0.917004 0.802278
0.913688 0.787011
0.919895 0.757943
0.942889 0.756386
0.937653 0.742917
0.977523 0.684871
1.002458 0.648016
0.968089 0.604929