-0.002865 0.910455
0.015248 0.848775
-0.011162 0.916801
0.095352 0.880949
0.074299 0.876973
0.082622 0.914477
0.154674 0.899637
0.074209 0.930907
0.082936 0.947842
0.115211 0.888297
0.100238 0.936257
0.065928 0.866928
0.153040 0.977119
0.126512 0.968608
0.188652 0.973747
0.139215 1.022460
0.175104 0.928038
0.249269 0.883628
0.211558 0.960827
0.158390 0.866799
0.135547 1.005706
0.263930 0.994152
0.278725 0.887208
0.203020 1.066394
0.175945 0.889119
0.264921 0.946687
0.274174 0.978931
0.313847 0.933732
0.297980 0.973442
0.310660 1.010031
0.236861 0.991415
0.398745 0.933996
0.260298 1.021834
0.410463 0.995450
0.396290 1.053496
0.448411 0.891222
0.306507 0.934081
0.454350 0.941317
0.349145 1.034218
0.320878 1.073985
0.496061 0.957776
0.387218 1.072091
0.456022 1.048070
0.417497 0.908986
0.421891 1.052173
0.384406 0.958561
0.525672 1.002561
0.520980 0.909132
0.476305 1.006868
0.520813 1.009957
0.582794 0.969838
0.516693 0.886858
0.606965 1.027174
0.466241 0.958490
0.533254 0.893853
0.608540 0.981477
0.604117 0.988746
0.573429 1.011040
0.654923 1.040509
0.668861 1.025920
0.670806 0.968959
0.619577 1.022670
0.665886 1.002019
0.725871 0.947107
0.618534 1.019091
0.612598 0.996735
0.595928 0.866873
0.712462 0.967488
0.733035 1.034173
0.674429 0.987977
0.837122 1.017655
0.683379 0.962452
0.679682 0.899293
0.760247 1.037495
0.824074 0.861406
0.773484 0.945485
0.761068 0.861967
0.819354 0.924231
0.755921 0.891390
0.716456 0.926254
0.746614 0.873838
0.805667 0.914370
0.849224 0.942178
0.742523 0.869763
0.776872 0.946664
0.892394 0.839914
0.758242 0.886866
0.828448 0.850301
0.844665 0.778634
0.896100 0.877170
0.869453 0.827642
0.932540 0.850493
0.894904 0.833667
0.953730 0.876163
0.946837 0.797595
0.893259 0.801857
1.019597 0.696041
0.921155 0.788318
0.940959 0.569402
0.960169 0.695753