-0.000412 0.869320
0.008836 0.860218
0.021289 0.870371
0.032541 0.881280
0.049650 0.877916
0.056224 0.885375
0.051474 0.893416
0.073520 0.909389
0.071469 0.899480
0.086644 0.909710
0.100630 0.904118
0.105441 0.922023
0.109458 0.913915
0.131079 0.922125
0.136861 0.921016
0.140173 0.927156
0.164969 0.928847
0.169367 0.949451
0.176728 0.943551
0.191623 0.950539
0.192589 0.948421
0.205349 0.951117
0.228929 0.963679
0.239080 0.962588
0.250195 0.958703
0.250285 0.953296
0.268976 0.972211
0.260824 0.967024
0.280709 0.973843
0.281704 0.966368
0.295730 0.974700
0.315492 0.989346
0.325453 0.970359
0.326216 0.980821
0.341294 0.989068
0.342208 0.996823
0.357506 0.983457
0.372877 0.996516
0.374287 0.987066
0.380009 0.984730
0.401307 1.002999
0.401489 0.999238
0.428776 1.003675
0.422591 1.005697
0.433207 0.995440
0.440923 1.008761
0.461054 1.000683
0.471634 1.009997
0.478321 0.999353
0.495478 0.993683
0.503852 1.005999
0.516465 0.995281
0.510500 1.002005
0.524476 0.995305
0.547365 0.990742
0.551081 0.990228
0.570790 0.996761
0.569911 1.007320
0.576315 1.000543
0.600527 0.986337
0.607273 0.992340
0.613652 0.990608
0.610211 0.995350
0.635353 0.981524
0.635698 0.979673
0.641084 0.992772
0.654439 0.973864
0.667949 0.981790
0.688358 0.985015
0.691789 0.973242
0.708423 0.974971
0.718373 0.968984
0.725549 0.960583
0.720411 0.955524
0.745863 0.949956
0.747697 0.954622
0.756418 0.952561
0.760319 0.937737
0.770896 0.940791
0.786282 0.916002
0.796244 0.914015
0.799061 0.905654
0.816039 0.904923
0.833497 0.896481
0.848699 0.882023
0.839780 0.874204
0.863390 0.871264
0.863741 0.866297
0.882898 0.854544
0.895298 0.849760
0.909386 0.825087
0.916654 0.821627
0.924906 0.798837
0.932126 0.783962
0.931449 0.760506
0.946496 0.753418
0.956627 0.717076
0.966965 0.696117
0.978760 0.651546
0.992569 0.617054