-0.020737 0.864247
0.015622 0.875670
0.020478 0.873557
0.023975 0.862248
0.024269 0.875655
0.039529 0.892206
0.047924 0.901078
0.086082 0.881626
0.089580 0.917988
0.106825 0.916960
0.108298 0.907009
0.101294 0.901954
0.136845 0.926630
0.112468 0.925784
0.141919 0.941927
0.166656 0.940887
0.190351 0.946365
0.141481 0.932500
0.163388 0.957721
0.178950 0.944992
0.187268 0.931744
0.207506 0.968541
0.215636 0.952429
0.226431 0.959173
0.224499 0.969445
0.271520 0.951726
0.277333 0.947929
0.266160 0.980074
0.292956 0.971231
0.300278 0.955268
0.291468 0.966929
0.290607 0.994909
0.316247 0.980038
0.331049 0.985504
0.334953 0.985785
0.340113 0.997936
0.354107 0.983672
0.342191 0.980755
0.388422 0.973188
0.385261 0.968052
0.394235 0.983636
0.416403 0.972769
0.424817 1.000947
0.425828 0.997799
0.414726 1.006495
0.453059 0.983695
0.465878 0.980175
0.484084 0.996594
0.475908 0.997914
0.498350 0.982031
0.523048 1.000011
0.503906 1.000304
0.519842 1.018066
0.537102 1.016178
0.524174 1.010497
0.570805 0.994925
0.551189 0.984741
0.589234 0.986125
0.570443 0.988477
0.574104 0.978445
0.609396 1.005069
0.619544 0.980203
0.590563 0.995195
0.629940 0.984610
0.635932 0.996554
0.661085 0.982415
0.647241 0.979032
0.682916 0.978666
0.661958 1.001369
0.680345 0.970207
0.702362 0.966368
0.717266 0.969140
0.732867 0.980721
0.749474 0.948368
0.743662 0.976330
0.748962 0.961828
0.762623 0.941913
0.744232 0.946867
0.795977 0.934575
0.795179 0.915563
0.801449 0.904141
0.801977 0.919900
0.813073 0.922199
0.821114 0.915976
0.865495 0.897698
0.849362 0.870336
0.861436 0.871698
0.877316 0.846516
0.896578 0.848187
0.883120 0.839570
0.892048 0.837401
0.931247 0.798683
0.898500 0.792851
0.955080 0.780056
0.917700 0.750410
0.949759 0.718666
0.954279 0.728260
0.961127 0.690523
0.989760 0.667745
0.999800 0.620385