0.005339 0.846434
0.025381 0.885237
0.023759 0.877818
0.017906 0.873191
0.034676 0.880805
0.046485 0.893486
0.074401 0.905487
0.059621 0.914840
0.086869 0.919021
0.089169 0.913207
0.091269 0.919275
0.119672 0.913769
0.126054 0.925159
0.124006 0.929879
0.142697 0.922447
0.137575 0.933632
0.172983 0.934068
0.158563 0.957508
0.188864 0.955183
0.177347 0.960867
0.211709 0.931794
0.206451 0.938026
0.203383 0.949799
0.237062 0.973460
0.253716 0.960205
0.232613 0.953263
0.258532 0.979791
0.288049 0.976712
0.262242 0.968364
0.279153 0.984425
0.312573 0.989543
0.304049 0.992831
0.337272 0.964497
0.336723 0.965556
0.329536 0.978158
0.350662 0.972603
0.376704 0.996217
0.359137 0.998515
0.399309 0.976929
0.392038 0.998407
0.416171 0.980445
0.393829 0.987038
0.415524 1.008031
0.442615 0.983064
0.454929 0.981343
0.432767 0.997924
0.453892 1.015017
0.484852 1.014783
0.468161 1.013856
0.482019 0.987713
0.507549 0.983080
0.518967 0.986919
0.516189 1.011536
0.514894 1.013010
0.552666 1.008961
0.555563 0.980797
0.562752 1.009645
0.572222 0.999605
0.578966 1.000951
0.595242 0.996802
0.591098 0.976697
0.619135 0.988804
0.626600 1.003458
0.619371 0.972055
0.645540 0.977309
0.668623 0.965366
0.672703 0.990144
0.677776 0.980728
0.688607 0.980361
0.700253 0.982880
0.699333 0.954288
0.696581 0.968228
0.738633 0.954763
0.738116 0.953177
0.736950 0.970614
0.740964 0.946019
0.776050 0.928016
0.774015 0.955049
0.776827 0.934280
0.799193 0.936314
0.815975 0.907749
0.820659 0.919013
0.809478 0.910658
0.822319 0.900056
0.848977 0.894400
0.832722 0.895233
0.856611 0.858908
0.859877 0.844419
0.861697 0.863360
0.889607 0.838678
0.890862 0.829924
0.926787 0.819933
0.921940 0.809700
0.919999 0.791895
0.957829 0.751639
0.947084 0.761941
0.957213 0.707177
0.976899 0.690055
0.966763 0.673563
0.979539 0.623951