0.004667 0.874837
0.015450 0.880672
0.028494 0.883680
0.034435 0.884587
0.034577 0.879597
0.050463 0.896069
0.058587 0.898105
0.074353 0.895552
0.080363 0.903249
0.093198 0.909952
0.092980 0.902273
0.111448 0.914514
0.114452 0.911731
0.121077 0.924601
0.143466 0.932815
0.149928 0.932218
0.157682 0.925698
0.176453 0.928702
0.180972 0.937909
0.184878 0.937299
0.191698 0.958516
0.218334 0.958247
0.214878 0.947109
0.233810 0.958724
0.239683 0.968929
0.254073 0.963095
0.250448 0.963090
0.265111 0.977214
0.279395 0.980847
0.288167 0.980399
0.297747 0.980092
0.313525 0.968745
0.327354 0.987221
0.329433 0.972874
0.341169 0.974473
0.350675 0.993273
0.350350 0.982180
0.370934 0.982835
0.389973 0.991510
0.396424 0.994307
0.392502 0.993376
0.412160 0.988137
0.425948 0.996233
0.438021 0.996518
0.439473 1.004556
0.446849 0.994529
0.453594 0.991578
0.466513 1.001681
0.477640 0.991805
0.494473 1.001326
0.495691 0.994663
0.509918 1.005038
0.511775 0.996046
0.530743 1.000932
0.540672 0.993395
0.542067 0.999009
0.556511 0.994884
0.574987 0.994867
0.573488 0.992549
0.599361 0.992444
0.608418 0.997645
0.611858 0.999224
0.619193 0.981172
0.635054 0.988743
0.632899 0.987209
0.654221 0.984113
0.650175 0.977956
0.660656 0.976722
0.671165 0.980929
0.691417 0.972070
0.696917 0.970318
0.711733 0.970388
0.723925 0.964964
0.728114 0.953198
0.746629 0.954556
0.754486 0.939480
0.766658 0.949349
0.777648 0.927618
0.779894 0.924627
0.786407 0.932361
0.804442 0.914016
0.819476 0.912628
0.816768 0.913867
0.821191 0.906107
0.840379 0.895156
0.858006 0.883989
0.865509 0.876121
0.877418 0.857927
0.875907 0.844351
0.884251 0.834460
0.893492 0.833199
0.902772 0.814751
0.922634 0.807811
0.922005 0.780583
0.940093 0.773296
0.948529 0.749278
0.959903 0.723197
0.972435 0.698112
0.981265 0.661527
0.992844 0.610700