0.029534 0.844550
-0.019217 0.853860
0.035221 0.847324
0.057698 0.849490
0.056696 0.877912
0.083189 0.883577
0.054399 0.902891
0.102455 0.916050
0.097842 0.915185
0.118520 0.885445
0.118048 0.927453
0.104252 0.929707
0.133007 0.894525
0.141172 0.898995
0.148245 0.901469
0.131947 0.908164
0.134680 0.922583
0.163388 0.922160
0.148512 0.914838
0.191478 0.921390
0.211905 0.961519
0.221913 0.969894
0.220576 0.951548
0.230276 0.953844
0.249585 0.953768
0.279088 0.980618
0.248742 0.996556
0.291412 0.974436
0.287225 0.962244
0.308114 0.941409
0.279058 0.973679
0.312702 0.956798
0.316714 1.004031
0.361168 0.976098
0.307276 1.005936
0.327098 0.963587
0.372907 0.971069
0.368712 0.963901
0.374285 0.991100
0.390185 1.007056
0.388873 0.967405
0.433727 0.995470
0.435449 0.964689
0.399384 0.989671
0.448915 0.979737
0.433282 1.003399
0.449290 0.984061
0.501985 0.982240
0.461133 0.977502
0.482345 0.990517
0.497315 1.021864
0.490090 1.005236
0.552968 1.006309
0.544083 1.022282
0.537818 0.971602
0.570591 0.968057
0.572362 1.028162
0.569669 0.982241
0.577561 0.966827
0.593505 0.994349
0.616055 1.021844
0.608698 0.984727
0.589018 0.985048
0.657515 0.993288
0.617869 1.003279
0.654052 0.979398
0.686695 0.989065
0.669172 0.961058
0.711131 0.959927
0.720409 0.996179
0.690785 0.998357
0.732760 0.950861
0.688071 0.975696
0.717391 0.981834
0.745323 0.920182
0.775148 0.937704
0.778832 0.971582
0.792745 0.952424
0.802065 0.905441
0.813096 0.908396
0.797086 0.924929
0.821655 0.881840
0.815377 0.901554
0.826175 0.869307
0.870319 0.862067
0.854310 0.862910
0.875681 0.849867
0.867708 0.868720
0.869687 0.868228
0.916169 0.864971
0.875455 0.822581
0.885779 0.811129
0.890773 0.817610
0.958274 0.815346
0.910304 0.777460
0.971486 0.735023
0.988452 0.709575
0.971672 0.669920
0.992421 0.658077
0.965750 0.614535