-0.010440 0.871239
0.025242 0.856267
0.034331 0.865167
0.036073 0.870513
0.025117 0.879214
0.064511 0.889085
0.073887 0.902570
0.064466 0.900295
0.078767 0.903444
0.103098 0.916535
0.101877 0.895130
0.126619 0.904986
0.125083 0.904139
0.126336 0.909796
0.131744 0.943825
0.140713 0.928038
0.161233 0.940800
0.175252 0.928564
0.189458 0.957255
0.195465 0.930836
0.208920 0.954799
0.224421 0.966020
0.230826 0.953522
0.229891 0.970829
0.243285 0.952784
0.236057 0.967391
0.260569 0.966260
0.265873 0.955810
0.294644 0.987689
0.301762 0.984945
0.290404 0.984289
0.308442 0.989910
0.335933 0.972873
0.315954 0.990162
0.327973 0.981854
0.350851 0.993752
0.355912 0.973408
0.379470 0.991615
0.369114 0.984755
0.394388 0.991710
0.398698 1.006019
0.401868 0.985555
0.433994 1.007674
0.426536 0.995555
0.437396 0.990639
0.457325 0.985654
0.452744 0.984871
0.466886 0.984543
0.482249 1.009405
0.500935 1.003584
0.504501 1.000958
0.517644 0.995935
0.523489 1.010630
0.532672 0.991734
0.523505 1.008609
0.553121 0.983633
0.567200 0.986254
0.570673 1.003499
0.583271 1.007638
0.600202 0.990891
0.614692 0.979494
0.618076 0.979613
0.620910 0.974632
0.638655 1.000328
0.623484 0.996476
0.657843 0.994740
0.674624 0.983588
0.674525 0.968684
0.694377 0.959358
0.673873 0.975283
0.702548 0.975565
0.694082 0.960685
0.730423 0.955616
0.714938 0.968859
0.734450 0.950436
0.736694 0.938799
0.756889 0.929949
0.763721 0.947152
0.791197 0.934013
0.802724 0.924087
0.808510 0.933716
0.819577 0.899620
0.817501 0.891671
0.813509 0.882362
0.834486 0.878983
0.860421 0.885303
0.855044 0.883582
0.861170 0.849441
0.895010 0.867614
0.876520 0.823295
0.907466 0.819945
0.913343 0.821728
0.934805 0.812481
0.932643 0.767235
0.954705 0.760307
0.965673 0.744392
0.943520 0.715113
0.986320 0.702821
0.976388 0.676256
0.989662 0.611316