0.837838 2.901989
0.847838 2.898496
0.857838 2.894621
0.867838 2.890383
0.877838 2.885803
0.887838 2.880896
0.897838 2.875678
0.907838 2.870163
0.917838 2.864365
0.927838 2.858294
0.937838 2.851963
0.947838 2.845380
0.957838 2.838555
0.967838 2.831498
0.977838 2.824215
0.987838 2.816715
0.997838 2.809004
1.007838 2.801088
1.017838 2.792975
1.027838 2.784670
1.037838 2.776177
1.047838 2.767503
1.057838 2.758652
1.067838 2.749628
1.077838 2.740436
1.087838 2.731079
1.097838 2.721562
1.107838 2.711888
1.117838 2.702060
1.127838 2.692082
1.137838 2.681957
1.147838 2.671687
1.157838 2.661275
1.167838 2.650725
1.177838 2.640038
1.187838 2.629217
1.197838 2.618264
1.207838 2.607182
1.217838 2.595972
1.227838 2.584636
1.237838 2.573177
1.247838 2.561595
1.257838 2.549894
1.267838 2.538074
1.277838 2.526136
1.287838 2.514084
1.297838 2.501917
1.307838 2.489637
1.317838 2.477247
1.327838 2.464746
1.337838 2.452136
1.347838 2.439418
1.357838 2.426593
1.367838 2.413663
1.377838 2.400628
1.387838 2.387490
1.397838 2.374248
1.407838 2.360905
1.417838 2.347461
1.427838 2.333916
1.437838 2.320272
1.447838 2.306529
1.457838 2.292688
1.467838 2.278749
1.477838 2.264714
1.487838 2.250582
1.497838 2.236354
1.507838 2.222031
1.517838 2.207614
1.527838 2.193102
1.537838 2.178496
1.547838 2.163797
1.557838 2.149005
1.567838 2.134120
1.577838 2.119143
1.587838 2.104074
1.597838 2.088913
1.607838 2.073660
1.617838 2.058316
1.627838 2.042881
1.637838 2.027355
1.647838 2.011738
1.657838 1.996031
1.667838 1.980233
1.677838 1.964344
1.687838 1.948366
1.697838 1.932296
1.707838 1.916137
1.717838 1.899887
1.727838 1.883546
1.737838 1.867115
1.747838 1.850594
1.757838 1.833982
1.767838 1.817279
1.777838 1.800485
1.787838 1.783600
1.797838 1.766624
1.807838 1.749556
1.817838 1.732396
1.827838 1.715145
1.837838 1.697801
1.847838 1.680364
1.857838 1.662834
1.867838 1.645211
1.877838 1.627494
1.887838 1.609683
1.897838 1.591778
1.907838 1.573777
1.917838 1.555680
1.927838 1.537487
1.937838 1.519197
1.947838 1.500810
1.957838 1.482324
1.967838 1.463740
1.977838 1.445057
1.987838 1.426273
1.997838 1.407388
2.007838 1.388401
2.017838 1.369312
2.027838 1.350118
2.037838 1.330821
2.047838 1.311417
2.057838 1.291907
2.067838 1.272290
2.077838 1.252563
2.087838 1.232727
2.097838 1.212779
2.107838 1.192718
2.117838 1.172544
2.127838 1.152254
2.137838 1.131847
2.147838 1.111321
2.157838 1.090676
2.167838 1.069909
2.177838 1.049018
2.187838 1.028002
2.197838 1.006858
2.207838 0.985585
2.217838 0.964180
2.227838 0.942641
2.237838 0.920965
2.247838 0.899151
2.257838 0.877196
2.267838 0.855096
2.277838 0.832850
2.287838 0.810453
2.297838 0.787902
2.307838 0.765195
2.317838 0.742328
2.327838 0.719297
2.337838 0.696098
2.347838 0.672726
2.357838 0.649177
2.367838 0.625447
2.377838 0.601531
2.387838 0.577423
2.397838 0.553117
2.407838 0.528607
2.417838 0.503887

2.425341 -1.081078
2.415341 -1.073724
2.405341 -1.066156
2.395341 -1.058379
2.385341 -1.050399
2.375341 -1.042224
2.365341 -1.033858
2.355341 -1.025307
2.345341 -1.016576
2.335341 -1.007669
2.325341 -0.998590
2.315341 -0.989345
2.305341 -0.979936
2.295341 -0.970369
2.285341 -0.960645
2.275341 -0.950769
2.265341 -0.940743
2.255341 -0.930571
2.245341 -0.920256
2.235341 -0.909800
2.225341 -0.899205
2.215341 -0.888475
2.205341 -0.877612
2.195341 -0.866617
2.185341 -0.855494
2.175341 -0.844243
2.165341 -0.832868
2.155341 -0.821369
2.145341 -0.809749
2.135341 -0.798009
2.125341 -0.786151
2.115341 -0.774177
2.105341 -0.762088
2.095341 -0.749885
2.085341 -0.737569
2.075341 -0.725143
2.065341 -0.712607
2.055341 -0.699962
2.045341 -0.687210
2.035341 -0.674352
2.025341 -0.661388
2.015341 -0.648320
2.005341 -0.635148
1.995341 -0.621874
1.985341 -0.608499
1.975341 -0.595022
1.965341 -0.581446
1.955341 -0.567770
1.945341 -0.553995
1.935341 -0.540123
1.925341 -0.526153
1.915341 -0.512087
1.905341 -0.497924
1.895341 -0.483666
1.885341 -0.469313
1.875341 -0.454865
1.865341 -0.440323
1.855341 -0.425687
1.845341 -0.410958
1.835341 -0.396137
1.825341 -0.381222
1.815341 -0.366215
1.805341 -0.351117
1.795341 -0.335926
1.785341 -0.320644
1.775341 -0.305271
1.765341 -0.289807
1.755341 -0.274252
1.745341 -0.258606
1.735341 -0.242870
1.725341 -0.227043
1.715341 -0.211125
1.705341 -0.195117
1.695341 -0.179019
1.685341 -0.162831
1.675341 -0.146552
1.665341 -0.130182
1.655341 -0.113722
1.645341 -0.097172
1.635341 -0.080531
1.625341 -0.063799
1.615341 -0.046976
1.605341 -0.030062
1.595341 -0.013056
1.585341 0.004041
1.575341 0.021230
1.565341 0.038511
1.555341 0.055885
1.545341 0.073351
1.535341 0.090911
1.525341 0.108564
1.515341 0.126311
1.505341 0.144152
1.495341 0.162089
1.485341 0.180120
1.475341 0.198248
1.465341 0.216471
1.455341 0.234792
1.445341 0.253211
1.435341 0.271728
1.425341 0.290344
1.415341 0.309060
1.405341 0.327876
1.395341 0.346793
1.385341 0.365813
1.375341 0.384935
1.365341 0.404162
1.355341 0.423493
1.345341 0.442931
1.335341 0.462475
1.325341 0.482127
1.315341 0.501889
1.305341 0.521761
1.295341 0.541745
1.285341 0.561842
1.275341 0.582053
1.265341 0.602380
1.255341 0.622825
1.245341 0.643389
1.235341 0.664073
1.225341 0.684879
1.215341 0.705810
1.205341 0.726867
1.195341 0.748052
1.185341 0.769367
1.175341 0.790815
1.165341 0.812397
1.155341 0.834117
1.145341 0.855976
1.135341 0.877977
1.125341 0.900124
1.115341 0.922418
1.105341 0.944864
1.095341 0.967464
1.085341 0.990222
1.075341 1.013141
1.065341 1.036226
1.055341 1.059480
1.045341 1.082908
1.035341 1.106514
1.025341 1.130303
1.015341 1.154280
1.005341 1.178451
0.995341 1.202822
0.985341 1.227398
0.975341 1.252186
0.965341 1.277194
0.955341 1.302430
0.945341 1.327900
0.935341 1.353614
0.925341 1.379582
0.915341 1.405814
0.905341 1.432320
0.895341 1.459114
0.885341 1.486208
0.875341 1.513616
0.865341 1.541355
0.855341 1.569441
0.845341 1.597894
