-0.001620 0.862926
0.012132 0.876771
0.028668 0.870375
0.023891 0.888584
0.029604 0.891733
0.048920 0.893408
0.053551 0.894470
0.071288 0.901516
0.084402 0.898942
0.088024 0.896464
0.097092 0.906728
0.111996 0.921420
0.126644 0.919575
0.125760 0.924660
0.146822 0.918158
0.148409 0.941841
0.161011 0.930100
0.172159 0.938930
0.175777 0.931624
0.193818 0.943379
0.207373 0.945643
0.201112 0.947770
0.230204 0.945244
0.239706 0.951785
0.246998 0.951944
0.244088 0.967983
0.256973 0.970958
0.280930 0.968272
0.269497 0.976921
0.281490 0.969957
0.298777 0.973730
0.313841 0.979024
0.318576 0.976288
0.329747 0.985963
0.346814 0.995400
0.347846 0.987709
0.349270 0.996213
0.371232 0.988628
0.389368 0.988416
0.383519 0.987887
0.399767 0.989839
0.410068 0.992566
0.418690 0.995414
0.433269 0.993445
0.445040 0.988981
0.449739 1.000312
0.454064 0.995474
0.463329 1.003339
0.473170 1.008963
0.489491 0.989136
0.508109 0.998141
0.508026 0.996323
0.519904 1.004104
0.525736 1.000621
0.529833 1.009128
0.544376 0.990277
0.551981 0.988590
0.564839 1.003642
0.577482 0.989142
0.590014 0.996403
0.596362 1.003021
0.601529 0.984768
0.612690 0.992880
0.633527 0.980156
0.642392 0.976607
0.639538 0.991214
0.652032 0.974021
0.660846 0.979138
0.689943 0.971956
0.699832 0.974744
0.705944 0.977791
0.719355 0.963430
0.722641 0.968769
0.740135 0.967064
0.745101 0.955639
0.752009 0.948356
0.766408 0.948368
0.771459 0.947569
0.789339 0.926657
0.798653 0.929725
0.806429 0.929072
0.805196 0.909985
0.817790 0.914778
0.826362 0.888024
0.829210 0.895197
0.858276 0.881385
0.870435 0.865968
0.859370 0.862115
0.878651 0.843678
0.894916 0.843105
0.907247 0.823036
0.915130 0.816071
0.921872 0.803806
0.937795 0.792640
0.935307 0.770303
0.953520 0.752078
0.967826 0.724338
0.962002 0.697621
0.987605 0.663871
0.993525 0.608085
1.009970 0.504600
0.991433 0.362085
0.978651 0.320877
0.959430 0.278230
0.952969 0.229798
0.946820 0.212591
0.937400 0.181969
0.929454 0.135967
0.918003 0.123656
0.909068 0.106920
0.907444 0.062214
0.888173 0.048552
0.888076 0.030431
0.866473 -0.002090
0.850357 -0.016851
0.855132 -0.042222
0.843765 -0.040149
0.824069 -0.070594
0.823364 -0.075296
0.804790 -0.097899
0.793180 -0.122544
0.795761 -0.129356
0.779786 -0.154862
0.771632 -0.170558
0.752375 -0.172332
0.755890 -0.193401
0.746786 -0.217086
0.737154 -0.220569
0.726052 -0.230310
0.713382 -0.250639
0.709245 -0.269138
0.682723 -0.272603
0.670485 -0.290752
0.675279 -0.305074
0.663816 -0.312074
0.658316 -0.338501
0.640246 -0.355227
0.637643 -0.365353
0.622602 -0.373770
0.620786 -0.381246
0.593215 -0.384628
0.581468 -0.407360
0.587529 -0.421728
0.560050 -0.416066
0.557253 -0.440301
0.548389 -0.448047
0.533073 -0.464119
0.525466 -0.458448
0.519931 -0.480796
0.508299 -0.500022
0.491282 -0.500041
0.485095 -0.502176
0.471211 -0.513997
0.470483 -0.524949
0.456599 -0.528022
0.440645 -0.553181
0.429145 -0.563011
0.419754 -0.556685
0.422095 -0.578936
0.406716 -0.595779
0.404857 -0.592950
0.382863 -0.605565
0.372633 -0.608996
0.372633 -0.629071
0.351768 -0.617612
0.353173 -0.644677
0.345341 -0.652260
0.326773 -0.660318
0.312657 -0.653780
0.317784 -0.674081
0.303859 -0.673158
0.288992 -0.684210
0.274804 -0.694536
0.269430 -0.689309
0.266087 -0.706408
0.244839 -0.703185
0.238654 -0.724897
0.236457 -0.733643
0.216439 -0.732527
0.201907 -0.752166
0.200232 -0.750720
0.197664 -0.765311
0.183902 -0.757506
0.180830 -0.768098
0.170449 -0.774788
0.141081 -0.787951
0.144373 -0.780025
0.138505 -0.786857
0.109183 -0.808525
0.115779 -0.800352
0.094043 -0.802527
0.086346 -0.810105
0.070882 -0.821175
0.071567 -0.824002
0.050945 -0.845057
0.048799 -0.836374
0.044248 -0.849410
0.024256 -0.851217
0.025346 -0.849447
0.006649 -0.854719
0.004015 -0.872003
-0.019345 -0.867649
-0.023468 -0.871939
-0.028187 -0.881043
-0.034658 -0.882834
-0.060977 -0.888664
-0.069839 -0.894111
-0.077223 -0.888059
-0.085511 -0.901896
-0.099086 -0.918259
-0.106463 -0.904394
-0.112794 -0.909769
-0.115382 -0.909449
-0.126778 -0.925269
-0.140447 -0.925671
-0.157400 -0.929241
-0.167991 -0.931932
-0.174632 -0.932696
-0.174805 -0.943989
-0.200099 -0.946734
-0.210296 -0.945306
-0.217225 -0.948289
-0.209668 -0.965151
-0.238693 -0.952239
-0.244334 -0.953987
-0.246852 -0.957556
-0.266935 -0.962570
-0.278353 -0.960103
-0.288118 -0.976061
-0.295957 -0.981359
-0.310523 -0.968475
-0.313223 -0.986412
-0.330782 -0.987001
-0.334865 -0.976991
-0.347146 -0.978693
-0.345860 -0.985174
-0.356570 -0.980258
-0.363471 -0.986038
-0.375463 -0.989765
-0.393261 -0.986609
-0.391368 -1.002763
-0.401747 -0.995919
-0.419847 -0.994312
-0.432941 -0.993942
-0.443879 -1.003231
-0.449134 -1.008471
-0.458873 -1.003568
-0.462910 -1.009242
-0.490678 -0.996162
-0.494403 -0.993859
-0.496983 -0.996860
-0.507098 -0.996678
-0.516423 -0.993682
-0.540588 -1.005995
-0.540537 -1.004964
-0.540902 -0.999151
-0.558128 -1.002743
-0.574197 -0.993889
-0.582082 -1.006562
-0.598805 -0.986128
-0.609258 -0.992688
-0.617937 -0.981565
-0.629786 -0.999203
-0.637034 -0.997649
-0.635579 -0.981113
-0.650131 -0.980351
-0.649048 -0.985205
-0.672900 -0.980769
-0.685361 -0.977436
-0.684153 -0.960864
-0.689356 -0.966198
-0.716987 -0.956280
-0.723629 -0.950040
-0.741087 -0.958974
-0.744113 -0.950116
-0.742228 -0.953047
-0.752087 -0.932805
-0.758956 -0.931240
-0.783027 -0.928487
-0.790907 -0.917512
-0.791402 -0.924407
-0.803825 -0.909236
-0.825690 -0.912374
-0.824552 -0.890403
-0.846594 -0.896846
-0.845103 -0.870285
-0.853357 -0.865789
-0.880483 -0.869368
-0.889431 -0.847383
-0.893246 -0.835034
-0.903782 -0.818459
-0.918824 -0.819447
-0.925715 -0.794935
-0.930658 -0.792604
-0.933594 -0.769489
-0.954178 -0.744835
-0.959107 -0.727804
-0.978000 -0.693986
-0.990506 -0.659273
-0.992663 -0.616506
-1.002124 -0.506156
-0.982687 -0.367826
-0.989936 -0.314236
-0.961669 -0.275050
-0.952851 -0.226765
-0.943243 -0.211472
-0.939144 -0.170148
-0.924410 -0.149047
-0.922041 -0.118296
-0.907913 -0.088094
-0.906197 -0.067045
-0.894878 -0.042266
-0.882751 -0.018353
-0.876788 -0.015830
-0.858927 0.004311
-0.847603 0.034733
-0.832393 0.044841
-0.828015 0.077019
-0.821083 0.089940
-0.801770 0.110610
-0.806146 0.129582
-0.782302 0.141474
-0.776394 0.162687
-0.762464 0.170283
-0.759881 0.181951
-0.748091 0.189333
-0.730094 0.206684
-0.737202 0.236162
-0.726981 0.244926
-0.700816 0.250689
-0.705461 0.263092
-0.685986 0.284043
-0.686600 0.302137
-0.664124 0.309260
-0.653950 0.329635
-0.655590 0.332328
-0.633830 0.339892
-0.624321 0.351137
-0.614476 0.373206
-0.615392 0.384206
-0.589443 0.396864
-0.587576 0.409233
-0.577764 0.417564
-0.576509 0.429210
-0.559374 0.446712
-0.539475 0.452904
-0.548358 0.467633
-0.522806 0.460004
-0.512672 0.474372
-0.507419 0.500687
-0.499876 0.494869
-0.488129 0.498839
-0.490971 0.517290
-0.466126 0.520754
-0.457202 0.542894
-0.460811 0.558930
-0.435846 0.557680
-0.431552 0.575132
-0.426809 0.584353
-0.420306 0.575916
-0.394482 0.604403
-0.379844 0.594494
-0.382147 0.603923
-0.361440 0.627003
-0.362130 0.618034
-0.345978 0.637732
-0.349612 0.635934
-0.338260 0.651794
-0.321331 0.662494
-0.304450 0.676376
-0.290502 0.677798
-0.293248 0.692874
-0.290966 0.694141
-0.270415 0.690189
-0.255159 0.703709
-0.253098 0.706176
-0.234265 0.719019
-0.219770 0.725087
-0.217656 0.732953
-0.208583 0.749093
-0.205316 0.747041
-0.191840 0.748757
-0.177516 0.764339
-0.165555 0.761651
-0.163688 0.776748
-0.160977 0.783725
-0.130394 0.798294
-0.125411 0.803524
-0.126097 0.798071
-0.109034 0.816289
-0.095380 0.814965
-0.079216 0.820359
-0.078401 0.832995
-0.073128 0.832967
-0.053282 0.831831
-0.060720 0.829758
-0.050883 0.840264
-0.031877 0.849049
-0.027521 0.866785
-0.007043 0.869734