-0.007941 0.850664
0.016237 0.870027
0.028270 0.874378
0.020679 0.862853
0.022494 0.873486
0.070912 0.891012
0.082670 0.880976
0.066929 0.900860
0.063040 0.904507
0.078993 0.899807
0.121682 0.929397
0.125933 0.909021
0.120652 0.913769
0.133292 0.910654
0.131106 0.938180
0.170092 0.926435
0.149591 0.950827
0.175415 0.913423
0.181774 0.945534
0.193925 0.948271
0.202502 0.962306
0.212489 0.938428
0.197422 0.939130
0.229384 0.952205
0.258064 0.962958
0.260074 0.966300
0.259013 0.957888
0.263311 0.968913
0.248283 0.976148
0.281664 0.987349
0.284163 0.974152
0.328986 0.979678
0.322580 0.970125
0.326468 0.994304
0.343119 0.985533
0.359362 1.002610
0.365779 1.005567
0.342576 0.997781
0.413842 0.995113
0.386942 0.993316
0.419298 1.011777
0.403826 0.988065
0.397477 0.987954
0.451820 1.006896
0.465010 0.989812
0.438639 1.006347
0.464510 1.023902
0.436031 0.984169
0.500643 1.008014
0.497520 1.024287
0.508882 0.974749
0.511618 0.991855
0.506872 0.988367
0.519905 0.995414
0.521661 0.993499
0.565682 1.011095
0.554111 0.976779
0.591059 0.990710
0.574345 0.971961
0.608303 0.983015
0.594406 0.976079
0.605384 1.012390
0.622068 0.959152
0.637242 0.991057
0.616294 0.984769
0.645854 0.973026
0.673013 0.973996
0.679567 0.979697
0.695999 0.968835
0.707548 0.967758
0.705515 0.973496
0.691834 0.982645
0.739302 0.974838
0.729173 0.949040
0.726799 0.946402
0.721158 0.917168
0.772381 0.947615
0.774546 0.928276
0.758287 0.943004
0.784857 0.931414
0.790492 0.916360
0.806664 0.899720
0.823167 0.918803
0.849204 0.909022
0.834517 0.882463
0.824847 0.891915
0.873789 0.878343
0.857236 0.847892
0.882337 0.836341
0.884861 0.836320
0.906647 0.827261
0.914269 0.797012
0.936785 0.812043
0.934676 0.789536
0.949826 0.770141
0.947542 0.746134
0.942232 0.731754
1.003507 0.711085
0.989306 0.661845
1.003440 0.609591
0.990263 0.511521
0.995251 0.372326
0.969888 0.282690
0.985864 0.283766
0.953367 0.256827
0.952933 0.205156
0.961539 0.155330
0.924579 0.145313
0.905040 0.117226
0.917873 0.080148
0.893866 0.095196
0.911864 0.043113
0.908528 0.027204
0.860841 0.014215
0.862341 -0.017506
0.855061 -0.043053
0.804476 -0.072740
0.836743 -0.076934
0.829182 -0.089483
0.803092 -0.094676
0.770684 -0.122882
0.769357 -0.109273
0.796471 -0.149715
0.765928 -0.162197
0.749244 -0.186079
0.729642 -0.190475
0.726454 -0.213988
0.743479 -0.222101
0.729073 -0.234122
0.690197 -0.262635
0.702283 -0.275270
0.694333 -0.268465
0.663712 -0.287269
0.677514 -0.332688
0.668215 -0.309478
0.652921 -0.318728
0.647005 -0.329314
0.617537 -0.373236
0.616614 -0.375716
0.611125 -0.375387
0.601202 -0.376604
0.583236 -0.393617
0.590585 -0.389942
0.558323 -0.436248
0.566485 -0.433702
0.542298 -0.451163
0.538591 -0.488648
0.528550 -0.476367
0.507717 -0.467514
0.511785 -0.492704
0.508163 -0.468591
0.509621 -0.511786
0.516723 -0.506079
0.486647 -0.552765
0.466949 -0.541479
0.435952 -0.535049
0.430641 -0.559773
0.435226 -0.569049
0.408711 -0.573304
0.444976 -0.586727
0.394686 -0.611695
0.394238 -0.590400
0.388099 -0.636164
0.363467 -0.626078
0.365971 -0.589158
0.385567 -0.647056
0.335085 -0.644132
0.324638 -0.658089
0.331548 -0.630986
0.295318 -0.671880
0.305650 -0.671417
0.292833 -0.667738
0.292949 -0.716280
0.259073 -0.716720
0.259730 -0.689618
0.252803 -0.715344
0.240464 -0.712336
0.219436 -0.723333
0.227908 -0.740982
0.207537 -0.727876
0.190346 -0.772336
0.186566 -0.758871
0.171084 -0.782191
0.180400 -0.763093
0.173983 -0.772907
0.155921 -0.768673
0.171659 -0.780244
0.122661 -0.795750
0.123147 -0.816469
0.098031 -0.788500
0.077423 -0.792283
0.076073 -0.808628
0.069885 -0.818949
0.038442 -0.818200
0.058377 -0.813795
0.070843 -0.821286
0.037514 -0.849375
0.011889 -0.855922
0.002370 -0.856621
0.012860 -0.872317
-0.026933 -0.860146
-0.004013 -0.867489
-0.023238 -0.874350
-0.027101 -0.879503
-0.039739 -0.896059
-0.054150 -0.890673
-0.073129 -0.895276
-0.057067 -0.899273
-0.076067 -0.916972
-0.059746 -0.904127
-0.092995 -0.908711
-0.102671 -0.898669
-0.108939 -0.917198
-0.125828 -0.944256
-0.127227 -0.907221
-0.147174 -0.921962
-0.166778 -0.924537
-0.181991 -0.939958
-0.178720 -0.938785
-0.180652 -0.950459
-0.197223 -0.937740
-0.202781 -0.956898
-0.214874 -0.954440
-0.213932 -0.969308
-0.235078 -0.948450
-0.238098 -0.950888
-0.251443 -0.955913
-0.268666 -0.973432
-0.273561 -0.969924
-0.275098 -1.004467
-0.299525 -0.975892
-0.297791 -0.963589
-0.320541 -0.980565
-0.321338 -0.992199
-0.346823 -0.982495
-0.342796 -0.995900
-0.349697 -0.995389
-0.387314 -0.999012
-0.360325 -0.989266
-0.383257 -1.022559
-0.382024 -0.993077
-0.420854 -0.996180
-0.419534 -0.963875
-0.453664 -0.982658
-0.445160 -1.012215
-0.421729 -0.987622
-0.469229 -1.009459
-0.480385 -1.000207
-0.497834 -1.011563
-0.463738 -1.011753
-0.507852 -0.978773
-0.531831 -1.007761
-0.513550 -0.997680
-0.504321 -0.969347
-0.538790 -1.000646
-0.533669 -1.011657
-0.568869 -1.027348
-0.586907 -0.985485
-0.590210 -0.978780
-0.594798 -0.987722
-0.611537 -0.967927
-0.627104 -0.993382
-0.616248 -0.955897
-0.622890 -0.991241
-0.650912 -0.988753
-0.637075 -0.981463
-0.657053 -0.969687
-0.681295 -0.977934
-0.684088 -0.986823
-0.708663 -0.989895
-0.699661 -0.959821
-0.710319 -0.957042
-0.721998 -0.959488
-0.731589 -0.947746
-0.738573 -0.963586
-0.738166 -0.952109
-0.764182 -0.951626
-0.794953 -0.935238
-0.777228 -0.915821
-0.791506 -0.888698
-0.811387 -0.924371
-0.821891 -0.914361
-0.840539 -0.898810
-0.822908 -0.891556
-0.833654 -0.917845
-0.893717 -0.861353
-0.861214 -0.872171
-0.895225 -0.863401
-0.885214 -0.856987
-0.890476 -0.843719
-0.878014 -0.828517
-0.902208 -0.800364
-0.918211 -0.776188
-0.937134 -0.780190
-0.949442 -0.791479
-0.954657 -0.751763
-0.947602 -0.736322
-0.943327 -0.678736
-0.950263 -0.660555
-0.990282 -0.641261
-0.984606 -0.516672
-1.018160 -0.352147
-0.978318 -0.323455
-0.948576 -0.268470
-0.967979 -0.230109
-0.950094 -0.197700
-0.949182 -0.189304
-0.932098 -0.156486
-0.914639 -0.126660
-0.911993 -0.080121
-0.902503 -0.081295
-0.884954 -0.070736
-0.881367 -0.040450
-0.865912 0.001714
-0.858786 0.029076
-0.845525 0.028980
-0.832695 0.048040
-0.833123 0.068973
-0.796572 0.104976
-0.816298 0.097358
-0.777653 0.120032
-0.800846 0.121734
-0.772807 0.141828
-0.770190 0.168297
-0.768806 0.177628
-0.764594 0.169237
-0.748787 0.218477
-0.731913 0.212734
-0.738822 0.241841
-0.702746 0.255875
-0.718656 0.269629
-0.678546 0.274732
-0.678404 0.328202
-0.663734 0.325804
-0.654098 0.293275
-0.645986 0.352647
-0.648568 0.342029
-0.604586 0.347120
-0.634344 0.366104
-0.630826 0.397112
-0.615815 0.385048
-0.562129 0.394888
-0.576669 0.434679
-0.566992 0.457240
-0.565769 0.448657
-0.555101 0.439239
-0.521280 0.469631
-0.536250 0.460999
-0.509431 0.495708
-0.522688 0.480431
-0.505198 0.498278
-0.520209 0.515756
-0.478106 0.532443
-0.479644 0.535920
-0.474141 0.536141
-0.447656 0.522543
-0.413549 0.570432
-0.427396 0.571869
-0.420978 0.561123
-0.405309 0.584912
-0.404838 0.586482
-0.402081 0.593770
-0.393115 0.607836
-0.349647 0.635112
-0.356431 0.648156
-0.344203 0.624932
-0.332829 0.651113
-0.323946 0.655973
-0.336803 0.670212
-0.313643 0.684917
-0.271758 0.675056
-0.279176 0.671942
-0.275817 0.678166
-0.256817 0.687939
-0.253511 0.697661
-0.241086 0.713291
-0.220959 0.735514
-0.221467 0.729703
-0.256648 0.726607
-0.215720 0.749722
-0.230193 0.744263
-0.183161 0.747531
-0.181696 0.778205
-0.172991 0.743390
-0.174447 0.753549
-0.143122 0.793255
-0.149188 0.766184
-0.113210 0.799416
-0.126148 0.804575
-0.107829 0.799971
-0.088921 0.799677
-0.101969 0.808900
-0.078703 0.808181
-0.073118 0.828571
-0.050696 0.845857
-0.042124 0.841135
-0.049462 0.846357
-0.056652 0.853213
-0.004231 0.881817
0.003755 0.850035