-0.015124 0.899913
-0.045953 0.940026
0.022621 0.868642
0.043746 0.954661
-0.012076 0.898638
0.013567 0.892739
0.081155 0.911527
0.073917 0.930067
0.093792 0.921958
0.079091 0.955093
0.068375 0.927085
0.073800 0.878335
0.086471 0.930817
0.153393 0.917603
0.072889 0.984586
0.122436 0.991734
0.185345 0.922376
0.139278 0.929664
0.163437 0.977104
0.189764 0.985578
0.230709 0.924512
0.214824 0.943455
0.181403 0.996496
0.248274 0.960983
0.277549 1.019146
0.259811 0.962791
0.291619 0.948736
0.284161 1.016932
0.276051 0.960782
0.299861 0.982768
0.309309 0.993261
0.303192 1.002086
0.365379 0.942103
0.336278 0.988580
0.327556 1.013971
0.320099 0.970055
0.351675 1.029324
0.378461 0.947420
0.386332 0.925198
0.330841 0.995734
0.375687 1.011984
0.402029 1.011585
0.410974 0.960773
0.390958 1.026658
0.536660 1.019647
0.434708 0.972963
0.453387 0.966751
0.521445 1.025839
0.495567 0.968585
0.483423 0.994720
0.435420 0.948751
0.518901 0.979003
0.571610 1.002667
0.601149 0.943155
0.522816 0.991110
0.569537 0.997310
0.522873 1.037953
0.573635 1.006406
0.580233 0.952986
0.585540 0.985255
0.572873 0.985051
0.579244 0.961900
0.640350 0.981532
0.690428 1.047743
0.630130 0.982925
0.686887 0.986649
0.633866 0.960892
0.737671 1.012811
0.659124 1.035969
0.663001 0.990656
0.694515 0.993842
0.779384 0.972579
0.713781 0.956649
0.764153 0.931333
0.703466 0.991302
0.817379 0.932247
0.785459 0.919160
0.838645 1.000908
0.714026 0.953882
0.810374 0.852534
0.798195 0.897329
0.801035 0.897021
0.819699 0.877124
0.811870 0.930491
0.803900 0.847097
0.902081 0.915733
0.839391 0.859201
0.864610 0.899758
0.882690 0.861391
0.892704 0.820669
0.899329 0.764513
0.839009 0.779784
0.922340 0.755864
0.946637 0.804629
0.967208 0.657792
0.964730 0.755045
0.962301 0.708037
0.961238 0.704921
0.992220 0.692194
0.967717 0.625221
1.033952 0.490223
1.022965 0.374211
0.977780 0.300255
0.967013 0.305243
0.944213 0.265614
0.991528 0.173239
0.997578 0.168967
0.935702 0.197016
0.893007 0.083050
0.910583 0.066053
0.898240 0.050149
0.906339 0.039298
0.882358 -0.038978
0.873503 -0.012250
0.847014 0.018399
0.801760 -0.089648
0.844046 -0.034300
0.851231 -0.041483
0.862383 -0.037711
0.807340 -0.085255
0.832521 -0.081720
0.828599 -0.153365
0.815328 -0.149853
0.722292 -0.151391
0.781652 -0.200798
0.752717 -0.177310
0.731609 -0.241174
0.776245 -0.248213
0.762130 -0.281053
0.724813 -0.290653
0.684147 -0.272650
0.662867 -0.276860
0.733778 -0.347595
0.654680 -0.194172
0.698548 -0.342560
0.616621 -0.330966
0.676157 -0.365453
0.610943 -0.385898
0.640491 -0.385005
0.604026 -0.370981
0.574875 -0.384164
0.556437 -0.429437
0.512019 -0.403191
0.649551 -0.429474
0.581495 -0.482149
0.518397 -0.415906
0.541945 -0.464934
0.524351 -0.451886
0.521496 -0.420431
0.506541 -0.477276
0.468593 -0.489910
0.504226 -0.511095
0.463914 -0.560516
0.506429 -0.610023
0.499288 -0.514509
0.473583 -0.580970
0.475510 -0.577057
0.401985 -0.567610
0.484696 -0.578505
0.411484 -0.527208
0.406094 -0.515236
0.350938 -0.616253
0.333136 -0.611776
0.324391 -0.591484
0.327650 -0.632939
0.281120 -0.647104
0.334262 -0.627837
0.351211 -0.692553
0.351512 -0.727550
0.329832 -0.658000
0.358533 -0.691456
0.278922 -0.676805
0.296092 -0.674560
0.261231 -0.781476
0.270807 -0.687654
0.142375 -0.766339
0.183569 -0.702447
0.276487 -0.731232
0.215829 -0.657228
0.231023 -0.757065
0.192580 -0.789711
0.182692 -0.747193
0.076942 -0.721523
0.161363 -0.722249
0.174414 -0.781539
0.095993 -0.847045
0.123635 -0.804478
0.068753 -0.793420
0.175379 -0.820234
0.095515 -0.832018
0.049483 -0.794073
0.005292 -0.793215
0.149339 -0.839705
0.081925 -0.839909
0.020935 -0.806553
0.045845 -0.836653
0.041319 -0.860535
0.029031 -0.852721
0.046920 -0.828734
0.031769 -0.879258
0.034496 -0.878108
-0.057153 -0.849755
0.007954 -0.917573
-0.021247 -0.843702
-0.024017 -0.843872
-0.045778 -0.847161
-0.105104 -0.972895
-0.050150 -0.880555
-0.054226 -0.881440
-0.085562 -0.906896
-0.061636 -0.929530
-0.121869 -0.886854
-0.081309 -0.923337
-0.047877 -0.950878
-0.130565 -0.933283
-0.167034 -0.897208
-0.133241 -0.924636
-0.114461 -0.942957
-0.140099 -0.961321
-0.186982 -0.966401
-0.229401 -0.900928
-0.222546 -0.990432
-0.176546 -1.005273
-0.199584 -0.966627
-0.254708 -1.006594
-0.229224 -0.951894
-0.273031 -1.041818
-0.338680 -0.986940
-0.246158 -0.934653
-0.241882 -0.978049
-0.335848 -0.970284
-0.311624 -0.975001
-0.380014 -0.948328
-0.361073 -0.931281
-0.338838 -1.034303
-0.381683 -1.012071
-0.461310 -0.986278
-0.367695 -1.000466
-0.402183 -0.944866
-0.361878 -0.965426
-0.415602 -1.033786
-0.397930 -0.964175
-0.480769 -0.985272
-0.432442 -0.944590
-0.447098 -0.970639
-0.388803 -0.969369
-0.481006 -0.972455
-0.448796 -1.024052
-0.466290 -1.012529
-0.496379 -1.017620
-0.565381 -0.957956
-0.508178 -0.973397
-0.513075 -1.002155
-0.585683 -0.986058
-0.601020 -1.026391
-0.577158 -1.034019
-0.548536 -1.003678
-0.558050 -1.027772
-0.624477 -1.031042
-0.562336 -1.016280
-0.567786 -1.020210
-0.654345 -1.033148
-0.662459 -0.961687
-0.697836 -1.015693
-0.689276 -0.964535
-0.666702 -0.968399
-0.609980 -0.961284
-0.729724 -0.996271
-0.670200 -0.858860
-0.698561 -0.973788
-0.696206 -1.002628
-0.674297 -0.928510
-0.698603 -1.002004
-0.753817 -0.882708
-0.712911 -0.956907
-0.717000 -1.022523
-0.769362 -1.000726
-0.761150 -0.881102
-0.768213 -0.997665
-0.780709 -0.983548
-0.748941 -0.907265
-0.812443 -0.873883
-0.819703 -0.892820
-0.800346 -0.845576
-0.849712 -0.896439
-0.855044 -0.886882
-0.871178 -0.878403
-0.888278 -0.859174
-0.886399 -0.881533
-0.925737 -0.831485
-0.876054 -0.789915
-0.901721 -0.841451
-0.898532 -0.760630
-0.911822 -0.766870
-0.953614 -0.789836
-0.911252 -0.753957
-0.975643 -0.732769
-0.978600 -0.681463
-0.957727 -0.651066
-0.954098 -0.629976
-1.012427 -0.535821
-0.930936 -0.412788
-0.997995 -0.273357
-0.994673 -0.293832
-0.990249 -0.235862
-0.936479 -0.202040
-1.035390 -0.166184
-0.953281 -0.130093
-0.935825 -0.114468
-0.888554 -0.064548
-0.857020 -0.078526
-0.832535 -0.097275
-0.912617 -0.064147
-0.831552 0.027450
-0.845328 0.033501
-0.791881 0.008981
-0.805518 0.095267
-0.785874 0.021708
-0.842876 0.103305
-0.786902 0.106398
-0.729847 0.095921
-0.792021 0.119777
-0.748226 0.133223
-0.747743 0.175680
-0.745813 0.197242
-0.804806 0.172277
-0.756803 0.208980
-0.746842 0.229267
-0.725944 0.258747
-0.699303 0.241597
-0.746894 0.219442
-0.683480 0.279048
-0.672190 0.283449
-0.614103 0.357167
-0.726165 0.307151
-0.628474 0.359974
-0.638454 0.357954
-0.713039 0.404512
-0.642286 0.337797
-0.622337 0.374315
-0.530392 0.511822
-0.593154 0.396582
-0.576709 0.395928
-0.580276 0.469712
-0.554025 0.410882
-0.534279 0.409860
-0.617034 0.430785
-0.564992 0.442785
-0.594065 0.451512
-0.556353 0.522767
-0.483787 0.492853
-0.494662 0.545403
-0.483882 0.513585
-0.483255 0.521552
-0.466230 0.557805
-0.455703 0.551656
-0.509607 0.557452
-0.381311 0.545727
-0.395286 0.533921
-0.416768 0.565308
-0.400361 0.545812
-0.385438 0.579229
-0.412719 0.639479
-0.414929 0.624939
-0.401594 0.644338
-0.378261 0.682432
-0.337244 0.647657
-0.266202 0.653835
-0.266540 0.640701
-0.213515 0.739993
-0.306621 0.620200
-0.289399 0.671478
-0.278403 0.699485
-0.249334 0.676008
-0.275056 0.736120
-0.256598 0.713332
-0.181581 0.749557
-0.206010 0.737304
-0.205881 0.701604
-0.233988 0.763128
-0.189990 0.721517
-0.174444 0.662128
-0.161105 0.706351
-0.190734 0.744180
-0.182083 0.736477
-0.166156 0.755710
-0.180777 0.797512
-0.124060 0.731018
-0.083802 0.775793
-0.103742 0.805753
-0.129264 0.813415
-0.068017 0.803594
-0.058892 0.784837
-0.077361 0.886723
-0.090313 0.782079
-0.079036 0.816805
-0.021503 0.877927
-0.032680 0.843943
-0.016370 0.836061
-0.016730 0.878998