-0.006441 0.883556
0.020984 0.859799
0.018530 0.885201
0.046896 0.866977
0.046941 0.910021
0.049968 0.875386
0.057062 0.908944
0.067810 0.908145
0.086029 0.916000
0.088944 0.930778
0.096354 0.905342
0.118697 0.905192
0.119484 0.925184
0.136442 0.934281
0.141881 0.933317
0.157523 0.950980
0.155211 0.950941
0.185739 0.927846
0.150903 0.949727
0.185196 0.950349
0.193037 0.962541
0.204045 0.957220
0.213385 0.946048
0.223697 0.954591
0.239311 0.966649
0.260004 0.963473
0.268104 0.973028
0.270975 0.973812
0.291192 0.960456
0.298452 0.965615
0.305654 0.969486
0.307877 0.984841
0.325377 0.982784
0.332045 0.984249
0.342595 0.984945
0.339658 0.980970
0.354965 1.006000
0.371822 0.986914
0.367108 0.971209
0.380780 1.008246
0.392883 0.991246
0.395546 0.991252
0.425439 1.001671
0.436333 1.009305
0.414732 0.999877
0.444709 1.000334
0.460371 0.993889
0.467558 1.001341
0.488675 0.979135
0.500923 1.001160
0.495128 0.980199
0.506183 1.014844
0.509079 0.984552
0.529134 0.991936
0.545904 1.013701
0.559169 0.979132
0.540788 0.994058
0.582698 1.002320
0.560508 0.989977
0.577353 0.975240
0.593656 0.986899
0.607774 0.998051
0.611617 0.997784
0.640056 0.973084
0.660034 0.986936
0.667964 0.977374
0.672800 0.976593
0.655860 0.978411
0.692737 0.982894
0.690614 0.966603
0.696974 0.986935
0.715013 0.962350
0.734383 0.977613
0.716215 0.953397
0.731792 0.967505
0.767417 0.941150
0.756944 0.927159
0.767129 0.946302
0.777516 0.936708
0.775476 0.945021
0.800985 0.899711
0.812318 0.914436
0.815943 0.893990
0.818228 0.895988
0.845369 0.879617
0.854241 0.882455
0.859263 0.858628
0.869409 0.862211
0.882348 0.846827
0.891871 0.849699
0.909433 0.817283
0.920330 0.823757
0.924249 0.808923
0.912772 0.796237
0.921249 0.765238
0.968836 0.760390
0.965683 0.708903
0.968884 0.699673
0.979943 0.664960
0.981596 0.634299
0.990663 0.502940
0.995789 0.385589
0.988944 0.331294
0.948384 0.247508
0.959211 0.255233
0.968406 0.209094
0.954509 0.201100
0.944984 0.127864
0.934625 0.132234
0.923900 0.095603
0.897414 0.081089
0.898008 0.038538
0.884452 0.025827
0.872581 0.010507
0.867217 -0.007905
0.850127 -0.016456
0.836927 -0.048371
0.828023 -0.069573
0.830654 -0.096383
0.811905 -0.101290
0.796532 -0.123179
0.786092 -0.128424
0.788203 -0.133102
0.765871 -0.159730
0.761844 -0.175300
0.740137 -0.196734
0.754679 -0.204496
0.742176 -0.214396
0.727966 -0.242262
0.711297 -0.277968
0.703159 -0.263349
0.680263 -0.290136
0.675600 -0.301878
0.688218 -0.303481
0.667674 -0.321357
0.637283 -0.345976
0.639250 -0.350760
0.613063 -0.353063
0.621424 -0.398647
0.621064 -0.390697
0.599598 -0.404480
0.591803 -0.419190
0.579062 -0.411119
0.555499 -0.429499
0.561979 -0.451745
0.558242 -0.439585
0.541754 -0.459450
0.545471 -0.453006
0.529387 -0.485296
0.522405 -0.491944
0.502264 -0.477564
0.500529 -0.509378
0.478309 -0.525942
0.463751 -0.548392
0.457033 -0.530884
0.454283 -0.552466
0.430816 -0.554024
0.427070 -0.563282
0.440776 -0.563826
0.407804 -0.574129
0.411038 -0.592869
0.398609 -0.600511
0.345079 -0.601415
0.365123 -0.615318
0.379052 -0.639831
0.349385 -0.627282
0.340772 -0.635667
0.332750 -0.650044
0.322964 -0.670787
0.308119 -0.670647
0.306521 -0.674150
0.292343 -0.680204
0.269161 -0.681043
0.257597 -0.720266
0.252463 -0.704482
0.268711 -0.706615
0.229272 -0.715177
0.212879 -0.738902
0.233130 -0.745456
0.192831 -0.755394
0.192030 -0.752341
0.173265 -0.748842
0.191301 -0.760093
0.151915 -0.756385
0.154737 -0.778547
0.146242 -0.785000
0.160826 -0.792393
0.156123 -0.793459
0.126585 -0.796808
0.108510 -0.805559
0.109541 -0.797802
0.081943 -0.828022
0.062667 -0.818008
0.057200 -0.811463
0.059647 -0.837433
0.032569 -0.845134
0.053208 -0.857486
0.047891 -0.854976
0.022130 -0.845208
0.015463 -0.870349
-0.004267 -0.871835
-0.017479 -0.881827
-0.021658 -0.885033
-0.034798 -0.879289
-0.064783 -0.883473
-0.048645 -0.887109
-0.046166 -0.889194
-0.058877 -0.902360
-0.092299 -0.901387
-0.081638 -0.906722
-0.097390 -0.924462
-0.115790 -0.910497
-0.137340 -0.922571
-0.133266 -0.917328
-0.138927 -0.923955
-0.147298 -0.933433
-0.159031 -0.952279
-0.164817 -0.945175
-0.188531 -0.948985
-0.187762 -0.939787
-0.212199 -0.943911
-0.196455 -0.936995
-0.221702 -0.945746
-0.240093 -0.963146
-0.252207 -0.951392
-0.239657 -0.968477
-0.244168 -0.955796
-0.267317 -0.964118
-0.265310 -0.970131
-0.280474 -0.978145
-0.295076 -0.968632
-0.306951 -0.969635
-0.335599 -0.975789
-0.324554 -0.958370
-0.341652 -0.992852
-0.344919 -0.974417
-0.360693 -0.995232
-0.366894 -1.004121
-0.369719 -0.993742
-0.389944 -0.986761
-0.401986 -0.991812
-0.395577 -0.981498
-0.433939 -0.990254
-0.412345 -1.006665
-0.448798 -0.993261
-0.444454 -1.008517
-0.452016 -0.989055
-0.477210 -1.007061
-0.482657 -1.000288
-0.494496 -1.002051
-0.490500 -1.004029
-0.516844 -1.021639
-0.503393 -1.012086
-0.522976 -1.002139
-0.537399 -0.986831
-0.537930 -1.000498
-0.551201 -0.990832
-0.567376 -0.991120
-0.575908 -1.007596
-0.584855 -1.010399
-0.610562 -1.001162
-0.621060 -0.988807
-0.613813 -0.987498
-0.639538 -0.991112
-0.629436 -0.985416
-0.642150 -0.995825
-0.648040 -0.973320
-0.657958 -0.982735
-0.675297 -0.975229
-0.701251 -0.956257
-0.689853 -0.967880
-0.710507 -0.953536
-0.724049 -0.965628
-0.731931 -0.965098
-0.728790 -0.934333
-0.741428 -0.950471
-0.796020 -0.934084
-0.776520 -0.940031
-0.769082 -0.925203
-0.795013 -0.947089
-0.788517 -0.928148
-0.807851 -0.917044
-0.797126 -0.889592
-0.827903 -0.892842
-0.823383 -0.898050
-0.862691 -0.881732
-0.856524 -0.863566
-0.876498 -0.866393
-0.874359 -0.841924
-0.907071 -0.849200
-0.902409 -0.827038
-0.920200 -0.805433
-0.915022 -0.810077
-0.908799 -0.780651
-0.956736 -0.759904
-0.962094 -0.748701
-0.972187 -0.721207
-0.953188 -0.695351
-0.990576 -0.659759
-0.983281 -0.617198
-1.000466 -0.496177
-0.994842 -0.364824
-0.991572 -0.327304
-0.981159 -0.245034
-0.966572 -0.247984
-0.953781 -0.210973
-0.932429 -0.187856
-0.915418 -0.155237
-0.917268 -0.131039
-0.898959 -0.096199
-0.912361 -0.067100
-0.894792 -0.033163
-0.875750 -0.032443
-0.870073 -0.009815
-0.863530 0.007969
-0.842395 0.033691
-0.827159 0.052496
-0.817380 0.059216
-0.815745 0.082760
-0.804130 0.117142
-0.818250 0.126067
-0.789497 0.140656
-0.778289 0.167131
-0.759057 0.157391
-0.757632 0.174760
-0.752464 0.194079
-0.753698 0.190180
-0.728219 0.217606
-0.734599 0.247102
-0.707756 0.251999
-0.693737 0.270761
-0.684824 0.265670
-0.688609 0.298417
-0.678848 0.311261
-0.660547 0.310477
-0.653269 0.332297
-0.640579 0.358471
-0.643151 0.348649
-0.629785 0.381587
-0.583756 0.372000
-0.601058 0.396676
-0.596909 0.420789
-0.562697 0.405959
-0.555888 0.404899
-0.555336 0.432071
-0.553657 0.444250
-0.530963 0.462588
-0.536848 0.495480
-0.511516 0.510416
-0.513114 0.499666
-0.494436 0.502467
-0.505562 0.508135
-0.476270 0.524993
-0.459968 0.506487
-0.462654 0.543947
-0.427248 0.519930
-0.435365 0.543694
-0.458771 0.557564
-0.418123 0.584546
-0.402597 0.579767
-0.396922 0.583953
-0.396404 0.582167
-0.386533 0.604123
-0.374934 0.606956
-0.358960 0.618684
-0.364654 0.637339
-0.339515 0.655066
-0.344576 0.643693
-0.312002 0.666329
-0.309404 0.678873
-0.286098 0.653601
-0.284785 0.693833
-0.293323 0.680907
-0.265084 0.686332
-0.256160 0.713493
-0.255488 0.694236
-0.231947 0.728470
-0.227264 0.722465
-0.227441 0.725405
-0.206534 0.730137
-0.183355 0.755095
-0.185999 0.749546
-0.166570 0.772355
-0.172637 0.759935
-0.148436 0.781017
-0.152243 0.773558
-0.124169 0.772615
-0.123427 0.803012
-0.104355 0.797203
-0.108413 0.810454
-0.093300 0.817582
-0.080912 0.818463
-0.075886 0.833678
-0.071458 0.818103
-0.069985 0.834982
-0.056076 0.852496
-0.031555 0.847756
-0.014427 0.848906
-0.006417 0.850681
0.009620 0.843237