0.006349 0.854961
-0.017258 0.887224
0.012845 0.862470
0.032700 0.862486
0.065383 0.865759
0.081647 0.883624
0.069328 0.903683
0.037413 0.873661
0.067781 0.910141
0.109567 0.912270
0.114860 0.940241
0.120776 0.944627
0.089419 0.939859
0.130679 0.920038
0.123921 0.911647
0.124789 0.931152
0.186597 0.944215
0.152448 0.943609
0.206871 0.969764
0.205715 0.927494
0.189527 0.979138
0.224313 0.966245
0.240129 0.982298
0.228001 0.965425
0.255852 0.931963
0.247904 0.987913
0.263650 0.958558
0.241974 0.979504
0.268710 1.000867
0.286911 0.989923
0.276348 0.961805
0.289476 1.010422
0.292798 0.994402
0.325811 0.955399
0.317383 1.016780
0.360867 0.957751
0.370145 0.968414
0.368075 0.992845
0.371238 0.988388
0.400795 0.966345
0.392400 0.989106
0.440320 0.986598
0.403834 1.023889
0.446740 0.980822
0.422029 1.010064
0.457868 1.016826
0.452918 1.007781
0.443834 1.013095
0.461870 0.967394
0.464962 0.969982
0.521095 0.976535
0.497722 1.009637
0.499662 1.031200
0.515664 1.007809
0.537017 1.017372
0.571934 0.977064
0.534848 0.968772
0.585858 0.969833
0.591521 0.964413
0.603734 0.965600
0.630835 0.959751
0.605428 0.972315
0.617053 0.961537
0.610135 0.964959
0.643357 0.990519
0.653014 0.980000
0.660273 1.004821
0.651633 0.958751
0.670513 0.979953
0.659812 0.970038
0.685879 0.951987
0.738330 0.948349
0.693568 0.930476
0.715533 0.933713
0.738587 0.957683
0.765109 0.920820
0.753235 0.948037
0.786570 0.916062
0.792313 0.913663
0.792693 0.900213
0.779180 0.897289
0.837159 0.921125
0.801737 0.924564
0.828485 0.874726
0.838749 0.923103
0.876733 0.881119
0.839629 0.864272
0.885720 0.842760
0.884187 0.872658
0.899576 0.838547
0.890074 0.835904
0.939380 0.840872
0.903679 0.781467
0.917844 0.752584
0.923789 0.754235
0.927395 0.770139
0.971219 0.728554
0.990478 0.700681
0.947123 0.632813
1.010170 0.593526
1.017243 0.510053
1.014502 0.345494
1.011621 0.304941
0.943638 0.255522
0.960468 0.267762
0.942472 0.223249
0.953180 0.205956
0.950171 0.131873
0.952286 0.094010
0.888376 0.103822
0.895039 0.067231
0.874523 0.056212
0.870151 0.002212
0.860991 0.006752
0.839777 0.002072
0.841068 -0.034904
0.853688 -0.046983
0.807037 -0.045119
0.786838 -0.054596
0.809210 -0.094808
0.768449 -0.115946
0.782787 -0.114785
0.805630 -0.176069
0.783566 -0.183330
0.727969 -0.151642
0.725901 -0.222512
0.757804 -0.212371
0.732947 -0.195614
0.738958 -0.228325
0.711005 -0.282139
0.716757 -0.255381
0.661428 -0.300874
0.677990 -0.263112
0.639347 -0.287107
0.644992 -0.329755
0.616797 -0.320369
0.614332 -0.363763
0.642631 -0.381373
0.590532 -0.390635
0.597799 -0.360537
0.587135 -0.382075
0.614683 -0.415412
0.559143 -0.415216
0.570714 -0.399035
0.582314 -0.466264
0.543389 -0.440046
0.524028 -0.481832
0.521958 -0.450709
0.535399 -0.462837
0.508871 -0.509635
0.469548 -0.516473
0.478972 -0.480424
0.493455 -0.498709
0.467685 -0.526799
0.489662 -0.559363
0.472427 -0.564235
0.460931 -0.567764
0.461283 -0.567004
0.409888 -0.552924
0.431484 -0.592227
0.383902 -0.584375
0.393114 -0.585146
0.383357 -0.626170
0.399635 -0.616992
0.378232 -0.656064
0.330614 -0.627018
0.345807 -0.636596
0.346702 -0.662798
0.316323 -0.690552
0.278088 -0.644531
0.289296 -0.699899
0.318969 -0.685086
0.300783 -0.723275
0.289504 -0.720358
0.271927 -0.688442
0.236698 -0.704719
0.235077 -0.745986
0.199377 -0.713681
0.222788 -0.758542
0.236182 -0.744493
0.191337 -0.734654
0.189807 -0.768569
0.212178 -0.749906
0.146890 -0.775867
0.183032 -0.782544
0.151984 -0.787572
0.136320 -0.773801
0.135821 -0.784815
0.138819 -0.797827
0.094703 -0.812449
0.114709 -0.800194
0.071507 -0.824479
0.070563 -0.848968
0.075193 -0.813567
0.048145 -0.855911
0.022309 -0.810427
0.008663 -0.826021
0.023639 -0.838656
0.047647 -0.829390
-0.014875 -0.852207
-0.027206 -0.856507
0.013431 -0.856101
-0.043689 -0.899846
-0.025204 -0.905047
-0.055223 -0.855889
-0.059600 -0.892338
-0.090305 -0.878824
-0.040508 -0.912235
-0.084630 -0.877533
-0.087708 -0.889344
-0.132124 -0.929667
-0.102281 -0.922618
-0.086834 -0.933479
-0.116915 -0.914530
-0.155184 -0.907947
-0.165191 -0.955579
-0.184847 -0.941179
-0.191930 -0.924233
-0.149562 -0.971686
-0.194809 -0.972652
-0.197614 -0.949057
-0.228162 -0.935553
-0.212655 -0.927729
-0.238221 -0.977034
-0.249927 -0.987615
-0.272480 -0.944028
-0.262553 -0.979693
-0.280927 -0.995307
-0.298095 -0.984503
-0.307617 -1.003897
-0.281602 -0.956736
-0.288375 -0.960644
-0.300042 -0.969066
-0.359602 -0.977695
-0.369136 -0.973202
-0.345076 -0.994942
-0.340396 -1.009504
-0.401834 -1.011250
-0.404699 -1.002022
-0.418537 -1.009892
-0.388289 -1.000538
-0.404366 -1.015617
-0.389804 -0.997082
-0.441417 -1.028893
-0.417169 -0.998030
-0.451991 -1.011243
-0.484525 -1.004875
-0.472347 -0.966087
-0.463934 -1.032009
-0.514526 -1.015557
-0.494622 -0.973723
-0.506572 -0.997168
-0.543071 -0.992003
-0.529673 -1.031367
-0.558801 -0.980009
-0.530018 -0.979724
-0.548690 -1.010230
-0.574050 -0.995187
-0.591075 -0.985064
-0.575368 -1.006559
-0.584618 -1.016366
-0.605887 -0.986123
-0.648486 -1.019616
-0.637380 -0.965062
-0.641783 -0.979103
-0.629783 -0.950473
-0.686445 -0.970175
-0.687730 -0.980763
-0.667312 -0.962210
-0.713722 -0.947902
-0.697534 -0.957661
-0.684706 -0.939931
-0.696623 -0.950844
-0.703336 -0.968843
-0.728149 -0.960037
-0.753579 -0.922209
-0.786338 -0.951270
-0.780029 -0.918987
-0.766532 -0.952275
-0.774322 -0.943399
-0.823143 -0.930631
-0.813706 -0.932401
-0.813520 -0.907652
-0.832182 -0.915920
-0.861084 -0.891309
-0.831280 -0.897021
-0.855282 -0.874076
-0.841716 -0.838455
-0.872797 -0.833086
-0.910535 -0.832723
-0.926254 -0.858863
-0.929093 -0.821701
-0.896737 -0.776107
-0.942259 -0.812217
-0.934615 -0.789142
-0.968585 -0.732031
-0.950881 -0.705542
-0.939692 -0.702161
-0.983167 -0.691589
-1.020156 -0.639630
-1.000440 -0.520220
-0.997443 -0.390636
-0.987821 -0.340576
-0.984889 -0.291112
-0.930011 -0.219607
-0.930347 -0.192203
-0.939928 -0.180539
-0.922229 -0.177573
-0.933768 -0.143639
-0.877371 -0.092186
-0.873651 -0.102233
-0.865365 -0.028106
-0.849788 -0.027386
-0.857090 0.020997
-0.865739 0.024743
-0.844906 0.048420
-0.836564 0.038096
-0.827936 0.053087
-0.799978 0.071607
-0.810632 0.110728
-0.773938 0.125829
-0.807792 0.141191
-0.747133 0.165635
-0.755445 0.143185
-0.745561 0.159149
-0.747864 0.171237
-0.739399 0.206326
-0.722620 0.246133
-0.710202 0.251198
-0.680971 0.283273
-0.672447 0.299838
-0.701119 0.309001
-0.679883 0.293437
-0.639341 0.285772
-0.648950 0.336283
-0.649649 0.303313
-0.647946 0.359608
-0.598018 0.387053
-0.611953 0.365411
-0.637276 0.406500
-0.595588 0.394713
-0.601910 0.433661
-0.549033 0.406410
-0.564247 0.418886
-0.573808 0.437170
-0.523032 0.438754
-0.533889 0.431302
-0.525508 0.482852
-0.489688 0.474395
-0.504116 0.491442
-0.480153 0.476064
-0.491888 0.509868
-0.498204 0.551833
-0.479573 0.535457
-0.488872 0.544864
-0.456668 0.552301
-0.465630 0.526168
-0.425433 0.594331
-0.411317 0.574327
-0.397281 0.557354
-0.398006 0.622200
-0.414481 0.613018
-0.376596 0.585987
-0.389629 0.651331
-0.355971 0.613886
-0.371578 0.626253
-0.317279 0.644974
-0.324791 0.671954
-0.295268 0.642692
-0.278192 0.681278
-0.301082 0.662808
-0.295987 0.698717
-0.265958 0.722381
-0.240024 0.672403
-0.266994 0.680650
-0.273808 0.740046
-0.258188 0.745286
-0.226266 0.730692
-0.229986 0.757944
-0.201479 0.760896
-0.171169 0.768047
-0.183918 0.779711
-0.173479 0.784696
-0.151456 0.796995
-0.159604 0.766754
-0.139383 0.785351
-0.127780 0.799260
-0.151048 0.780624
-0.120850 0.799867
-0.089632 0.835143
-0.073889 0.787680
-0.099358 0.828477
-0.112622 0.814846
-0.066122 0.860758
-0.077628 0.860076
-0.034490 0.824477
-0.048025 0.829945
-0.014872 0.838477
-0.031371 0.861287
0.015847 0.843203