-0.007905 0.876659
0.001399 0.859585
0.016727 0.870332
0.019680 0.883599
0.035407 0.880354
0.050505 0.894650
0.049372 0.884259
0.058914 0.890683
0.090036 0.904239
0.087198 0.906639
0.091487 0.900366
0.100877 0.920342
0.113212 0.918862
0.134634 0.915572
0.136745 0.939741
0.142993 0.926722
0.169722 0.931820
0.178664 0.948810
0.175120 0.953986
0.184839 0.936186
0.188606 0.947009
0.204076 0.958402
0.230795 0.953270
0.231935 0.965885
0.231710 0.972984
0.256662 0.968042
0.265217 0.960001
0.281017 0.976990
0.280032 0.971928
0.294023 0.978112
0.291635 0.972715
0.321783 0.967645
0.314590 0.978429
0.335376 0.993254
0.331879 0.977546
0.354986 0.991671
0.348379 0.978810
0.371893 1.000407
0.390244 0.982928
0.378991 0.984955
0.406389 1.002499
0.412008 1.006273
0.415084 1.005467
0.427953 0.993190
0.431101 0.988208
0.457139 0.996259
0.450547 0.991521
0.477703 0.996111
0.487937 1.002121
0.492661 1.009418
0.498503 1.008863
0.516331 1.011880
0.515939 1.006801
0.541321 1.008071
0.532043 1.000655
0.558325 1.001815
0.568106 1.005593
0.558540 0.991853
0.583303 0.984826
0.578973 0.988597
0.595288 0.990700
0.619553 0.985900
0.614164 0.980256
0.629756 0.976366
0.639890 0.997174
0.658466 0.991734
0.663811 0.980237
0.673892 0.980029
0.674616 0.979572
0.685485 0.965638
0.688473 0.979047
0.712351 0.956017
0.727317 0.949899
0.725189 0.951317
0.750234 0.959305
0.750723 0.949957
0.755692 0.937882
0.758480 0.926795
0.774020 0.928605
0.778780 0.927814
0.804133 0.914002
0.805154 0.909904
0.820478 0.916724
0.837096 0.885859
0.846148 0.902254
0.847362 0.870594
0.851301 0.884054
0.867658 0.855431
0.873926 0.844408
0.899614 0.839116
0.911768 0.835135
0.908176 0.801805
0.931276 0.789076
0.925237 0.783453
0.928106 0.757611
0.943299 0.741703
0.954833 0.715617
0.970955 0.690015
0.976530 0.674823
0.989740 0.621288
1.010865 0.502367
0.989036 0.366559
0.985464 0.325025
0.979577 0.266367
0.950717 0.231685
0.961673 0.202388
0.931177 0.171017
0.920505 0.149014
0.931617 0.110889
0.908133 0.084661
0.891066 0.065178
0.883850 0.049138
0.869985 0.029425
0.872792 0.019685
0.868970 -0.018911
0.845824 -0.036727
0.846736 -0.042604
0.829845 -0.056510
0.831326 -0.076619
0.818165 -0.096692
0.795189 -0.112169
0.778913 -0.144052
0.790694 -0.156405
0.775830 -0.158412
0.766315 -0.191988
0.754057 -0.198253
0.751929 -0.221148
0.726354 -0.229877
0.716332 -0.243343
0.721608 -0.260617
0.687732 -0.272141
0.700840 -0.271569
0.677939 -0.295188
0.681767 -0.314500
0.664183 -0.332418
0.655585 -0.328248
0.639256 -0.341094
0.635586 -0.347273
0.612396 -0.377995
0.622185 -0.372401
0.598167 -0.383123
0.592925 -0.410436
0.591201 -0.403128
0.560600 -0.433177
0.563295 -0.440533
0.558321 -0.444351
0.548403 -0.448582
0.540956 -0.461773
0.520591 -0.479562
0.519160 -0.501182
0.504674 -0.508664
0.483057 -0.500113
0.470686 -0.519562
0.475887 -0.519390
0.453688 -0.531120
0.461051 -0.536861
0.429387 -0.567012
0.437682 -0.566137
0.422637 -0.566238
0.406121 -0.580834
0.399732 -0.591182
0.385717 -0.593193
0.382033 -0.609298
0.381923 -0.612859
0.352363 -0.619643
0.357524 -0.633799
0.327980 -0.639606
0.340578 -0.650809
0.310259 -0.663420
0.319915 -0.668656
0.299758 -0.688040
0.288854 -0.688418
0.290907 -0.691590
0.260727 -0.709250
0.251109 -0.706559
0.249450 -0.708579
0.251232 -0.723496
0.218573 -0.738851
0.214220 -0.744967
0.213399 -0.735256
0.188326 -0.753206
0.199976 -0.748900
0.167718 -0.773672
0.165483 -0.758160
0.157269 -0.764269
0.147739 -0.772925
0.136348 -0.787917
0.124793 -0.783657
0.109694 -0.806293
0.100977 -0.802792
0.092396 -0.816185
0.098319 -0.820721
0.090017 -0.828487
0.072557 -0.825167
0.063782 -0.837857
0.057628 -0.830106
0.032459 -0.837234
0.023530 -0.855868
0.024799 -0.861896
0.003991 -0.857416
0.000873 -0.862909
0.001510 -0.863230
-0.010873 -0.878233
-0.029022 -0.879074
-0.049029 -0.889872
-0.048955 -0.877579
-0.062658 -0.899821
-0.063865 -0.887002
-0.086191 -0.892746
-0.079970 -0.902857
-0.087908 -0.906218
-0.106475 -0.921529
-0.107783 -0.924493
-0.117693 -0.921515
-0.148839 -0.926485
-0.151548 -0.925467
-0.153860 -0.928090
-0.180810 -0.946471
-0.181849 -0.954276
-0.198814 -0.941202
-0.211149 -0.943423
-0.216552 -0.955230
-0.227292 -0.949783
-0.225188 -0.947364
-0.240207 -0.952363
-0.248761 -0.955056
-0.255882 -0.973786
-0.270391 -0.974583
-0.274106 -0.980043
-0.289783 -0.980734
-0.305649 -0.965314
-0.309898 -0.978641
-0.311794 -0.981898
-0.330693 -0.991515
-0.332822 -0.985784
-0.345753 -0.992307
-0.364651 -0.989426
-0.372105 -0.981514
-0.384738 -1.000259
-0.400258 -0.981554
-0.395892 -0.999581
-0.401016 -0.984745
-0.425240 -0.994605
-0.424431 -1.002858
-0.432586 -1.007739
-0.445825 -1.001320
-0.457308 -0.995375
-0.466106 -1.008998
-0.492260 -0.998628
-0.478818 -1.005012
-0.495712 -1.006018
-0.506065 -0.990607
-0.521904 -0.995646
-0.523441 -0.996609
-0.535933 -1.005001
-0.558986 -1.004541
-0.548759 -1.008264
-0.581216 -1.005875
-0.591403 -1.007411
-0.590169 -1.002361
-0.588293 -0.989910
-0.609058 -0.980739
-0.630832 -0.980937
-0.640053 -0.998006
-0.637531 -0.982558
-0.645937 -0.978872
-0.649087 -0.984321
-0.669474 -0.989437
-0.684286 -0.963498
-0.698216 -0.967115
-0.708811 -0.977230
-0.707878 -0.957154
-0.726884 -0.952471
-0.718119 -0.968486
-0.743994 -0.959882
-0.758568 -0.938948
-0.764140 -0.944117
-0.777728 -0.925958
-0.774538 -0.942357
-0.792820 -0.924731
-0.805179 -0.910088
-0.818567 -0.915919
-0.816531 -0.895773
-0.818954 -0.906841
-0.831446 -0.884350
-0.856378 -0.887756
-0.871114 -0.879510
-0.858672 -0.853278
-0.889909 -0.856036
-0.880659 -0.845640
-0.894053 -0.834012
-0.898344 -0.823346
-0.932398 -0.811287
-0.937299 -0.790835
-0.947009 -0.753033
-0.952481 -0.737625
-0.970869 -0.734630
-0.975253 -0.687209
-0.971040 -0.667549
-0.994705 -0.609415
-0.992120 -0.507477
-0.977861 -0.381529
-0.988430 -0.319951
-0.979879 -0.267206
-0.960121 -0.247676
-0.952600 -0.216528
-0.931372 -0.165715
-0.932363 -0.157202
-0.922714 -0.130414
-0.916296 -0.097439
-0.908424 -0.060650
-0.894874 -0.048843
-0.879038 -0.024967
-0.860282 -0.007383
-0.864105 0.004449
-0.844644 0.028620
-0.836780 0.060320
-0.840431 0.058114
-0.822021 0.083847
-0.801991 0.104578
-0.801384 0.125875
-0.797581 0.125131
-0.776461 0.161232
-0.760742 0.172233
-0.767830 0.195142
-0.743857 0.186095
-0.740228 0.210469
-0.731308 0.229194
-0.714676 0.234415
-0.698848 0.246479
-0.704000 0.269297
-0.691250 0.281772
-0.689751 0.304320
-0.678677 0.299847
-0.657980 0.320505
-0.639003 0.320930
-0.643673 0.339469
-0.638495 0.365046
-0.629318 0.365058
-0.598796 0.383560
-0.595778 0.394011
-0.600376 0.413624
-0.588005 0.416162
-0.577550 0.433522
-0.568121 0.437591
-0.552639 0.448547
-0.542095 0.456443
-0.518544 0.468920
-0.525798 0.491156
-0.520472 0.493000
-0.497487 0.493328
-0.494750 0.501361
-0.474390 0.527673
-0.462915 0.539619
-0.452011 0.528491
-0.446437 0.547018
-0.451966 0.567838
-0.436184 0.558530
-0.413706 0.576734
-0.419738 0.576499
-0.405338 0.601324
-0.399929 0.592325
-0.377404 0.605107
-0.369857 0.630133
-0.368485 0.636069
-0.338514 0.644186
-0.346758 0.638354
-0.334304 0.661946
-0.331437 0.659323
-0.303445 0.665197
-0.295309 0.683539
-0.283040 0.683821
-0.282104 0.696763
-0.265588 0.711355
-0.270791 0.713350
-0.246008 0.719784
-0.242409 0.713955
-0.240439 0.717942
-0.230586 0.724553
-0.212673 0.735221
-0.197316 0.757511
-0.180658 0.761630
-0.187922 0.766251
-0.160877 0.762529
-0.170815 0.783556
-0.160555 0.775634
-0.131327 0.784960
-0.137229 0.787685
-0.109549 0.794314
-0.103968 0.801792
-0.092093 0.812516
-0.078857 0.819850
-0.084135 0.817134
-0.081357 0.841037
-0.054674 0.844322
-0.048302 0.841576
-0.044492 0.845111
-0.020647 0.860838
-0.008113 0.848525
-0.007168 0.860804