-0.011039 0.875401
0.026118 0.882753
0.033106 0.883903
0.019639 0.890308
0.017315 0.875505
0.052645 0.893570
0.065308 0.861133
0.075294 0.899119
0.081744 0.904161
0.070453 0.932788
0.086286 0.921970
0.113796 0.895329
0.119297 0.928160
0.149877 0.917835
0.132116 0.930748
0.132015 0.948242
0.144561 0.942223
0.152197 0.955588
0.198594 0.922716
0.171580 0.954560
0.186689 0.949191
0.223984 0.981893
0.234638 0.981020
0.213300 0.970503
0.261444 0.966985
0.264063 0.956460
0.254096 0.986227
0.269509 0.959719
0.268989 0.997362
0.308133 0.981794
0.270536 0.968753
0.298987 1.017591
0.307347 0.982360
0.363306 0.987374
0.319428 0.986892
0.324830 0.986254
0.344966 0.984727
0.374160 1.010326
0.398985 0.993734
0.398517 1.002622
0.395689 0.984735
0.428535 0.992092
0.408828 0.995332
0.407467 1.003844
0.467625 0.981549
0.456355 1.008928
0.458871 1.012047
0.473058 1.007980
0.477316 1.009057
0.498249 1.015592
0.499674 0.986305
0.511794 0.994563
0.509525 0.994329
0.529232 0.984370
0.528556 1.018198
0.546308 0.998551
0.578205 0.996634
0.568317 0.995934
0.560340 0.992724
0.590415 0.979280
0.593936 1.012753
0.597370 0.995366
0.601469 1.006690
0.648488 1.006629
0.653917 0.981183
0.623828 0.976389
0.669310 0.985087
0.700014 1.005070
0.695023 0.987906
0.656537 0.951338
0.694442 0.962350
0.742085 0.980674
0.732301 0.982143
0.714170 0.954214
0.705367 0.942374
0.740859 0.952548
0.752018 0.952693
0.765183 0.950472
0.790898 0.879013
0.810795 0.926584
0.796312 0.929828
0.832534 0.944639
0.799060 0.912001
0.836558 0.896797
0.833268 0.914540
0.849684 0.864837
0.840564 0.866962
0.850913 0.853584
0.882779 0.850134
0.904158 0.846567
0.947348 0.824893
0.906217 0.808281
0.904126 0.802424
0.923026 0.780549
0.933292 0.771013
0.956656 0.752360
0.921235 0.704357
0.995640 0.703003
0.977436 0.650069
1.005059 0.587280
0.980738 0.498492
0.991752 0.382281
0.985550 0.310655
0.977960 0.262438
0.958718 0.227439
0.924722 0.207640
0.897818 0.193427
0.928065 0.153197
0.912612 0.109396
0.906140 0.087417
0.878342 0.059912
0.878137 0.047924
0.878899 0.052000
0.879737 0.006939
0.829547 0.012630
0.852832 -0.065399
0.852934 -0.036223
0.847668 -0.091314
0.822592 -0.069039
0.819378 -0.123506
0.778345 -0.102932
0.790635 -0.130685
0.788702 -0.159490
0.773593 -0.146197
0.753829 -0.169685
0.750441 -0.205992
0.710258 -0.233166
0.713810 -0.228637
0.726041 -0.272219
0.721267 -0.246472
0.695319 -0.254678
0.692025 -0.292928
0.698702 -0.301626
0.625572 -0.301095
0.658362 -0.300589
0.642166 -0.305759
0.660126 -0.336335
0.612430 -0.333456
0.610403 -0.354773
0.628354 -0.396070
0.605225 -0.431641
0.610873 -0.385808
0.584897 -0.404750
0.576303 -0.432413
0.563320 -0.435312
0.596608 -0.446529
0.516073 -0.468385
0.518405 -0.492667
0.498199 -0.478600
0.505751 -0.473299
0.496104 -0.502187
0.489937 -0.549956
0.463743 -0.542981
0.468325 -0.553541
0.457667 -0.526628
0.430271 -0.582919
0.429690 -0.544270
0.407721 -0.570965
0.437620 -0.563084
0.410560 -0.586213
0.402342 -0.609329
0.413823 -0.636185
0.389840 -0.601555
0.338921 -0.658441
0.343125 -0.616192
0.358992 -0.627470
0.340863 -0.619747
0.326512 -0.614012
0.323950 -0.643757
0.288605 -0.650318
0.296891 -0.661050
0.274560 -0.683082
0.286782 -0.691164
0.281147 -0.718371
0.254949 -0.692814
0.257447 -0.730639
0.205151 -0.738268
0.226998 -0.738359
0.222144 -0.741458
0.226450 -0.764837
0.220417 -0.763858
0.158500 -0.749183
0.201206 -0.786977
0.176722 -0.759310
0.150320 -0.783933
0.180014 -0.742909
0.155762 -0.788385
0.142661 -0.834943
0.131816 -0.795920
0.120462 -0.808400
0.089375 -0.772084
0.081279 -0.844410
0.065101 -0.813204
0.078756 -0.807988
0.022883 -0.835416
0.063156 -0.838789
0.043937 -0.841228
0.033874 -0.859976
0.027078 -0.845542
0.021101 -0.843206
0.014194 -0.880217
0.013959 -0.862283
-0.027960 -0.857872
-0.038124 -0.876982
0.001192 -0.923703
-0.041930 -0.898893
-0.043857 -0.928772
-0.077993 -0.920294
-0.050781 -0.912679
-0.064508 -0.926788
-0.130571 -0.922706
-0.112596 -0.889280
-0.106807 -0.884723
-0.132754 -0.929235
-0.133422 -0.940208
-0.134653 -0.927835
-0.166839 -0.939141
-0.172644 -0.927529
-0.154256 -0.953307
-0.176200 -0.950066
-0.198749 -0.953062
-0.215170 -0.923797
-0.250521 -0.939827
-0.223586 -0.955915
-0.225610 -0.976519
-0.276431 -0.979110
-0.283799 -0.942881
-0.266457 -0.963392
-0.264455 -0.959846
-0.276338 -0.991061
-0.284799 -0.979634
-0.293792 -0.957953
-0.332003 -0.997073
-0.336872 -0.969074
-0.331986 -0.982634
-0.333870 -0.973764
-0.368535 -0.991232
-0.358825 -1.010601
-0.365709 -0.977009
-0.409072 -0.980857
-0.400712 -1.000908
-0.395589 -0.972253
-0.447593 -0.981318
-0.407719 -1.004953
-0.464664 -1.003285
-0.447050 -0.993867
-0.467920 -0.986657
-0.465117 -1.005566
-0.479038 -0.962967
-0.487411 -0.978863
-0.482808 -1.032187
-0.477040 -1.021138
-0.521943 -1.007232
-0.494945 -1.007234
-0.524078 -1.017603
-0.571560 -1.001935
-0.553940 -1.013564
-0.532229 -0.996736
-0.565320 -0.993270
-0.593915 -0.989692
-0.603536 -0.985161
-0.606578 -1.020014
-0.603048 -0.997436
-0.645028 -0.997652
-0.638404 -0.987788
-0.640437 -1.011000
-0.665469 -0.972694
-0.670935 -0.975293
-0.680266 -0.937907
-0.689898 -0.964195
-0.696850 -0.954892
-0.715423 -0.976173
-0.720461 -0.937411
-0.743762 -0.965334
-0.740596 -0.926390
-0.762268 -0.953676
-0.786325 -0.929297
-0.765355 -0.915528
-0.769312 -0.893839
-0.790821 -0.930557
-0.783519 -0.918037
-0.799475 -0.921179
-0.794297 -0.912984
-0.835941 -0.884549
-0.863477 -0.901255
-0.858925 -0.912943
-0.875859 -0.863489
-0.863314 -0.835487
-0.899135 -0.844675
-0.904845 -0.840861
-0.903973 -0.832964
-0.923338 -0.827404
-0.900383 -0.778528
-0.919046 -0.777651
-0.935292 -0.768254
-0.937212 -0.754660
-0.987836 -0.713142
-0.967139 -0.693824
-0.977908 -0.657699
-0.990034 -0.597778
-1.014755 -0.512255
-1.033946 -0.377369
-0.987974 -0.340312
-0.991432 -0.274853
-0.949924 -0.268873
-0.981213 -0.231815
-0.962917 -0.202304
-0.889352 -0.140591
-0.896526 -0.137810
-0.918641 -0.129827
-0.879743 -0.048310
-0.902265 -0.060584
-0.880672 -0.048658
-0.856516 -0.006660
-0.844424 -0.015210
-0.847545 0.041136
-0.833914 0.016679
-0.827610 0.058330
-0.852046 0.090383
-0.826563 0.106046
-0.757777 0.096373
-0.782597 0.130598
-0.792353 0.153665
-0.769020 0.189788
-0.746443 0.174876
-0.756892 0.205531
-0.742261 0.234035
-0.768219 0.240595
-0.704909 0.220578
-0.724581 0.250070
-0.666937 0.276684
-0.714266 0.268067
-0.673901 0.338159
-0.649092 0.305847
-0.683435 0.331765
-0.646630 0.332047
-0.646322 0.337184
-0.623540 0.371166
-0.605869 0.384018
-0.590741 0.399333
-0.593489 0.398584
-0.559432 0.394660
-0.582274 0.432489
-0.557727 0.409787
-0.573080 0.434831
-0.570002 0.454118
-0.533415 0.447296
-0.550823 0.488382
-0.548290 0.492957
-0.508833 0.469900
-0.499616 0.496292
-0.486470 0.507330
-0.463065 0.543451
-0.496697 0.528582
-0.475339 0.522953
-0.429755 0.539681
-0.439985 0.575121
-0.422933 0.543929
-0.427045 0.554552
-0.443611 0.582018
-0.408178 0.575004
-0.432310 0.584195
-0.374176 0.643124
-0.375651 0.635328
-0.368938 0.624582
-0.344131 0.671453
-0.312614 0.655650
-0.319024 0.670208
-0.350348 0.645844
-0.300421 0.675076
-0.287473 0.675991
-0.287917 0.687230
-0.264375 0.701897
-0.292363 0.700204
-0.258401 0.681614
-0.246170 0.722225
-0.256122 0.679699
-0.248488 0.754914
-0.188174 0.742840
-0.202827 0.749244
-0.208501 0.760708
-0.178548 0.759148
-0.189856 0.766092
-0.194121 0.740673
-0.160854 0.796082
-0.151028 0.802918
-0.143897 0.805796
-0.138261 0.831660
-0.125700 0.794940
-0.091883 0.807061
-0.099055 0.812130
-0.089817 0.813005
-0.053680 0.824570
-0.099468 0.836198
-0.035325 0.826851
-0.047734 0.835386
-0.021485 0.842189
-0.021992 0.838132
-0.027714 0.863193
0.039286 0.871994