0.211485 1.129932
0.027328 0.991882
-0.094047 1.031244
0.165812 0.780597
0.007157 0.727540
0.037892 0.988247
-0.013621 0.895912
0.301751 0.679777
-0.011186 0.756517
0.084876 1.031908
0.165796 0.907486
0.093480 0.869144
0.112301 0.848401
0.148322 1.105848
0.286622 0.810482
0.179255 1.048092
0.072858 0.860630
0.090582 0.993130
0.254359 0.950621
0.121420 0.961933
0.261970 1.008897
0.273324 0.926413
0.247693 1.078567
0.185232 1.057766
0.332814 0.882468
0.235667 0.976853
0.358192 0.889423
0.239157 0.922643
0.267429 1.114864
0.240771 0.920650
0.433650 0.953040
0.345420 0.963039
0.349673 1.229518
0.317484 1.165662
0.354522 0.780696
0.285056 1.153079
0.318959 1.103241
0.351180 0.953960
0.308015 0.955351
0.461685 0.894943
0.431102 0.803728
0.348834 0.921514
0.397366 0.945825
0.457911 1.048418
0.396893 0.859654
0.532023 0.831109
0.444497 1.175159
0.607144 0.991639
0.483020 1.070141
0.450181 0.986488
0.524045 0.925002
0.651882 1.043434
0.581867 0.946025
0.607781 0.991000
0.703647 0.983680
0.543124 0.963690
0.638307 1.015605
0.639687 0.979286
0.602549 1.090698
0.696144 1.169970
0.472692 1.012055
0.582988 1.015807
0.652782 1.011931
0.712812 0.945324
0.633195 0.810593
0.608255 1.016803
0.654740 0.882350
0.517860 1.053756
0.691495 0.963223
0.819609 0.961288
0.577486 1.020429
0.807215 1.054018
0.590327 0.947075
0.755782 1.066708
0.622514 1.030054
0.964645 0.832605
0.841064 0.935557
0.693530 1.113024
0.985319 0.817076
0.726888 0.811087
0.931089 1.022734
0.676225 0.985675
0.879802 0.977867
0.653216 0.731697
0.767439 0.789268
1.033326 0.856199
0.963839 0.923313
0.870048 0.982736
0.785293 0.759511
1.057670 0.907353
0.898530 0.821589
0.906514 0.904491
0.861325 0.739631
1.073571 0.755580
1.097489 0.760158
0.877065 0.621653
0.764205 0.686233
1.119529 0.863297
1.070294 0.571474
0.953644 0.688793
1.009571 0.596826
0.991774 0.379718
0.994610 0.406281
1.133195 0.331406
0.977582 0.420341
1.188176 0.259933
0.949529 0.081033
0.913412 0.079686
0.975813 0.150714
0.735794 0.086495
1.026291 0.043495
0.817249 -0.041541
0.800225 0.002617
0.941569 0.146090
0.959535 -0.003118
0.863592 -0.053171
0.865193 0.020051
0.795756 -0.220812
0.737815 -0.056496
0.866409 -0.039761
0.754088 0.041640
0.737069 -0.190559
0.986109 -0.347591
0.904675 -0.101342
0.857151 -0.303386
0.806988 -0.205145
0.662925 -0.291085
0.757136 -0.406429
0.653610 -0.268803
0.718448 -0.376623
0.574913 -0.277547
0.704766 -0.114448
0.674098 -0.152412
0.734990 -0.290803
0.699302 -0.179423
0.672052 -0.133503
0.628304 -0.357054
0.688810 -0.522533
0.560911 -0.254262
0.689069 -0.409407
0.751421 -0.558895
0.371809 -0.242114
0.412263 -0.394450
0.577873 -0.458716
0.737429 -0.421657
0.450619 -0.533529
0.543446 -0.484300
0.486575 -0.384274
0.559139 -0.509559
0.446187 -0.454988
0.456611 -0.538803
0.483966 -0.600069
0.474519 -0.387551
0.528279 -0.611976
0.578483 -0.459132
0.424493 -0.747288
0.379398 -0.317461
0.471339 -0.377248
0.466298 -0.615083
0.243436 -0.648841
0.400333 -0.674547
0.485967 -0.655798
0.386051 -0.588951
0.417391 -0.629352
0.314685 -0.632612
0.426166 -0.590529
0.309876 -0.541559
0.387816 -0.818108
0.462674 -0.600918
0.161054 -0.569562
0.202226 -0.692723
0.256921 -0.649957
0.551105 -0.744018
0.390367 -0.749122
0.332881 -0.602353
0.281838 -0.656813
0.161406 -0.557751
0.246469 -0.814600
0.242246 -0.607364
0.116192 -0.821885
0.216127 -0.791229
0.140987 -0.720940
0.163245 -0.752520
0.217745 -0.696909
0.237499 -0.764920
0.287332 -0.717129
0.221245 -0.777606
0.076574 -0.942902
-0.008226 -0.907488
0.154233 -0.677802
0.176302 -0.931250
0.002887 -0.852962
0.147800 -0.792578
0.238825 -0.999096
0.040318 -1.016149
0.033589 -0.908622
0.030740 -0.842576
0.164657 -0.779213
0.018344 -0.761804
-0.035328 -0.805991
-0.019163 -0.752722
0.120758 -0.941200
-0.043768 -0.925182
-0.097068 -0.778737
-0.114150 -1.035077
-0.164299 -0.706279
-0.148955 -0.820630
-0.159597 -0.936685
-0.346368 -0.912465
-0.064762 -0.963756
-0.153218 -0.881810
-0.154373 -1.024876
-0.126547 -0.781581
-0.289811 -0.953462
-0.328773 -0.796012
-0.258046 -0.873663
-0.026355 -0.946027
-0.043206 -0.825829
-0.255676 -1.072026
-0.156417 -0.916080
-0.193370 -0.974858
-0.257726 -0.821170
-0.251097 -1.087114
-0.451316 -0.823211
-0.079215 -0.782446
-0.269132 -1.046821
-0.366358 -0.912600
-0.313178 -0.958597
-0.390156 -0.917804
-0.328602 -0.850116
-0.466709 -0.757221
-0.369422 -0.923569
-0.299502 -0.867375
-0.196929 -1.078215
-0.263772 -1.042659
-0.299207 -1.022793
-0.468753 -0.859628
-0.476115 -1.042353
-0.483493 -1.085735
-0.330004 -1.094786
-0.390413 -0.983485
-0.491698 -0.874319
-0.423094 -0.975879
-0.266684 -0.844041
-0.546806 -0.812306
-0.451869 -1.071768
-0.540101 -0.978193
-0.398606 -0.860092
-0.400700 -0.978900
-0.644469 -1.060194
-0.436021 -1.035406
-0.572558 -0.979641
-0.661556 -1.123241
-0.582458 -0.840381
-0.485176 -0.981558
-0.631341 -1.084152
-0.529236 -0.978882
-0.431604 -0.935855
-0.456073 -0.937605
-0.610678 -0.972789
-0.657368 -1.019487
-0.490781 -1.052229
-0.749762 -0.991860
-0.695173 -0.931589
-0.779432 -1.017389
-0.679345 -1.069527
-0.720404 -0.948885
-0.695657 -0.903938
-0.798068 -1.037737
-0.694903 -1.114633
-0.632468 -0.964167
-0.769372 -0.853096
-0.879942 -0.934113
-0.798087 -0.944782
-0.700984 -0.899956
-0.705147 -0.871104
-0.664061 -0.924783
-0.836291 -0.959060
-0.824673 -1.074184
-0.749542 -0.931294
-0.762677 -0.817013
-0.648738 -0.735200
-0.937292 -0.891183
-0.771695 -0.956770
-0.890029 -0.697765
-0.698156 -0.890422
-0.857260 -0.788364
-0.836087 -0.903054
-0.879741 -0.909721
-0.971249 -0.936908
-1.024003 -0.655056
-0.897337 -0.876136
-0.852910 -0.897890
-0.940332 -0.676417
-0.725872 -0.784322
-1.032299 -0.890991
-0.910372 -0.748761
-0.911258 -0.749843
-0.918677 -0.689745
-1.108297 -0.542901
-1.108438 -0.702386
-1.067296 -0.254620
-0.949758 -0.149360
-0.915767 -0.243520
-0.920056 -0.351943
-0.978621 -0.223941
-0.921227 -0.088076
-0.951525 -0.125928
-0.857768 -0.138004
-0.880178 -0.165477
-0.933310 0.134258
-0.690822 0.060623
-0.721408 -0.071819
-0.757391 0.005214
-0.793681 -0.079680
-0.789111 0.294863
-0.866082 0.061122
-0.855488 -0.198524
-0.763233 -0.074061
-0.815569 0.200928
-0.773530 0.144254
-0.653016 0.241655
-0.702585 0.034151
-0.758242 0.299263
-0.730159 0.116609
-0.816302 0.048083
-0.733059 0.302012
-0.699735 0.217746
-0.917168 0.230391
-0.694768 0.345697
-0.445903 0.228608
-0.609454 0.438293
-0.648360 0.209479
-0.664441 0.360411
-0.618420 0.528409
-0.715229 0.455688
-0.596245 0.309581
-0.754988 0.342320
-0.631769 0.332064
-0.611942 0.329789
-0.622612 0.408592
-0.601692 0.546368
-0.564473 0.437364
-0.516676 0.319119
-0.502604 0.291705
-0.491793 0.464010
-0.637169 0.580168
-0.546622 0.315733
-0.523209 0.406966
-0.436006 0.424400
-0.475117 0.402581
-0.298463 0.513600
-0.599575 0.445104
-0.536122 0.440743
-0.645671 0.406941
-0.285710 0.345218
-0.453441 0.404128
-0.421129 0.581546
-0.347112 0.541688
-0.347968 0.649366
-0.238787 0.663872
-0.513751 0.577734
-0.257245 0.596129
-0.345909 0.665178
-0.488432 0.637906
-0.462258 0.719029
-0.394446 0.690789
-0.272822 0.574406
-0.076470 0.720799
-0.374031 0.708183
-0.502737 0.674095
-0.307517 0.602213
-0.437185 0.606635
-0.258073 0.747518
-0.294776 0.601216
-0.233283 0.872727
-0.310119 0.852590
-0.295020 0.712862
-0.239572 0.850528
-0.316749 0.846289
-0.282660 0.607983
-0.153149 0.693881
-0.219427 0.779754
-0.093996 0.898328
-0.278501 0.814861
-0.344366 0.807234
-0.166583 0.806152
-0.130385 0.648029
-0.163444 0.662614
-0.056137 0.756535
-0.170786 0.714091
0.060241 0.880755
-0.141890 0.773035
-0.140783 0.854918
-0.228866 0.753881
-0.067099 0.984966
0.056094 1.063811
-0.005097 0.877023
-0.221365 0.866090
-0.061333 0.821312