0.008731 0.873684
0.022420 0.882085
0.010220 0.866301
0.028544 0.879711
0.034421 0.882358
0.059945 0.879237
0.063831 0.897201
0.077022 0.911600
0.082946 0.892912
0.092128 0.896401
0.101740 0.915804
0.114926 0.929066
0.114582 0.918211
0.138864 0.928547
0.130306 0.927615
0.144470 0.920093
0.162282 0.929919
0.180032 0.944513
0.177471 0.942601
0.177317 0.943968
0.200767 0.951335
0.215550 0.953160
0.224966 0.946586
0.240113 0.957081
0.232132 0.947451
0.258466 0.953025
0.272221 0.961905
0.266758 0.973803
0.291631 0.968384
0.276001 0.980540
0.305825 0.984300
0.316762 0.974689
0.311009 0.972272
0.322045 0.971905
0.348043 0.970926
0.363286 0.995220
0.350256 0.979814
0.366051 0.978758
0.375827 0.995671
0.381907 0.990582
0.389720 0.987026
0.412329 0.999466
0.429262 1.007841
0.437281 0.994433
0.428319 1.001279
0.443211 1.011065
0.466732 1.005233
0.470273 1.000364
0.467635 0.990153
0.497836 1.005759
0.496307 0.995625
0.503246 1.011807
0.506370 0.993661
0.525343 0.997489
0.549796 1.011179
0.553059 1.004775
0.573395 0.988774
0.572686 0.996776
0.583313 0.991438
0.600168 0.996907
0.601218 0.983602
0.619136 0.986944
0.630186 0.983100
0.642809 0.999950
0.632819 0.992965
0.637933 0.969813
0.651468 0.986467
0.668067 0.975300
0.667160 0.981599
0.682165 0.958435
0.701891 0.961645
0.709823 0.979134
0.720598 0.960072
0.731957 0.966543
0.744984 0.962718
0.740070 0.941438
0.756181 0.929430
0.761409 0.930041
0.774441 0.921475
0.799412 0.933029
0.799239 0.932296
0.802694 0.899922
0.834036 0.906296
0.822394 0.909545
0.836717 0.878675
0.862253 0.880566
0.864412 0.882102
0.874467 0.863476
0.879141 0.862319
0.885102 0.839582
0.912098 0.824609
0.923057 0.824607
0.910770 0.789384
0.916758 0.773303
0.945946 0.773825
0.950459 0.758871
0.946372 0.734842
0.969610 0.686795
0.976537 0.672856
0.995028 0.626023
1.009382 0.505527
1.003531 0.370662
0.993277 0.322201
0.960672 0.287506
0.955882 0.235930
0.946371 0.204300
0.949565 0.172397
0.933223 0.137784
0.929439 0.121238
0.921267 0.082387
0.885964 0.074604
0.889569 0.059209
0.873829 0.025239
0.872296 0.014094
0.857158 -0.017388
0.847063 -0.040031
0.827756 -0.039298
0.822575 -0.057044
0.809536 -0.090363
0.801228 -0.102694
0.797430 -0.124028
0.790281 -0.132096
0.787043 -0.140530
0.772038 -0.156120
0.767173 -0.172656
0.738140 -0.209225
0.748819 -0.212608
0.734842 -0.231348
0.722000 -0.235191
0.721854 -0.241394
0.699741 -0.267607
0.679904 -0.287222
0.689582 -0.294114
0.665798 -0.302973
0.672154 -0.322393
0.642462 -0.337308
0.626878 -0.334953
0.635766 -0.355113
0.628461 -0.378714
0.610185 -0.385246
0.607511 -0.404523
0.587782 -0.391974
0.569756 -0.410653
0.577294 -0.418171
0.547985 -0.444521
0.535849 -0.456462
0.548624 -0.462966
0.543323 -0.462283
0.523645 -0.474553
0.510141 -0.479761
0.491218 -0.511874
0.495002 -0.521991
0.474993 -0.505776
0.462191 -0.528394
0.472196 -0.550458
0.444084 -0.550899
0.440091 -0.548454
0.427763 -0.559686
0.426792 -0.573386
0.403146 -0.578851
0.386367 -0.604177
0.382110 -0.613959
0.382249 -0.623054
0.369842 -0.628398
0.373800 -0.641250
0.360583 -0.644217
0.339119 -0.633426
0.339928 -0.653005
0.319156 -0.665743
0.299333 -0.674793
0.305805 -0.680612
0.296677 -0.675472
0.288486 -0.683224
0.272913 -0.693222
0.250560 -0.718763
0.238045 -0.713613
0.237168 -0.710253
0.241623 -0.720110
0.215868 -0.746158
0.204804 -0.744487
0.206376 -0.750184
0.197295 -0.769530
0.183681 -0.751825
0.181727 -0.763692
0.149132 -0.782263
0.153209 -0.791898
0.138851 -0.777350
0.126442 -0.806097
0.122067 -0.798546
0.108753 -0.806976
0.104041 -0.811434
0.098534 -0.822287
0.085262 -0.836668
0.064470 -0.816828
0.057599 -0.821661
0.059793 -0.830605
0.031379 -0.856447
0.017788 -0.837119
0.005923 -0.867478
0.013706 -0.874876
0.012068 -0.867121
-0.014138 -0.868433
-0.025145 -0.863795
-0.017194 -0.868507
-0.036514 -0.878332
-0.039513 -0.877925
-0.068619 -0.882210
-0.080619 -0.894595
-0.068300 -0.905254
-0.083367 -0.917659
-0.097448 -0.923963
-0.119978 -0.924480
-0.118967 -0.919994
-0.142089 -0.935084
-0.142270 -0.924489
-0.141667 -0.931529
-0.157676 -0.946474
-0.177326 -0.928087
-0.178403 -0.944343
-0.199133 -0.948179
-0.213624 -0.945474
-0.224248 -0.949929
-0.232585 -0.950473
-0.242474 -0.958972
-0.244836 -0.954056
-0.251476 -0.958762
-0.261968 -0.975711
-0.274521 -0.973461
-0.292024 -0.958190
-0.304023 -0.973645
-0.297768 -0.981926
-0.300182 -0.968400
-0.322200 -0.976891
-0.332248 -0.975493
-0.326656 -0.977963
-0.336254 -0.983358
-0.352439 -0.985452
-0.367464 -0.976633
-0.391619 -1.001249
-0.382244 -0.989626
-0.398737 -0.991763
-0.396602 -0.992852
-0.423871 -1.005107
-0.426056 -1.006402
-0.438947 -1.001459
-0.442454 -1.005773
-0.454076 -1.010566
-0.461573 -1.007606
-0.482087 -0.997232
-0.476787 -1.000440
-0.495906 -1.009121
-0.522791 -1.004630
-0.509319 -0.991814
-0.516025 -0.987544
-0.550658 -0.992170
-0.560112 -1.010556
-0.549707 -1.007486
-0.575137 -1.000964
-0.582932 -0.998220
-0.595445 -1.007679
-0.605273 -0.989754
-0.615161 -0.979975
-0.624269 -1.000484
-0.636672 -0.985086
-0.649619 -0.980280
-0.646829 -0.971081
-0.673106 -0.982070
-0.668567 -0.975646
-0.674925 -0.978904
-0.686846 -0.978440
-0.688234 -0.970808
-0.700497 -0.951661
-0.714647 -0.972344
-0.733809 -0.953336
-0.744664 -0.965845
-0.744532 -0.961286
-0.768113 -0.952297
-0.777621 -0.939934
-0.789102 -0.940223
-0.776133 -0.924905
-0.788545 -0.931221
-0.812102 -0.903417
-0.806693 -0.916846
-0.825180 -0.895330
-0.843670 -0.885074
-0.848076 -0.893311
-0.869020 -0.876955
-0.866679 -0.862268
-0.869529 -0.847889
-0.885374 -0.841915
-0.892560 -0.815552
-0.922934 -0.801196
-0.910868 -0.792654
-0.927151 -0.788873
-0.935005 -0.779371
-0.948274 -0.747576
-0.965248 -0.716946
-0.970388 -0.705688
-0.976019 -0.672444
-0.987150 -0.617689
-1.005700 -0.512644
-0.976787 -0.381034
-0.973283 -0.307495
-0.956137 -0.282475
-0.947006 -0.244817
-0.951431 -0.217366
-0.931568 -0.176392
-0.934682 -0.160876
-0.911912 -0.118381
-0.902986 -0.101855
-0.906447 -0.077464
-0.896517 -0.046389
-0.882284 -0.041284
-0.870395 0.003976
-0.869602 0.012428
-0.847391 0.022208
-0.842484 0.062213
-0.837472 0.081633
-0.813531 0.089459
-0.821700 0.093397
-0.790165 0.120697
-0.779251 0.134746
-0.788171 0.155536
-0.756907 0.167883
-0.752930 0.172295
-0.738160 0.200986
-0.738369 0.212174
-0.743739 0.230648
-0.731760 0.252742
-0.701005 0.246010
-0.701189 0.277182
-0.703117 0.275307
-0.672206 0.291544
-0.670776 0.295875
-0.669857 0.323514
-0.645637 0.325685
-0.644593 0.342868
-0.631636 0.347507
-0.623853 0.376212
-0.616704 0.379329
-0.601603 0.396062
-0.597063 0.404899
-0.579441 0.421742
-0.573730 0.427669
-0.554103 0.430633
-0.555439 0.438850
-0.539349 0.466190
-0.516723 0.463946
-0.508861 0.473883
-0.518425 0.481522
-0.491894 0.512221
-0.498709 0.518906
-0.485707 0.513026
-0.469764 0.521963
-0.459618 0.535598
-0.452232 0.539971
-0.442315 0.565218
-0.418648 0.563149
-0.421453 0.582194
-0.407041 0.584680
-0.396464 0.604751
-0.388581 0.604089
-0.366143 0.612822
-0.379102 0.611844
-0.347151 0.616403
-0.336745 0.635353
-0.338887 0.656688
-0.342596 0.641147
-0.321605 0.652169
-0.313729 0.665262
-0.293657 0.685542
-0.280928 0.673902
-0.275451 0.697046
-0.266057 0.709341
-0.250697 0.708466
-0.251308 0.716630
-0.250712 0.723398
-0.238592 0.718769
-0.224450 0.737616
-0.215678 0.744492
-0.204230 0.746974
-0.201122 0.757357
-0.171482 0.759631
-0.162925 0.761639
-0.172932 0.764307
-0.150199 0.777521
-0.129802 0.781015
-0.134662 0.801381
-0.107751 0.809346
-0.119633 0.818728
-0.087638 0.811996
-0.088148 0.821199
-0.086024 0.830576
-0.059540 0.829415
-0.067560 0.827650
-0.045236 0.842324
-0.038911 0.847048
-0.019807 0.855378
-0.011470 0.863012
-0.021726 0.852241