-0.001967 0.859051
0.011269 0.860599
0.030934 0.879802
0.017410 0.897434
0.042960 0.883897
0.053614 0.870176
0.062147 0.913951
0.098855 0.898184
0.075563 0.893738
0.094979 0.896831
0.116461 0.913948
0.115035 0.895665
0.123457 0.906015
0.129698 0.942659
0.138150 0.926848
0.157193 0.933024
0.176263 0.935274
0.178927 0.929358
0.183774 0.929856
0.187641 0.937438
0.182812 0.958764
0.209277 0.947596
0.224827 0.974568
0.214806 0.959538
0.237258 0.953867
0.255050 0.963925
0.282561 0.963503
0.290281 0.972772
0.279058 0.993779
0.297545 0.977142
0.295184 0.975207
0.332750 0.953772
0.305391 0.966751
0.325760 0.990733
0.331078 0.973528
0.356204 0.990444
0.357883 0.980556
0.381682 0.991299
0.392242 0.987590
0.387427 0.987199
0.394500 1.007464
0.409941 1.001586
0.429963 1.016356
0.414349 0.983665
0.438573 0.984866
0.462981 1.010546
0.451338 1.016314
0.454312 0.992608
0.474517 0.985304
0.484573 1.016666
0.524052 1.014870
0.502432 0.982309
0.520356 1.001907
0.537006 0.994312
0.529425 1.001922
0.546898 1.012978
0.567024 0.973598
0.571691 0.980617
0.564257 0.991283
0.601126 0.976405
0.596815 0.995856
0.598651 0.990973
0.623585 0.999554
0.624122 0.969807
0.639579 0.972535
0.648143 0.983494
0.655280 0.994854
0.664930 0.976448
0.694928 0.976665
0.692210 0.952998
0.695117 0.959106
0.711543 0.979394
0.720754 0.949513
0.743927 0.961387
0.745503 0.950922
0.765445 0.955560
0.758627 0.945782
0.764599 0.953981
0.788748 0.934497
0.779646 0.936159
0.808653 0.921441
0.802334 0.909439
0.827394 0.914256
0.823643 0.925303
0.829588 0.877402
0.848425 0.871230
0.873828 0.872503
0.875309 0.871964
0.859691 0.839408
0.887333 0.846281
0.885122 0.815875
0.919062 0.828550
0.916095 0.792841
0.952008 0.770292
0.942336 0.761965
0.935607 0.765020
0.955748 0.743030
0.969448 0.707302
0.974551 0.637461
1.000608 0.624221
0.990591 0.486713
1.005624 0.363792
0.969183 0.308203
0.977444 0.282315
0.966742 0.226157
0.968202 0.225803
0.928337 0.183941
0.924506 0.146742
0.927656 0.117465
0.918224 0.097551
0.888745 0.059702
0.879584 0.057931
0.885876 0.044724
0.867000 -0.004572
0.867795 -0.004020
0.857291 -0.044357
0.845059 -0.053035
0.840159 -0.052304
0.806881 -0.081899
0.817888 -0.100599
0.799297 -0.106480
0.779275 -0.143419
0.759573 -0.128220
0.773847 -0.156493
0.762317 -0.174567
0.759058 -0.186170
0.755690 -0.218388
0.742076 -0.237484
0.725256 -0.233809
0.718859 -0.271626
0.681027 -0.260475
0.680692 -0.259254
0.672755 -0.315112
0.669045 -0.321728
0.656631 -0.307052
0.645222 -0.312096
0.621324 -0.343630
0.647098 -0.359033
0.617794 -0.375811
0.608923 -0.384947
0.593049 -0.388830
0.589234 -0.413400
0.583865 -0.388659
0.573457 -0.404735
0.568109 -0.448204
0.538986 -0.440073
0.527863 -0.448826
0.531030 -0.471113
0.519833 -0.510263
0.492544 -0.492380
0.500326 -0.499201
0.503216 -0.506202
0.492997 -0.525652
0.468013 -0.534353
0.456517 -0.518569
0.450488 -0.554836
0.439983 -0.555864
0.438665 -0.577064
0.405450 -0.568211
0.421696 -0.576066
0.404097 -0.578750
0.399414 -0.603729
0.403174 -0.634520
0.369568 -0.607349
0.357531 -0.616167
0.355695 -0.628472
0.345282 -0.654894
0.342208 -0.658522
0.312202 -0.658485
0.317206 -0.662492
0.293423 -0.665273
0.289281 -0.659860
0.280756 -0.683695
0.294042 -0.696283
0.268618 -0.693725
0.258136 -0.689270
0.239325 -0.723696
0.206373 -0.719457
0.227260 -0.743707
0.203086 -0.750397
0.207966 -0.744608
0.204525 -0.739260
0.189603 -0.776860
0.182659 -0.772658
0.136858 -0.774471
0.147528 -0.805141
0.159045 -0.779112
0.130607 -0.809703
0.135057 -0.801718
0.127545 -0.811067
0.092345 -0.816042
0.088265 -0.828980
0.095763 -0.821977
0.061144 -0.825589
0.074335 -0.837567
0.047711 -0.853212
0.037845 -0.820991
0.030729 -0.862901
0.025507 -0.873801
0.008073 -0.846965
0.000137 -0.867832
-0.019996 -0.867331
-0.019465 -0.885876
-0.042174 -0.871390
-0.051485 -0.885053
-0.051798 -0.893901
-0.069200 -0.900963
-0.074650 -0.901620
-0.079538 -0.890010
-0.091750 -0.901333
-0.105017 -0.905133
-0.088315 -0.921952
-0.129239 -0.922033
-0.112524 -0.913322
-0.150629 -0.941377
-0.169923 -0.937003
-0.158253 -0.944859
-0.185366 -0.929669
-0.173622 -0.951003
-0.182901 -0.942473
-0.210378 -0.954833
-0.205229 -0.940182
-0.216737 -0.965412
-0.229480 -0.945638
-0.237557 -0.979548
-0.249416 -0.958835
-0.241158 -0.980058
-0.270443 -0.962070
-0.278621 -0.971156
-0.312273 -0.938904
-0.299770 -0.977647
-0.328310 -0.973741
-0.329131 -0.976594
-0.326717 -0.977458
-0.314932 -0.977417
-0.338847 -0.972016
-0.366924 -1.007592
-0.362784 -0.993017
-0.400670 -0.988248
-0.392612 -0.996432
-0.413495 -0.999022
-0.391079 -0.994198
-0.408787 -1.001835
-0.423223 -0.970595
-0.430180 -1.010974
-0.453057 -0.981814
-0.486622 -0.976984
-0.462108 -0.988138
-0.469492 -1.000262
-0.480722 -1.006914
-0.506214 -0.982234
-0.513836 -0.994046
-0.514463 -1.000819
-0.524803 -1.004517
-0.536721 -0.994709
-0.530641 -0.976107
-0.574662 -1.002469
-0.566606 -0.999696
-0.575599 -0.988121
-0.607460 -1.010312
-0.611563 -1.014719
-0.626939 -0.986955
-0.619781 -1.003147
-0.631245 -0.958120
-0.645247 -0.988104
-0.636336 -0.988430
-0.668609 -0.995365
-0.678722 -0.970608
-0.665970 -0.995699
-0.693800 -0.972131
-0.708383 -0.975534
-0.724519 -0.941291
-0.724102 -0.976677
-0.742712 -0.940075
-0.743026 -0.953834
-0.733606 -0.944325
-0.781388 -0.952879
-0.791039 -0.933224
-0.797826 -0.929981
-0.787504 -0.899822
-0.804748 -0.905713
-0.820063 -0.919293
-0.810314 -0.912685
-0.836748 -0.885479
-0.842880 -0.883175
-0.850920 -0.883378
-0.873438 -0.871902
-0.858256 -0.855143
-0.871799 -0.863210
-0.876582 -0.831000
-0.914527 -0.842308
-0.932955 -0.807518
-0.908654 -0.809062
-0.927499 -0.788991
-0.933893 -0.762954
-0.949560 -0.720961
-0.953799 -0.708340
-0.964335 -0.690748
-0.980611 -0.639126
-0.991349 -0.629284
-0.985895 -0.511088
-0.979443 -0.358783
-0.972758 -0.310459
-0.997524 -0.277637
-0.957386 -0.234443
-0.956692 -0.204369
-0.936456 -0.193647
-0.920849 -0.128945
-0.922504 -0.115697
-0.915007 -0.104648
-0.897317 -0.070433
-0.887489 -0.042068
-0.879238 -0.033254
-0.863619 -0.007383
-0.859939 0.011378
-0.840922 0.050886
-0.833100 0.012845
-0.845139 0.087815
-0.813865 0.106200
-0.812714 0.120043
-0.786181 0.121788
-0.807484 0.123206
-0.782364 0.161336
-0.756493 0.171391
-0.747708 0.183434
-0.754814 0.196157
-0.734642 0.207113
-0.726725 0.227945
-0.721678 0.241882
-0.700117 0.248588
-0.696440 0.264440
-0.701729 0.283489
-0.693207 0.307898
-0.679602 0.279960
-0.668611 0.310045
-0.657937 0.337503
-0.649199 0.338540
-0.626917 0.360836
-0.608609 0.354215
-0.601431 0.392022
-0.591648 0.373008
-0.586173 0.406999
-0.593538 0.420082
-0.592753 0.431370
-0.545701 0.424678
-0.546702 0.428648
-0.520482 0.451032
-0.535139 0.485701
-0.528031 0.493435
-0.511155 0.488547
-0.497974 0.501859
-0.484039 0.530985
-0.499196 0.531348
-0.463214 0.526702
-0.438036 0.526587
-0.462182 0.537156
-0.447253 0.556217
-0.437996 0.568431
-0.418802 0.576199
-0.410766 0.585440
-0.397593 0.597923
-0.391090 0.604689
-0.371362 0.605979
-0.385409 0.614900
-0.373419 0.630805
-0.338774 0.633284
-0.335294 0.643841
-0.323431 0.663081
-0.329244 0.655325
-0.304195 0.652981
-0.303637 0.687395
-0.281763 0.667902
-0.273170 0.685836
-0.278850 0.698624
-0.262727 0.702973
-0.258728 0.718168
-0.243442 0.720110
-0.238486 0.751845
-0.226993 0.731079
-0.208625 0.750846
-0.167868 0.750361
-0.187298 0.751926
-0.194523 0.757605
-0.141904 0.761761
-0.174335 0.786097
-0.152665 0.776502
-0.149776 0.808012
-0.120400 0.771801
-0.132447 0.787173
-0.129302 0.794456
-0.116467 0.801496
-0.071562 0.811866
-0.077118 0.804239
-0.072068 0.814918
-0.057685 0.848890
-0.058065 0.835208
-0.039802 0.848649
-0.002724 0.848551
-0.039556 0.845221
-0.020808 0.854430