-0.003613 0.817413
-0.005910 0.856325
0.029353 0.860436
-0.005010 0.882033
0.029831 0.874876
0.027130 0.884098
0.042731 0.914431
0.056871 0.880500
0.076019 0.895167
0.085849 0.894227
0.080557 0.884393
0.130264 0.911722
0.113682 0.908568
0.132695 0.956776
0.146157 0.946887
0.171403 0.933371
0.188274 0.921193
0.189842 0.955199
0.193883 0.961500
0.197158 0.930375
0.191955 0.936491
0.220752 0.912246
0.205336 1.007320
0.255151 0.916780
0.239850 0.961161
0.234822 0.954422
0.268031 0.985061
0.274897 0.984423
0.302149 1.006154
0.291666 0.987761
0.297594 0.968153
0.295178 0.965053
0.349496 0.974825
0.324810 0.989184
0.331370 0.966303
0.344523 1.010838
0.308998 0.995926
0.378292 0.988762
0.372443 1.006123
0.408543 1.009770
0.437759 1.017555
0.431278 1.038199
0.422566 0.982225
0.404311 1.005254
0.452151 0.955006
0.450922 1.001916
0.475227 0.977105
0.483541 0.980140
0.467122 0.994737
0.481980 0.990247
0.492078 0.993483
0.508234 1.023923
0.505794 0.997978
0.518173 0.997905
0.526536 1.008758
0.521376 0.976347
0.567361 1.028896
0.566537 0.986703
0.601371 1.028421
0.617109 1.007205
0.593480 0.982608
0.592152 1.008472
0.610134 0.944466
0.671907 0.973523
0.654733 0.995423
0.658686 1.000911
0.663371 0.970403
0.672126 0.978708
0.660108 0.974664
0.680114 0.987212
0.716705 0.977500
0.710104 0.969877
0.760051 0.961103
0.710807 0.964940
0.746204 0.937520
0.749200 0.953169
0.763809 0.953552
0.782980 0.956257
0.820615 0.942581
0.814345 0.925890
0.777811 0.898099
0.836242 0.937125
0.818359 0.909828
0.832528 0.882255
0.854319 0.879951
0.826343 0.894517
0.854712 0.865324
0.877179 0.846960
0.865040 0.849591
0.910205 0.870696
0.883241 0.845471
0.900438 0.833651
0.914892 0.808472
0.957732 0.823052
0.945150 0.752105
0.931618 0.737233
0.960989 0.733844
0.984218 0.692676
0.978648 0.664061
0.968894 0.609720
0.947682 0.468442
0.982595 0.372982
0.968093 0.294060
0.984596 0.271019
0.943556 0.244727
0.999650 0.192663
0.957823 0.179999
0.895126 0.143827
0.940535 0.116385
0.877810 0.092250
0.900196 0.060912
0.860027 0.043991
0.894799 0.025562
0.884559 -0.013137
0.835836 -0.001577
0.872447 -0.032211
0.832891 -0.020223
0.838407 -0.074592
0.813370 -0.075440
0.780809 -0.088617
0.816090 -0.125516
0.804212 -0.163343
0.753146 -0.173964
0.803227 -0.159709
0.754263 -0.193983
0.741547 -0.210065
0.718640 -0.165057
0.779948 -0.230606
0.721643 -0.224798
0.680802 -0.240440
0.682514 -0.237471
0.696089 -0.275912
0.634831 -0.305300
0.652490 -0.364520
0.664025 -0.334016
0.672587 -0.343585
0.661364 -0.350478
0.665899 -0.403605
0.634195 -0.368327
0.626705 -0.365283
0.599374 -0.386122
0.567373 -0.417896
0.553946 -0.435892
0.582525 -0.425414
0.542504 -0.417105
0.560799 -0.463504
0.571763 -0.464084
0.556463 -0.511300
0.510663 -0.481812
0.519966 -0.518762
0.502239 -0.505064
0.442679 -0.544301
0.468427 -0.561948
0.504081 -0.512266
0.487008 -0.560335
0.454350 -0.550626
0.449796 -0.596399
0.471397 -0.563355
0.420294 -0.547824
0.433194 -0.578631
0.395651 -0.585471
0.409724 -0.573641
0.392289 -0.570288
0.352499 -0.587692
0.331739 -0.612008
0.359647 -0.640562
0.359006 -0.636292
0.353243 -0.628864
0.311920 -0.691391
0.327424 -0.671342
0.344220 -0.682086
0.274138 -0.669412
0.276562 -0.696706
0.284261 -0.707512
0.271496 -0.722337
0.253854 -0.714700
0.241545 -0.733536
0.246483 -0.719566
0.221835 -0.750106
0.181505 -0.760974
0.199572 -0.723833
0.200971 -0.801137
0.165413 -0.738411
0.196396 -0.770365
0.152172 -0.794524
0.172528 -0.784795
0.132477 -0.820475
0.156562 -0.808302
0.140286 -0.780573
0.126668 -0.794035
0.068856 -0.824082
0.113295 -0.853317
0.103319 -0.809193
0.038241 -0.812865
0.073539 -0.811208
0.037769 -0.839772
0.040677 -0.867747
0.026333 -0.888677
0.012786 -0.889197
0.033629 -0.873040
0.006945 -0.899180
-0.023625 -0.889383
-0.036509 -0.858775
-0.061509 -0.860388
-0.027583 -0.876154
-0.040915 -0.883913
-0.051154 -0.902631
-0.087660 -0.946560
-0.080085 -0.898953
-0.080345 -0.884805
-0.098484 -0.851506
-0.124900 -0.944346
-0.132422 -0.907502
-0.146804 -0.954704
-0.147053 -0.909580
-0.185140 -0.945842
-0.139060 -0.955047
-0.165233 -0.937867
-0.196261 -0.934771
-0.159183 -0.944969
-0.192473 -0.952803
-0.246903 -0.952922
-0.227974 -0.938247
-0.232947 -0.948635
-0.234278 -0.984416
-0.288478 -1.009022
-0.244560 -0.975918
-0.240914 -0.925198
-0.309173 -0.988103
-0.294763 -0.953994
-0.324794 -0.976618
-0.333375 -1.019833
-0.346357 -0.969656
-0.325297 -0.995186
-0.313364 -0.946183
-0.317654 -0.999378
-0.362967 -0.970171
-0.358050 -0.981445
-0.383048 -0.998751
-0.401566 -0.982419
-0.413623 -0.947183
-0.412309 -0.970688
-0.412057 -1.019200
-0.416373 -1.010000
-0.433754 -0.965981
-0.472701 -1.007287
-0.469079 -0.991266
-0.482107 -0.979811
-0.487858 -1.016449
-0.510666 -0.981479
-0.512290 -1.016092
-0.527802 -1.006274
-0.530838 -1.005085
-0.550028 -1.010026
-0.559973 -1.017094
-0.520935 -0.971209
-0.587890 -0.975024
-0.607373 -0.977249
-0.578134 -1.002168
-0.615379 -1.034012
-0.615975 -0.990592
-0.609120 -0.970394
-0.597099 -0.961206
-0.619882 -1.013039
-0.599651 -0.979601
-0.651652 -0.974459
-0.708294 -0.969319
-0.647914 -0.982332
-0.702780 -0.952572
-0.678751 -0.924377
-0.730942 -0.979492
-0.718457 -0.969991
-0.687148 -0.934822
-0.704447 -0.934210
-0.709997 -0.934082
-0.758676 -0.972512
-0.787451 -0.927333
-0.774092 -0.938229
-0.786283 -0.928126
-0.788678 -0.931366
-0.780596 -0.902648
-0.816181 -0.928413
-0.815917 -0.924416
-0.823870 -0.921985
-0.901734 -0.909229
-0.817892 -0.879505
-0.872765 -0.899005
-0.916292 -0.864489
-0.858012 -0.864091
-0.925569 -0.841122
-0.901770 -0.828086
-0.922599 -0.811764
-0.911141 -0.778941
-0.919671 -0.775188
-0.917473 -0.794391
-0.931046 -0.780831
-0.941958 -0.732106
-0.936089 -0.738816
-0.972353 -0.644240
-0.981015 -0.650316
-1.023452 -0.504579
-0.999089 -0.382715
-0.961268 -0.298974
-0.972503 -0.228652
-0.939227 -0.249345
-0.946306 -0.214737
-0.948658 -0.135956
-0.919103 -0.122324
-0.892138 -0.088830
-0.890138 -0.067689
-0.901192 -0.076591
-0.930415 -0.047462
-0.871020 -0.013474
-0.920941 -0.040584
-0.869981 -0.007555
-0.823064 0.045150
-0.827054 0.055302
-0.821862 0.021968
-0.830210 0.098589
-0.760550 0.096061
-0.795226 0.111707
-0.796508 0.136592
-0.772342 0.176314
-0.711908 0.159894
-0.757732 0.203705
-0.760859 0.168713
-0.725320 0.191177
-0.693715 0.238174
-0.733460 0.215794
-0.704792 0.226218
-0.710081 0.243237
-0.697201 0.251922
-0.680867 0.318323
-0.675167 0.309242
-0.645376 0.304589
-0.625286 0.340996
-0.648748 0.346572
-0.590102 0.360950
-0.650125 0.349176
-0.650004 0.404266
-0.623907 0.383774
-0.583621 0.391681
-0.567728 0.403506
-0.574417 0.443970
-0.528661 0.458922
-0.545067 0.458645
-0.542540 0.464144
-0.561021 0.482621
-0.537539 0.466852
-0.491677 0.532829
-0.478624 0.503422
-0.498872 0.523405
-0.481913 0.543985
-0.467271 0.560181
-0.480460 0.515434
-0.436377 0.541159
-0.461848 0.547491
-0.429667 0.583608
-0.436472 0.591441
-0.401681 0.550951
-0.377195 0.602796
-0.393953 0.619904
-0.383064 0.597692
-0.388772 0.583663
-0.344265 0.633156
-0.357683 0.653838
-0.344989 0.624843
-0.317073 0.687591
-0.322770 0.654107
-0.319128 0.671645
-0.307761 0.661264
-0.321428 0.677020
-0.300499 0.693587
-0.292556 0.711669
-0.270099 0.711661
-0.235668 0.721312
-0.259371 0.711586
-0.255155 0.718740
-0.250826 0.710099
-0.169984 0.735202
-0.213812 0.780225
-0.152988 0.726752
-0.155331 0.741667
-0.185706 0.802487
-0.147208 0.803739
-0.146035 0.783641
-0.150221 0.779774
-0.120410 0.770828
-0.127385 0.811590
-0.102754 0.832456
-0.086898 0.809688
-0.068930 0.831097
-0.093979 0.847315
-0.061434 0.845702
-0.071179 0.847529
-0.068821 0.852333
-0.045976 0.885268
-0.047693 0.880958
-0.003441 0.860875
0.002618 0.864305