-0.023622 0.879923
-0.002445 0.881407
0.057479 0.890066
0.005460 0.840140
0.108643 0.886342
0.200943 0.806399
0.059178 0.959881
0.037412 0.890243
0.131026 0.885523
0.073951 0.904502
0.110250 0.846424
0.041978 1.002663
0.105116 0.846108
0.074144 0.955411
0.137653 0.917520
0.117123 0.868389
0.120824 0.966952
0.203499 1.000724
0.152612 1.000421
0.086365 0.922756
0.210719 0.810916
0.264444 0.908103
0.250667 0.996749
0.224256 1.027213
0.207749 0.960441
0.243888 0.991763
0.239508 1.028483
0.314720 0.886352
0.297830 1.041785
0.272418 0.968467
0.306918 0.955195
0.312379 0.962613
0.239626 0.975339
0.292798 1.030320
0.423903 0.868988
0.305741 1.017400
0.347934 0.968506
0.349569 0.970159
0.526333 0.959077
0.329201 1.077304
0.341503 1.018894
0.480656 1.041982
0.411297 0.908816
0.393039 0.979443
0.363907 0.895072
0.416740 0.991408
0.550494 1.080297
0.416862 0.961363
0.474511 1.008982
0.503899 1.003909
0.601177 0.961491
0.505013 1.043896
0.457434 0.977265
0.646032 1.010748
0.537637 1.021902
0.648086 1.013973
0.493160 0.980992
0.625123 1.073902
0.543465 1.013153
0.539418 0.999121
0.602781 0.980982
0.691084 0.953043
0.591598 1.021310
0.588975 0.949739
0.681350 0.972501
0.656072 0.931675
0.688500 1.014833
0.668526 1.044971
0.683590 0.994674
0.651751 0.979863
0.690522 1.001043
0.680131 0.990730
0.704423 0.947009
0.740793 0.914116
0.722365 1.019201
0.853081 1.000347
0.713125 0.844652
0.775741 0.926090
0.682158 0.951430
0.860658 0.924963
0.814959 0.965399
0.835381 0.849817
0.827814 0.858049
0.827580 0.925193
0.919197 0.912505
0.813298 0.828026
0.807151 0.852007
0.964418 0.877923
0.879435 0.850176
0.893684 0.832249
0.811683 0.842608
0.875277 0.780813
0.986140 0.793420
0.985323 0.801981
0.955250 0.732369
0.929609 0.778091
0.990637 0.739145
0.989831 0.632556
0.994742 0.704790
1.018131 0.588576
0.913772 0.508112
0.991886 0.331132
0.947595 0.248251
0.958026 0.281367
0.879082 0.223520
0.931655 0.183569
0.871390 0.194859
0.915569 0.158689
0.995721 0.121402
0.946609 0.154154
0.894952 0.058943
0.993708 0.022721
0.813841 -0.038803
0.815675 0.024590
0.799751 0.036887
0.871709 -0.006978
0.815307 -0.032207
0.811256 -0.112151
0.774913 -0.047678
0.786102 -0.012843
0.696745 -0.158784
0.777970 -0.112890
0.824268 -0.134021
0.825289 -0.075200
0.723394 -0.229203
0.724295 -0.237370
0.761281 -0.142986
0.659610 -0.187057
0.755459 -0.278424
0.764184 -0.225983
0.733160 -0.231244
0.685804 -0.303569
0.681944 -0.253106
0.639212 -0.331505
0.664640 -0.300064
0.614224 -0.358238
0.615990 -0.365903
0.676817 -0.300432
0.566999 -0.426105
0.543337 -0.383012
0.641752 -0.407022
0.579492 -0.442858
0.495165 -0.374129
0.606875 -0.343062
0.574130 -0.492654
0.638063 -0.444448
0.522156 -0.439918
0.506084 -0.483243
0.435898 -0.494870
0.580976 -0.541836
0.532089 -0.498271
0.633062 -0.526818
0.591999 -0.606281
0.407628 -0.528514
0.371385 -0.637891
0.423579 -0.589700
0.459907 -0.512738
0.378502 -0.538660
0.431917 -0.584375
0.415511 -0.513480
0.435317 -0.602031
0.334203 -0.676505
0.386800 -0.542847
0.381807 -0.601183
0.408800 -0.602016
0.375908 -0.666495
0.271953 -0.693022
0.453445 -0.635237
0.335328 -0.678939
0.314654 -0.697554
0.318006 -0.802577
0.291828 -0.689726
0.268057 -0.806571
0.277660 -0.638468
0.257558 -0.692294
0.254302 -0.757686
0.219244 -0.818347
0.263814 -0.638371
0.129486 -0.768519
0.267274 -0.717027
0.202166 -0.730003
0.225263 -0.768327
0.134245 -0.781479
0.127786 -0.838460
0.097662 -0.775416
0.254777 -0.753323
0.129626 -0.795773
0.186730 -0.755793
0.089317 -0.721078
0.083859 -0.896681
0.199736 -0.789729
0.141516 -0.770677
0.097845 -0.816639
0.134506 -0.811778
0.047956 -0.864449
-0.018575 -0.824241
0.002745 -0.772141
0.119198 -0.787134
-0.064628 -0.926965
-0.017310 -0.958773
-0.034863 -0.885221
-0.021082 -0.924142
-0.027705 -0.801443
-0.100865 -0.800489
-0.066261 -0.930818
-0.043169 -0.898528
-0.085686 -0.889002
-0.074185 -0.879131
-0.060682 -0.841148
-0.043826 -0.893689
-0.119468 -0.902178
-0.169777 -0.916344
-0.124882 -0.890879
-0.067966 -0.963495
-0.150228 -0.840683
-0.216146 -1.004833
-0.170349 -0.875183
-0.124252 -0.903947
-0.255803 -0.952866
-0.185880 -0.988010
-0.172960 -0.945836
-0.189466 -1.038148
-0.305292 -0.834935
-0.259847 -1.015008
-0.245806 -0.973930
-0.258975 -0.980118
-0.317091 -0.983090
-0.252082 -0.953825
-0.277733 -1.004126
-0.358861 -0.960516
-0.300910 -0.968412
-0.285681 -0.942155
-0.354420 -1.014617
-0.289527 -0.958620
-0.337213 -0.967517
-0.417778 -0.939903
-0.330375 -1.073210
-0.344633 -0.973521
-0.425973 -1.018974
-0.347448 -0.973822
-0.363933 -0.965582
-0.459876 -1.020496
-0.368587 -1.011163
-0.443565 -0.932759
-0.511531 -1.023869
-0.446676 -1.132018
-0.474176 -1.057848
-0.562549 -1.016930
-0.533223 -0.987834
-0.457847 -1.010579
-0.549612 -0.919359
-0.466159 -1.059366
-0.578426 -0.923333
-0.591858 -1.007427
-0.624467 -0.928254
-0.533670 -1.050002
-0.637439 -0.965791
-0.484204 -1.049155
-0.596287 -1.026350
-0.579280 -1.083101
-0.586267 -1.041928
-0.601119 -1.032176
-0.615152 -1.016106
-0.590388 -0.985709
-0.663248 -0.993035
-0.630629 -0.981294
-0.675174 -0.965059
-0.685690 -1.013218
-0.777708 -0.998650
-0.701816 -0.952192
-0.682126 -0.902290
-0.779740 -1.024232
-0.768405 -0.917167
-0.738833 -1.049638
-0.712333 -0.953354
-0.707488 -0.963090
-0.705097 -0.949568
-0.779354 -0.951637
-0.728520 -0.948038
-0.798642 -0.845828
-0.757456 -0.932059
-0.821016 -0.905210
-0.812754 -0.894537
-0.802329 -0.915023
-0.813485 -0.879616
-0.856016 -0.854529
-0.790110 -0.795762
-1.000549 -0.901695
-0.790710 -0.874055
-0.844154 -0.865070
-0.932650 -0.902862
-0.912568 -0.779974
-0.870115 -0.774630
-0.988062 -0.815845
-0.862755 -0.776002
-0.812677 -0.799893
-0.962542 -0.635322
-0.920153 -0.652424
-0.947979 -0.746388
-0.939840 -0.644205
-1.027711 -0.529576
-0.972237 -0.363305
-1.026537 -0.257867
-0.961328 -0.218772
-0.973407 -0.263726
-0.922840 -0.203572
-1.030198 -0.222142
-0.984142 -0.198718
-0.871083 -0.124333
-0.909178 -0.144944
-0.921055 -0.142001
-0.938843 -0.110865
-0.924654 0.006016
-0.904916 0.051225
-0.800862 0.040305
-0.873100 0.060929
-0.832223 0.019534
-0.840798 0.051915
-0.843767 0.055508
-0.818647 0.148078
-0.770022 0.096438
-0.716987 0.095812
-0.670278 0.201746
-0.779876 0.208827
-0.679874 0.215967
-0.665674 0.202118
-0.770949 0.213819
-0.758668 0.238385
-0.706615 0.280198
-0.725946 0.274626
-0.688618 0.237081
-0.663168 0.299715
-0.730946 0.314405
-0.711623 0.331691
-0.682353 0.304510
-0.627724 0.382167
-0.663529 0.262449
-0.610103 0.369299
-0.665144 0.389183
-0.638611 0.344087
-0.557582 0.414551
-0.543972 0.328355
-0.568368 0.437606
-0.542162 0.402654
-0.595725 0.430141
-0.552023 0.420659
-0.567059 0.412864
-0.504237 0.531889
-0.518561 0.487631
-0.564705 0.537560
-0.477538 0.519293
-0.539842 0.433173
-0.583542 0.489087
-0.461558 0.536933
-0.393065 0.618156
-0.327923 0.582401
-0.361766 0.564596
-0.434727 0.586699
-0.509612 0.558954
-0.449224 0.559508
-0.498911 0.654048
-0.454074 0.564727
-0.357215 0.546269
-0.355730 0.662594
-0.362754 0.604166
-0.395661 0.645187
-0.409490 0.568209
-0.335541 0.611983
-0.365159 0.642764
-0.317564 0.689397
-0.441819 0.690560
-0.233070 0.628349
-0.251826 0.735762
-0.204388 0.641707
-0.268976 0.739912
-0.287236 0.798277
-0.210355 0.679379
-0.215972 0.703426
-0.295649 0.698051
-0.257741 0.793707
-0.143941 0.703861
-0.137437 0.791195
-0.216951 0.771207
-0.174617 0.717808
-0.172393 0.832984
-0.101513 0.764358
-0.177740 0.846650
-0.135163 0.811490
-0.119240 0.808674
-0.052507 0.762418
-0.022132 0.821607
-0.060282 0.765537
-0.135887 0.867502
-0.092582 0.883665
-0.042309 0.807102
-0.121995 0.860079
-0.013899 0.806451
-0.084111 0.838533
-0.109904 0.856624
-0.065730 0.863837