-0.017439 0.829594
0.055433 0.788272
-0.072416 0.937388
0.022812 0.958217
-0.018578 0.898499
-0.022060 0.882496
0.096930 0.863030
0.038946 0.970355
0.067021 0.934887
0.055570 0.817111
0.151224 0.887267
0.165826 0.898404
0.100707 0.866027
0.111313 0.992427
0.191812 0.889824
0.076333 0.864821
0.066817 0.850020
0.172731 1.024868
0.121030 0.935182
0.158205 0.894242
0.277850 1.016290
0.124818 0.973783
0.312324 0.863224
0.142960 0.936341
0.276975 0.874876
0.280387 1.000428
0.203072 0.966442
0.362835 1.033606
0.332810 0.946480
0.202263 0.985861
0.308498 0.959609
0.361880 1.043129
0.287642 0.967238
0.387627 0.909674
0.293166 1.035044
0.422917 0.963979
0.330066 1.042282
0.430928 1.057587
0.333780 1.001577
0.468874 0.912877
0.322031 0.993450
0.407218 1.065371
0.437920 0.930334
0.493411 0.925572
0.438977 0.911026
0.545129 1.096827
0.399758 1.031299
0.440705 0.995579
0.566020 0.953943
0.394434 1.081180
0.562693 1.084764
0.572925 0.933011
0.480382 1.072346
0.573988 1.047110
0.516434 1.010787
0.636579 0.990336
0.460709 1.016154
0.514976 0.906140
0.572167 0.990308
0.581963 1.048881
0.664065 0.897452
0.641561 0.998666
0.659037 0.915844
0.718999 0.896837
0.658387 0.917768
0.720110 1.015221
0.575983 0.978914
0.717764 1.023031
0.639105 0.902441
0.770885 0.951016
0.627300 0.931314
0.734160 0.952849
0.766016 0.992141
0.729670 0.985760
0.649206 0.967991
0.778250 0.968805
0.838855 0.893913
0.856880 0.979579
0.776688 0.889691
0.711836 0.926745
0.754439 0.972648
0.723346 0.878673
0.758158 0.975804
0.907364 0.974393
0.763273 0.818353
0.810857 0.897995
0.767873 0.935387
0.810074 0.950107
0.859164 0.856571
0.896767 0.936239
0.914750 0.737556
0.847504 0.871449
0.845974 0.800821
0.830821 0.699670
0.849292 0.671256
1.011258 0.672538
0.865833 0.785011
0.980647 0.762027
0.913856 0.727758
0.954407 0.528412
1.002014 0.422673
0.957892 0.463729
0.991010 0.234035
0.881909 0.316040
1.005170 0.275342
0.995041 0.204855
0.944173 0.103598
0.852878 0.174160
0.845513 0.196097
0.858950 0.004253
0.893064 0.033169
0.919669 0.094169
0.879961 0.069030
0.847481 0.071838
0.874838 0.065801
0.867733 0.065410
0.795826 -0.136476
0.857339 -0.104123
0.798014 -0.101831
0.815858 -0.161009
0.784915 -0.173826
0.812539 -0.197779
0.850679 -0.211229
0.847622 -0.228340
0.702571 -0.157236
0.657916 -0.127020
0.714150 -0.171654
0.742828 -0.206094
0.629893 -0.318313
0.666591 -0.269416
0.763095 -0.306832
0.694524 -0.251192
0.726597 -0.196906
0.570912 -0.229185
0.566935 -0.256349
0.606105 -0.271562
0.737135 -0.306557
0.532435 -0.291575
0.663764 -0.459547
0.521442 -0.285967
0.514597 -0.479378
0.602911 -0.494295
0.545749 -0.506658
0.607992 -0.352632
0.571264 -0.464588
0.579907 -0.391803
0.495002 -0.361471
0.498188 -0.451893
0.471694 -0.408630
0.457449 -0.446792
0.406345 -0.583184
0.514300 -0.430834
0.510727 -0.440465
0.402284 -0.492095
0.458221 -0.624954
0.479499 -0.600097
0.413284 -0.598646
0.382132 -0.468704
0.516039 -0.575577
0.414126 -0.547351
0.400368 -0.585644
0.334716 -0.689080
0.380561 -0.685313
0.309089 -0.613143
0.412315 -0.598086
0.320761 -0.713759
0.363591 -0.693300
0.323642 -0.560601
0.250950 -0.750336
0.295434 -0.605831
0.282460 -0.697311
0.267748 -0.586662
0.285410 -0.767644
0.322942 -0.796689
0.330674 -0.638032
0.322328 -0.715985
0.325037 -0.683680
0.325877 -0.696252
0.275135 -0.699100
0.247071 -0.810916
0.297059 -0.731203
0.205134 -0.739050
0.243010 -0.842888
0.160445 -0.753182
0.234154 -0.682310
0.134191 -0.700459
0.141180 -0.860470
0.165049 -0.753755
0.085361 -0.752428
0.154349 -0.724883
0.029702 -0.745610
0.046015 -0.893795
0.100713 -0.732950
0.026145 -0.921893
0.110320 -0.926470
-0.028284 -0.832104
0.114216 -0.751766
0.111176 -0.837042
-0.073732 -0.760946
0.073361 -0.925708
0.080647 -0.837502
0.077698 -0.822968
0.040008 -0.802655
-0.017843 -0.908290
-0.084975 -0.958466
0.005560 -0.860183
-0.010092 -0.927726
-0.148583 -0.901455
-0.007333 -0.939925
-0.015546 -0.842149
-0.123734 -0.913247
-0.028354 -0.857464
-0.074182 -0.945552
-0.216910 -0.826281
-0.193847 -0.841269
-0.210531 -0.848425
-0.130256 -0.921223
-0.162744 -0.851127
-0.264873 -0.938140
-0.275096 -0.989948
-0.152962 -0.853429
-0.203626 -0.954542
-0.127376 -0.984833
-0.309405 -0.929228
-0.268045 -0.993452
-0.339606 -0.870724
-0.271843 -0.970668
-0.275862 -1.034978
-0.302748 -0.920595
-0.264579 -1.015904
-0.291634 -0.988990
-0.357312 -0.890760
-0.363517 -0.898522
-0.386656 -1.006220
-0.285301 -1.040696
-0.446470 -0.966950
-0.313498 -0.940282
-0.389638 -1.016786
-0.352730 -0.916257
-0.369522 -1.069046
-0.409889 -1.038324
-0.482349 -0.926884
-0.325102 -0.950650
-0.352479 -1.041821
-0.414432 -0.919012
-0.364133 -1.079275
-0.432146 -0.989701
-0.470981 -1.036450
-0.507383 -0.903580
-0.471121 -1.031997
-0.541299 -0.961291
-0.516723 -1.070370
-0.459892 -1.009935
-0.508090 -1.040430
-0.605738 -0.955597
-0.519937 -0.965295
-0.590807 -0.906898
-0.576907 -1.021001
-0.657131 -1.064223
-0.601585 -0.985805
-0.646074 -0.976133
-0.514101 -0.991435
-0.662695 -1.065482
-0.695091 -1.060632
-0.638095 -0.888799
-0.642478 -0.926105
-0.744254 -0.960835
-0.675868 -0.932203
-0.730782 -1.021445
-0.781170 -0.881765
-0.661551 -0.992194
-0.625724 -1.043892
-0.796429 -0.936124
-0.816414 -0.980354
-0.711415 -0.890637
-0.792364 -1.006956
-0.717526 -0.847155
-0.686406 -1.025424
-0.727868 -0.843340
-0.718427 -1.009253
-0.813449 -0.857573
-0.831337 -0.944708
-0.906331 -0.999727
-0.856014 -0.964039
-0.934641 -0.824181
-0.752733 -0.899360
-0.896227 -0.822204
-0.890468 -0.945387
-0.822547 -0.833457
-0.900859 -0.915197
-0.954096 -0.755059
-0.900173 -0.834132
-0.937231 -0.898287
-0.963979 -0.732561
-0.893006 -0.728521
-0.999364 -0.736158
-0.979015 -0.700916
-1.005922 -0.647095
-0.913157 -0.571089
-0.980989 -0.661119
-1.079860 -0.426913
-1.053724 -0.281785
-0.971320 -0.275714
-1.017026 -0.311489
-0.922189 -0.303602
-1.037326 -0.252962
-0.876663 -0.089301
-1.015930 -0.123038
-0.962475 -0.106667
-0.942419 -0.193758
-0.877701 -0.068834
-0.812704 -0.032412
-0.856145 -0.032325
-0.797844 -0.049267
-0.959874 0.013609
-0.913284 -0.002421
-0.931998 0.126233
-0.843415 0.133376
-0.728107 -0.007875
-0.881508 0.122803
-0.734071 0.098792
-0.792614 0.116070
-0.809898 0.073509
-0.755651 0.250836
-0.815124 0.150289
-0.697548 0.282767
-0.669487 0.256288
-0.699331 0.243909
-0.783081 0.255170
-0.633393 0.342409
-0.775323 0.347259
-0.720328 0.322019
-0.591425 0.249038
-0.665364 0.225069
-0.674337 0.242083
-0.712524 0.368573
-0.636466 0.335045
-0.705228 0.394736
-0.588968 0.366714
-0.643805 0.366435
-0.592321 0.486846
-0.529578 0.308715
-0.491325 0.362435
-0.599328 0.462344
-0.461975 0.529689
-0.642033 0.361810
-0.588954 0.447511
-0.529137 0.491256
-0.456880 0.457007
-0.530422 0.407951
-0.504722 0.417659
-0.541123 0.596914
-0.532251 0.476979
-0.441855 0.477009
-0.368959 0.479910
-0.442178 0.498279
-0.503227 0.476122
-0.446086 0.616745
-0.347423 0.549826
-0.436504 0.665329
-0.327433 0.520603
-0.336403 0.517285
-0.321404 0.634186
-0.426357 0.711181
-0.381164 0.544231
-0.377008 0.561983
-0.414211 0.688608
-0.238011 0.563859
-0.398430 0.713806
-0.344607 0.692353
-0.218285 0.724292
-0.361447 0.743224
-0.253358 0.777726
-0.229409 0.692315
-0.257577 0.698868
-0.308267 0.625880
-0.196946 0.752705
-0.224644 0.794345
-0.290318 0.756348
-0.267348 0.763337
-0.169177 0.656299
-0.239411 0.834020
-0.212057 0.842713
-0.256054 0.826178
-0.189641 0.760271
-0.147417 0.697018
-0.214963 0.864255
-0.157319 0.716052
-0.214227 0.813170
-0.185994 0.853240
-0.060727 0.769667
-0.045123 0.886377
-0.006647 0.852405
-0.144946 0.803066
-0.058442 0.834745
-0.066581 0.886064
-0.099677 0.781829
0.040357 0.809539
-0.048025 0.916505
-0.086138 0.875112