-0.010594 0.889625
0.018366 0.886411
0.037408 0.882528
0.022407 0.866431
0.032228 0.860927
0.043979 0.880458
0.049452 0.914515
0.057669 0.909843
0.079456 0.907884
0.089949 0.936711
0.091623 0.924199
0.119086 0.913258
0.107976 0.918649
0.133803 0.929857
0.143746 0.926600
0.172117 0.947295
0.139919 0.946143
0.182395 0.930585
0.196078 0.926382
0.196785 0.942123
0.167924 0.944761
0.221396 0.975334
0.226514 0.958599
0.233161 0.966714
0.232878 0.972108
0.258343 0.976324
0.251820 0.973955
0.275982 0.950329
0.289585 0.973155
0.306166 0.973160
0.294188 0.971097
0.315388 0.973422
0.326335 0.975678
0.323397 0.976041
0.320432 0.970063
0.336881 0.981363
0.349741 0.992717
0.364178 0.989451
0.365390 0.997336
0.395433 0.986028
0.399015 0.980796
0.411608 1.005322
0.407265 0.971286
0.428527 0.992659
0.398866 1.005998
0.446255 1.015853
0.465208 0.987246
0.461733 0.980867
0.485068 1.012294
0.491958 0.998340
0.498624 1.003829
0.523646 0.999781
0.503706 1.001223
0.517937 1.007377
0.528969 1.005990
0.524966 1.005576
0.564355 1.020743
0.565057 0.999781
0.566922 1.022150
0.599544 0.992700
0.608644 0.989582
0.589527 0.993938
0.626115 0.998385
0.648753 0.977977
0.643404 0.980513
0.653957 0.981849
0.653490 0.976591
0.681519 0.971211
0.701981 0.988093
0.685241 0.970792
0.684163 0.988122
0.719110 0.963215
0.721611 0.956855
0.732534 0.940304
0.733149 0.945996
0.743124 0.946196
0.753079 0.955888
0.751704 0.954740
0.780777 0.930009
0.791647 0.938599
0.779057 0.949133
0.811473 0.893038
0.829963 0.911951
0.824082 0.881750
0.846648 0.884014
0.839379 0.871208
0.842341 0.879961
0.876765 0.857487
0.878915 0.857267
0.877739 0.866126
0.912430 0.835041
0.906480 0.816735
0.919643 0.780412
0.926455 0.795097
0.927712 0.755781
0.923320 0.741953
0.940983 0.713316
0.951861 0.706399
0.981052 0.662393
0.994530 0.606973
1.010344 0.497226
0.988089 0.364864
0.978161 0.309090
0.989432 0.281479
0.977120 0.245667
0.946526 0.213349
0.902195 0.158517
0.906423 0.150330
0.906302 0.123896
0.907145 0.082305
0.886538 0.097026
0.918771 0.055349
0.860595 0.024751
0.865748 0.022508
0.853639 0.004767
0.844094 -0.024946
0.851724 -0.075614
0.824643 -0.067857
0.821277 -0.105030
0.812408 -0.111184
0.793857 -0.135431
0.793419 -0.145351
0.773203 -0.179842
0.761176 -0.175820
0.766567 -0.180444
0.759146 -0.204709
0.741637 -0.206928
0.721817 -0.222954
0.713212 -0.235809
0.709810 -0.248744
0.685621 -0.253668
0.687762 -0.277125
0.679296 -0.310716
0.685802 -0.313847
0.679675 -0.326822
0.635400 -0.333510
0.621204 -0.339267
0.634797 -0.361571
0.620398 -0.364891
0.602628 -0.380419
0.595318 -0.395698
0.599239 -0.385925
0.561738 -0.402197
0.556342 -0.440348
0.568436 -0.433948
0.538620 -0.458663
0.557759 -0.488734
0.517972 -0.461826
0.544074 -0.490903
0.510065 -0.487069
0.497683 -0.507968
0.505108 -0.516555
0.497725 -0.536662
0.479162 -0.535889
0.464931 -0.528595
0.429224 -0.568515
0.434638 -0.565363
0.434269 -0.559633
0.427668 -0.581109
0.418389 -0.582514
0.399695 -0.586809
0.393107 -0.581440
0.395194 -0.610173
0.373924 -0.608584
0.371374 -0.631562
0.362784 -0.643555
0.352608 -0.644349
0.343841 -0.647929
0.311928 -0.662245
0.326149 -0.659986
0.321259 -0.698923
0.293292 -0.690579
0.247558 -0.663854
0.263948 -0.705599
0.272035 -0.708349
0.261500 -0.716308
0.251833 -0.735122
0.243903 -0.729415
0.224075 -0.733281
0.210478 -0.729136
0.182988 -0.746448
0.185224 -0.723673
0.202089 -0.772708
0.178012 -0.771468
0.173560 -0.764817
0.163440 -0.774975
0.138201 -0.792157
0.112443 -0.797421
0.109996 -0.809447
0.103532 -0.805096
0.104879 -0.793850
0.102401 -0.809744
0.075901 -0.837749
0.053143 -0.830537
0.062262 -0.825143
0.032944 -0.848457
0.031015 -0.853633
0.045811 -0.853175
0.024193 -0.873258
0.016682 -0.864318
0.001204 -0.871940
-0.026931 -0.868774
-0.032729 -0.876140
-0.015736 -0.866624
-0.035186 -0.894901
-0.031328 -0.889445
-0.059152 -0.898663
-0.079007 -0.900023
-0.087029 -0.910257
-0.107525 -0.883638
-0.098827 -0.909692
-0.126277 -0.902586
-0.150681 -0.931453
-0.117490 -0.907083
-0.128833 -0.933402
-0.128905 -0.945733
-0.132370 -0.920934
-0.159865 -0.925113
-0.175780 -0.935617
-0.185339 -0.949721
-0.223754 -0.946728
-0.201618 -0.935601
-0.202625 -0.955585
-0.214607 -0.966328
-0.244933 -0.957388
-0.240041 -0.979747
-0.269899 -0.971827
-0.249112 -0.975687
-0.280117 -0.971483
-0.270353 -0.976745
-0.297295 -1.000205
-0.319431 -0.989285
-0.312583 -0.972672
-0.320804 -0.989240
-0.335299 -0.969164
-0.333577 -0.973807
-0.344816 -0.993178
-0.355106 -0.987187
-0.380032 -0.982128
-0.384659 -1.006350
-0.396510 -0.999710
-0.424803 -1.002116
-0.439392 -1.002763
-0.442391 -0.989468
-0.455359 -0.994270
-0.453167 -1.013042
-0.475478 -0.987699
-0.464752 -1.001660
-0.468442 -0.996205
-0.489128 -1.002552
-0.521812 -1.009248
-0.506311 -1.011370
-0.520226 -1.007601
-0.519601 -0.981924
-0.529968 -1.011645
-0.521220 -1.008768
-0.562710 -0.974945
-0.546783 -1.014532
-0.575394 -1.000976
-0.597771 -1.004240
-0.608186 -0.989729
-0.598757 -1.007645
-0.631622 -0.992572
-0.633957 -0.987755
-0.651849 -0.979133
-0.634702 -0.987534
-0.698777 -0.955936
-0.661998 -0.979077
-0.672086 -0.954282
-0.695587 -0.970416
-0.687541 -0.981082
-0.708705 -0.938999
-0.725976 -0.947281
-0.701367 -0.939256
-0.734821 -0.970373
-0.756436 -0.976665
-0.763639 -0.932492
-0.784369 -0.942708
-0.777648 -0.942677
-0.785826 -0.951471
-0.798740 -0.930742
-0.814547 -0.908431
-0.807257 -0.922608
-0.833689 -0.883983
-0.850169 -0.882807
-0.843451 -0.867679
-0.877981 -0.866008
-0.862988 -0.867563
-0.896636 -0.876428
-0.905033 -0.840644
-0.909969 -0.837216
-0.893823 -0.819184
-0.924348 -0.786183
-0.934244 -0.790602
-0.952655 -0.769324
-0.947879 -0.741656
-0.973457 -0.732889
-0.966115 -0.681181
-0.966247 -0.686365
-0.986402 -0.616327
-0.989286 -0.514788
-0.987199 -0.351148
-0.966259 -0.310633
-0.966857 -0.269657
-0.958332 -0.234145
-0.943935 -0.200186
-0.950113 -0.139975
-0.938903 -0.154676
-0.931120 -0.108789
-0.916005 -0.078037
-0.901645 -0.053118
-0.881658 -0.051107
-0.890963 -0.011833
-0.835510 -0.003655
-0.868637 0.009657
-0.856228 0.019452
-0.853103 0.037036
-0.843927 0.066735
-0.831705 0.079318
-0.796335 0.121375
-0.779414 0.115374
-0.787739 0.125757
-0.765759 0.149819
-0.761548 0.155397
-0.753749 0.188622
-0.750766 0.186592
-0.738504 0.213239
-0.728352 0.227394
-0.695829 0.236925
-0.719089 0.259660
-0.703762 0.252329
-0.695678 0.254790
-0.678374 0.285902
-0.672036 0.317126
-0.656898 0.314440
-0.661080 0.326559
-0.637818 0.334916
-0.641311 0.369640
-0.631809 0.370517
-0.638952 0.404491
-0.612701 0.388463
-0.582472 0.398005
-0.566390 0.406931
-0.570023 0.415531
-0.558869 0.448744
-0.547018 0.438565
-0.531526 0.456592
-0.537327 0.460397
-0.528121 0.502978
-0.502437 0.480786
-0.482724 0.509706
-0.486847 0.510694
-0.484710 0.518192
-0.447015 0.529131
-0.449979 0.532755
-0.457145 0.558639
-0.438593 0.537906
-0.411921 0.556083
-0.426950 0.559710
-0.414539 0.570328
-0.400974 0.589233
-0.404952 0.595123
-0.387741 0.606144
-0.362214 0.600548
-0.366882 0.628694
-0.338068 0.640727
-0.332624 0.627509
-0.318492 0.666535
-0.305830 0.678518
-0.329290 0.648376
-0.318126 0.654591
-0.290708 0.706541
-0.301047 0.700789
-0.255603 0.697624
-0.268930 0.700282
-0.259580 0.717993
-0.230845 0.720998
-0.218816 0.726190
-0.246151 0.744224
-0.230212 0.742767
-0.189067 0.727286
-0.205795 0.747297
-0.167595 0.770769
-0.162226 0.754945
-0.155009 0.774308
-0.192269 0.761323
-0.142209 0.797023
-0.126715 0.804003
-0.088737 0.786998
-0.103228 0.807248
-0.096242 0.806500
-0.077033 0.798475
-0.104577 0.826794
-0.056769 0.811793
-0.050933 0.832606
-0.032920 0.830925
-0.014802 0.857735
-0.031264 0.830051
-0.027338 0.863868
0.002661 0.856377