0.004830 0.879593
-0.002598 0.882619
0.032258 0.874563
0.020780 0.864286
0.049941 0.891352
0.037460 0.889292
0.068177 0.893884
0.060471 0.885674
0.063466 0.918108
0.097601 0.904399
0.105699 0.914750
0.115253 0.901638
0.126701 0.923453
0.125328 0.916515
0.142235 0.921529
0.141749 0.939116
0.170351 0.935419
0.176264 0.936311
0.165728 0.944686
0.190002 0.955368
0.187663 0.961011
0.209718 0.936744
0.209566 0.960134
0.239175 0.952259
0.231930 0.949002
0.256433 0.958080
0.268016 0.972097
0.266897 0.967982
0.296592 0.957881
0.287342 0.966550
0.314624 0.990801
0.302227 0.984708
0.314502 0.988858
0.323482 0.976643
0.341774 0.997055
0.365470 0.994579
0.372041 0.973113
0.365309 0.987901
0.372689 0.977051
0.392236 1.003730
0.390530 0.990200
0.419455 1.009288
0.416260 0.998392
0.432879 1.000159
0.442979 0.987799
0.451099 0.989173
0.455207 0.995538
0.470235 0.992410
0.472799 0.986902
0.502902 1.005464
0.512412 1.011989
0.514268 0.999083
0.506400 1.001874
0.532595 0.997717
0.549510 0.982719
0.550483 0.984886
0.573413 1.008354
0.569091 1.011953
0.591995 0.979658
0.603600 0.982577
0.606408 0.980482
0.616229 0.986855
0.603626 1.003021
0.627992 0.992258
0.633332 0.977426
0.644833 0.966580
0.651335 0.997281
0.682847 0.990831
0.672428 0.981077
0.696057 0.979617
0.688461 0.979789
0.705285 0.968848
0.735220 0.956583
0.713381 0.964447
0.738260 0.939761
0.759317 0.950066
0.774700 0.959211
0.779217 0.943264
0.792350 0.927608
0.776883 0.925102
0.806722 0.930463
0.813078 0.902748
0.819744 0.907984
0.843320 0.897828
0.837784 0.906111
0.850967 0.897297
0.868280 0.870623
0.859030 0.846526
0.874726 0.846854
0.899159 0.836798
0.885191 0.814757
0.900979 0.810144
0.927384 0.793938
0.932376 0.768658
0.944617 0.781448
0.952719 0.739999
0.951865 0.719580
0.958676 0.690332
0.969883 0.652013
0.985918 0.615454
1.002900 0.503920
0.979437 0.378606
0.986346 0.319467
0.964205 0.272554
0.963098 0.245787
0.936413 0.215177
0.947242 0.166765
0.924205 0.137966
0.923362 0.117868
0.899805 0.096659
0.883706 0.081728
0.883314 0.056206
0.893068 0.033851
0.861206 -0.007943
0.869224 -0.004903
0.851815 -0.022362
0.823903 -0.061327
0.833874 -0.063152
0.817953 -0.072739
0.798051 -0.101109
0.804654 -0.122687
0.778094 -0.132597
0.796454 -0.151875
0.759741 -0.168121
0.764471 -0.185176
0.735839 -0.209050
0.755368 -0.225122
0.735286 -0.224599
0.718679 -0.237441
0.696726 -0.255340
0.695687 -0.269467
0.678831 -0.278691
0.684530 -0.294680
0.679359 -0.315700
0.644528 -0.319196
0.639820 -0.325975
0.626234 -0.360790
0.637465 -0.352374
0.630733 -0.367699
0.621229 -0.396106
0.609624 -0.380156
0.592001 -0.391775
0.574044 -0.407991
0.582826 -0.427000
0.564425 -0.438957
0.548083 -0.435331
0.555866 -0.469902
0.527184 -0.456651
0.523413 -0.487572
0.495028 -0.484885
0.495163 -0.489047
0.498577 -0.502347
0.481636 -0.511702
0.480182 -0.524871
0.468223 -0.551858
0.462208 -0.545920
0.455794 -0.565562
0.419776 -0.576719
0.421090 -0.584074
0.395389 -0.581269
0.409616 -0.590118
0.381209 -0.588416
0.379871 -0.599035
0.361497 -0.618578
0.356909 -0.629553
0.348550 -0.635892
0.339262 -0.655850
0.320630 -0.649026
0.312314 -0.676792
0.325456 -0.670506
0.306161 -0.680723
0.281091 -0.683174
0.275422 -0.696102
0.284251 -0.700121
0.270123 -0.721885
0.258758 -0.710617
0.244583 -0.724978
0.239582 -0.726924
0.224175 -0.739751
0.209494 -0.743588
0.198368 -0.744654
0.181741 -0.761286
0.188917 -0.753879
0.183828 -0.766047
0.144445 -0.774494
0.137267 -0.773466
0.148747 -0.774003
0.128486 -0.806364
0.108409 -0.808030
0.099195 -0.794801
0.092638 -0.804306
0.092016 -0.829966
0.084741 -0.809119
0.072536 -0.820727
0.075338 -0.841048
0.055579 -0.837615
0.040573 -0.830815
0.014039 -0.858406
0.012909 -0.856511
-0.000443 -0.874950
-0.004669 -0.874284
-0.005090 -0.866544
-0.028650 -0.882640
-0.039916 -0.875993
-0.056446 -0.888975
-0.050222 -0.881856
-0.045582 -0.883751
-0.064391 -0.902238
-0.085371 -0.904397
-0.079549 -0.894273
-0.085160 -0.897357
-0.117151 -0.910927
-0.113628 -0.926877
-0.142896 -0.926643
-0.130110 -0.924875
-0.140386 -0.940745
-0.165151 -0.948901
-0.167498 -0.924913
-0.180052 -0.949913
-0.195883 -0.961318
-0.195584 -0.940244
-0.195335 -0.947057
-0.229493 -0.961197
-0.227202 -0.950782
-0.237452 -0.950351
-0.246776 -0.969468
-0.272397 -0.974609
-0.277956 -0.960087
-0.291952 -0.970297
-0.306464 -0.990030
-0.306605 -0.985821
-0.314916 -0.971688
-0.326730 -0.980144
-0.314319 -0.982515
-0.356319 -0.969883
-0.356555 -0.986963
-0.374734 -0.999452
-0.382201 -1.005027
-0.374191 -0.984949
-0.390594 -0.982002
-0.398953 -1.004472
-0.408314 -1.011410
-0.416946 -0.994668
-0.419037 -1.003536
-0.443538 -0.992763
-0.439916 -0.984996
-0.467914 -1.013752
-0.473482 -1.012764
-0.490458 -0.993795
-0.485388 -1.001307
-0.489047 -1.014441
-0.509057 -0.989122
-0.515403 -1.011139
-0.529523 -0.983226
-0.529520 -0.994570
-0.559693 -1.006237
-0.574033 -1.007816
-0.575876 -1.007627
-0.592369 -0.987943
-0.589331 -0.989214
-0.585548 -0.978485
-0.613302 -0.995913
-0.632449 -0.977572
-0.638935 -1.000325
-0.632510 -0.985182
-0.659538 -0.994881
-0.667542 -0.996577
-0.668939 -0.976631
-0.695574 -0.964018
-0.697418 -0.959987
-0.688707 -0.972076
-0.718122 -0.977960
-0.717947 -0.966746
-0.742238 -0.962922
-0.751232 -0.964783
-0.746526 -0.963157
-0.757976 -0.933323
-0.781441 -0.924821
-0.786893 -0.917409
-0.796752 -0.934892
-0.788393 -0.924902
-0.801706 -0.898743
-0.818020 -0.917718
-0.843103 -0.896311
-0.824565 -0.883991
-0.848080 -0.866452
-0.860578 -0.867844
-0.859001 -0.858564
-0.882315 -0.852462
-0.882526 -0.837391
-0.913525 -0.824867
-0.920443 -0.818418
-0.933912 -0.791413
-0.924226 -0.793092
-0.937873 -0.758221
-0.956315 -0.744775
-0.956853 -0.721899
-0.958925 -0.691012
-0.968768 -0.653307
-0.974393 -0.603337
-1.000874 -0.500933
-0.978491 -0.368554
-0.974016 -0.303622
-0.968345 -0.262851
-0.951365 -0.246528
-0.938189 -0.208410
-0.947060 -0.159299
-0.918029 -0.137107
-0.904456 -0.129260
-0.893590 -0.092787
-0.894057 -0.073139
-0.880522 -0.064426
-0.866813 -0.025446
-0.870506 0.007698
-0.865744 0.002875
-0.842463 0.017593
-0.844770 0.034081
-0.826817 0.057469
-0.822015 0.084979
-0.798436 0.109107
-0.813184 0.114692
-0.783090 0.147931
-0.782095 0.167016
-0.781644 0.172565
-0.750619 0.171377
-0.758982 0.210557
-0.740650 0.204401
-0.726967 0.215669
-0.732866 0.249077
-0.693772 0.252571
-0.710484 0.272333
-0.681042 0.278840
-0.670317 0.294867
-0.671055 0.299689
-0.660103 0.327715
-0.655231 0.325739
-0.637030 0.342516
-0.626432 0.345986
-0.626427 0.371545
-0.616237 0.369028
-0.596218 0.397623
-0.577749 0.405536
-0.586576 0.417664
-0.585022 0.412548
-0.551599 0.450077
-0.554600 0.454235
-0.538001 0.464219
-0.533601 0.484926
-0.512709 0.477631
-0.523941 0.473674
-0.497370 0.503706
-0.475783 0.497153
-0.489152 0.515025
-0.472057 0.521213
-0.465280 0.538181
-0.466008 0.540141
-0.447744 0.553395
-0.416725 0.560730
-0.417273 0.572337
-0.404998 0.588375
-0.393815 0.581466
-0.401017 0.590410
-0.382974 0.603258
-0.359480 0.609465
-0.357682 0.612040
-0.338079 0.629009
-0.350975 0.648764
-0.327657 0.651256
-0.320101 0.648286
-0.296102 0.660499
-0.288421 0.684131
-0.295460 0.681935
-0.272742 0.680508
-0.266237 0.711208
-0.268641 0.697007
-0.245040 0.706037
-0.244234 0.722223
-0.226950 0.714801
-0.226602 0.739345
-0.208929 0.737278
-0.208978 0.750698
-0.201335 0.740482
-0.177328 0.764108
-0.182322 0.784483
-0.161496 0.783178
-0.160292 0.787829
-0.128996 0.774026
-0.141611 0.805219
-0.134453 0.804394
-0.097922 0.804436
-0.094775 0.821488
-0.099392 0.821596
-0.092151 0.832905
-0.055334 0.833155
-0.050890 0.844378
-0.049763 0.826418
-0.025377 0.846436
-0.025769 0.845086
-0.013508 0.850578
-0.011341 0.853862