-0.017704 0.846617
0.017879 0.870884
0.008993 0.878323
0.045252 0.890403
0.058657 0.895491
0.036618 0.906962
0.071284 0.893312
0.062091 0.888205
0.061912 0.915632
0.072422 0.911520
0.083246 0.924669
0.091184 0.927696
0.101412 0.918874
0.122875 0.920252
0.125176 0.920999
0.164054 0.929762
0.169892 0.931670
0.156361 0.920373
0.193404 0.931506
0.182551 0.932457
0.205762 0.933957
0.204759 0.932737
0.202681 0.966422
0.248109 0.972322
0.259069 0.976375
0.245401 0.958135
0.250268 0.948138
0.286706 0.974292
0.286558 0.976929
0.306599 0.983534
0.308840 0.961158
0.294221 0.966037
0.316219 0.987180
0.321241 0.985263
0.348258 0.998857
0.345828 0.986115
0.340552 0.977001
0.377261 0.976927
0.368598 0.983486
0.374005 0.995232
0.382459 1.009824
0.422282 0.995154
0.405506 0.997101
0.440838 1.006036
0.439981 0.979408
0.431249 1.001255
0.460222 1.000092
0.466724 1.013477
0.472488 0.988535
0.489147 1.008327
0.489175 0.992538
0.501400 1.004678
0.539674 1.017820
0.514007 1.014589
0.556260 0.993752
0.549469 0.982534
0.575946 1.004682
0.570387 1.005551
0.563713 0.991824
0.588317 0.994822
0.583113 0.997618
0.611930 1.000528
0.639270 0.983794
0.631082 0.985583
0.622264 0.983218
0.662304 0.984591
0.647639 0.997414
0.686092 0.993972
0.664586 0.986357
0.684077 0.967456
0.711139 0.972695
0.727024 0.949237
0.739389 0.942333
0.744144 0.948024
0.749328 0.933798
0.747524 0.938221
0.778642 0.925510
0.780128 0.921895
0.765154 0.921861
0.790047 0.936352
0.790101 0.904966
0.829565 0.914302
0.821360 0.904190
0.848273 0.890878
0.835506 0.876127
0.869981 0.883815
0.844089 0.879646
0.869750 0.879523
0.876010 0.868425
0.886192 0.854501
0.882195 0.823376
0.897006 0.814425
0.928374 0.795588
0.913920 0.785172
0.951574 0.763406
0.969545 0.726989
0.959607 0.709136
0.984311 0.681114
0.982173 0.655916
0.995638 0.635066
1.011776 0.503734
0.992645 0.381070
0.995288 0.319236
0.963486 0.262736
0.972042 0.229039
0.958073 0.211050
0.952894 0.178141
0.927738 0.132861
0.930950 0.109627
0.928066 0.100631
0.912005 0.070768
0.891518 0.067888
0.899844 0.028749
0.860969 -0.007355
0.848029 -0.007136
0.850372 -0.037068
0.836813 -0.034235
0.814319 -0.074190
0.810211 -0.081444
0.804376 -0.095408
0.814067 -0.101510
0.808111 -0.143798
0.791450 -0.155464
0.777323 -0.160644
0.740263 -0.174709
0.767453 -0.207512
0.734769 -0.206004
0.727820 -0.220694
0.709514 -0.260886
0.708913 -0.267328
0.697062 -0.264609
0.707172 -0.278385
0.676906 -0.300321
0.654113 -0.298809
0.663135 -0.332658
0.651392 -0.313334
0.641435 -0.327582
0.617454 -0.358928
0.604751 -0.386696
0.628727 -0.395402
0.587950 -0.377271
0.586398 -0.398335
0.585520 -0.427084
0.586224 -0.417114
0.545862 -0.449425
0.545429 -0.444714
0.552993 -0.456150
0.533536 -0.450127
0.519698 -0.486129
0.526819 -0.501506
0.513963 -0.482659
0.481285 -0.492342
0.493628 -0.530356
0.487240 -0.548802
0.473876 -0.520475
0.458961 -0.558882
0.441485 -0.542159
0.421178 -0.586270
0.411050 -0.569231
0.405011 -0.573905
0.415169 -0.598676
0.383035 -0.607464
0.396078 -0.609885
0.352769 -0.613745
0.358455 -0.645405
0.359874 -0.648828
0.328136 -0.662454
0.318472 -0.642414
0.303557 -0.664760
0.303870 -0.682775
0.315217 -0.678700
0.302939 -0.664080
0.287820 -0.674953
0.268244 -0.711079
0.264657 -0.714350
0.241461 -0.698307
0.249775 -0.740053
0.240743 -0.736994
0.208555 -0.719901
0.214270 -0.751594
0.215380 -0.762696
0.205935 -0.762083
0.189996 -0.771960
0.168675 -0.764866
0.165245 -0.774331
0.131297 -0.779288
0.125523 -0.796428
0.119033 -0.804440
0.137814 -0.809192
0.102512 -0.798956
0.090912 -0.794311
0.085244 -0.798955
0.074413 -0.805984
0.089832 -0.826308
0.056812 -0.845482
0.033528 -0.851012
0.054212 -0.828104
0.027273 -0.861414
0.037488 -0.854803
0.004949 -0.864080
-0.015268 -0.852080
-0.026876 -0.851415
-0.007083 -0.894478
-0.049823 -0.884733
-0.026148 -0.892476
-0.036212 -0.907135
-0.063964 -0.904273
-0.080416 -0.899078
-0.096494 -0.884802
-0.079570 -0.903541
-0.119015 -0.895372
-0.126903 -0.922317
-0.135389 -0.929755
-0.149817 -0.922769
-0.148000 -0.920753
-0.166161 -0.937481
-0.151930 -0.948570
-0.162554 -0.933826
-0.174879 -0.959299
-0.179234 -0.934800
-0.207450 -0.937671
-0.204234 -0.949782
-0.219747 -0.968921
-0.244688 -0.960945
-0.222049 -0.964022
-0.245011 -0.977711
-0.261591 -0.970407
-0.281684 -0.953012
-0.285500 -0.972852
-0.303757 -0.988640
-0.282284 -0.971376
-0.302357 -0.974866
-0.334237 -0.976725
-0.330115 -0.975610
-0.352333 -0.969133
-0.341795 -0.978008
-0.345146 -1.001251
-0.350925 -0.995297
-0.364652 -1.003889
-0.382066 -0.997058
-0.405581 -0.994208
-0.392270 -0.986590
-0.426056 -0.979398
-0.430052 -1.006749
-0.432333 -0.993014
-0.467787 -0.992945
-0.459667 -0.983582
-0.479475 -0.980519
-0.471937 -1.016466
-0.487848 -1.004644
-0.482065 -0.981501
-0.518536 -0.988904
-0.522809 -1.003839
-0.547355 -1.005430
-0.525653 -1.008902
-0.538456 -0.993852
-0.574256 -1.012009
-0.570006 -0.993023
-0.561948 -0.993653
-0.608870 -1.010767
-0.599374 -1.000712
-0.600526 -0.999966
-0.638127 -0.973067
-0.612852 -0.973432
-0.657585 -0.970403
-0.643161 -0.992453
-0.675388 -0.988673
-0.664480 -0.980916
-0.675536 -0.960296
-0.697749 -0.962212
-0.684185 -0.953976
-0.724902 -0.981731
-0.728227 -0.967594
-0.736044 -0.950972
-0.744307 -0.969747
-0.763661 -0.955117
-0.751600 -0.930605
-0.758275 -0.948353
-0.770426 -0.951052
-0.806894 -0.917226
-0.809560 -0.938471
-0.804619 -0.919134
-0.805057 -0.909436
-0.837596 -0.901297
-0.820568 -0.888832
-0.848617 -0.872774
-0.844618 -0.891496
-0.851383 -0.852004
-0.880145 -0.869069
-0.885745 -0.834324
-0.913756 -0.840661
-0.928519 -0.810459
-0.934251 -0.811446
-0.915483 -0.767512
-0.959561 -0.760815
-0.967368 -0.752583
-0.966799 -0.715185
-0.958338 -0.709615
-0.975242 -0.645890
-0.986413 -0.606371
-1.000548 -0.497978
-0.996435 -0.384230
-0.985754 -0.300109
-0.964035 -0.272390
-0.951257 -0.232285
-0.960123 -0.188576
-0.921631 -0.161161
-0.915752 -0.141836
-0.902978 -0.127415
-0.893152 -0.105200
-0.907671 -0.084667
-0.893927 -0.031305
-0.863405 -0.035430
-0.856119 0.002931
-0.877792 0.002216
-0.868082 0.050059
-0.851268 0.067642
-0.828918 0.050046
-0.833247 0.080123
-0.823969 0.100585
-0.791501 0.132834
-0.806927 0.154909
-0.779484 0.163995
-0.777373 0.181128
-0.757557 0.191428
-0.769326 0.189714
-0.725175 0.206843
-0.746558 0.244198
-0.707885 0.229390
-0.695380 0.252507
-0.688029 0.272680
-0.687722 0.272289
-0.694114 0.281395
-0.668485 0.316545
-0.665232 0.310433
-0.659799 0.334211
-0.630184 0.330985
-0.631721 0.357253
-0.621971 0.359973
-0.596461 0.382825
-0.595164 0.375788
-0.608179 0.394006
-0.576152 0.412467
-0.577742 0.423432
-0.578626 0.430043
-0.549911 0.430057
-0.547547 0.458580
-0.530547 0.454326
-0.501023 0.492674
-0.508620 0.503626
-0.512278 0.498878
-0.478703 0.510822
-0.481918 0.524979
-0.472396 0.539339
-0.475326 0.521054
-0.439030 0.552843
-0.449565 0.558109
-0.418412 0.584349
-0.420696 0.591250
-0.425424 0.580669
-0.390029 0.585432
-0.395701 0.620783
-0.394151 0.627354
-0.380086 0.633593
-0.355238 0.632107
-0.341747 0.647191
-0.342498 0.651831
-0.325376 0.637545
-0.302996 0.655334
-0.296003 0.682338
-0.319027 0.666901
-0.301058 0.680904
-0.282779 0.673751
-0.288436 0.684562
-0.253806 0.718429
-0.265468 0.694436
-0.230044 0.727179
-0.222155 0.741294
-0.218105 0.717624
-0.227175 0.727383
-0.215220 0.744819
-0.186892 0.754317
-0.195872 0.771973
-0.161275 0.764941
-0.142342 0.771442
-0.136226 0.797669
-0.125994 0.771231
-0.149632 0.792668
-0.131290 0.792549
-0.102412 0.787067
-0.107507 0.797453
-0.076312 0.819773
-0.097548 0.823282
-0.076771 0.828498
-0.068882 0.816442
-0.043831 0.842796
-0.054973 0.850407
-0.040745 0.848605
-0.029983 0.844651
-0.008484 0.856074