-0.006483 0.859607
0.003389 0.872658
0.013280 0.878024
0.025410 0.880684
0.032906 0.889750
0.049506 0.887542
0.054850 0.901324
0.072492 0.907525
0.077024 0.897976
0.099444 0.902444
0.100478 0.908503
0.100207 0.922505
0.124170 0.924749
0.135826 0.921189
0.133623 0.924576
0.159443 0.933971
0.150339 0.940624
0.160979 0.940806
0.188388 0.946940
0.188195 0.951819
0.208827 0.955137
0.204405 0.951961
0.225517 0.956584
0.233309 0.967329
0.245310 0.958567
0.256253 0.956005
0.268469 0.961911
0.273411 0.971703
0.278052 0.979316
0.297279 0.964077
0.299536 0.975776
0.319619 0.980860
0.315372 0.978269
0.328035 0.980295
0.345340 0.979113
0.355596 0.977372
0.353791 0.994840
0.377073 0.992991
0.383644 0.997280
0.386557 0.984033
0.397805 0.983725
0.403304 1.003993
0.419060 0.992487
0.432959 0.993256
0.438120 0.997416
0.455176 0.991066
0.455185 1.003750
0.478695 0.989739
0.470842 1.000462
0.491163 1.002775
0.505538 0.999783
0.512390 1.003942
0.521790 1.008796
0.533515 1.008132
0.533618 0.999255
0.543315 0.998050
0.563548 0.998911
0.574861 1.004595
0.580624 0.989056
0.580391 0.998176
0.593593 1.002171
0.601237 0.982593
0.629501 0.995155
0.629624 0.983439
0.633479 0.978773
0.649717 0.977151
0.664621 0.986227
0.669414 0.973328
0.685054 0.965292
0.680064 0.964596
0.700659 0.975263
0.713197 0.960646
0.719140 0.970432
0.723032 0.965660
0.731552 0.947535
0.754405 0.942802
0.760050 0.936641
0.761579 0.940923
0.775699 0.923875
0.796434 0.927464
0.808850 0.922057
0.806991 0.909294
0.827928 0.899414
0.828505 0.896412
0.837715 0.881393
0.842223 0.886981
0.860158 0.878657
0.862490 0.870851
0.889843 0.849710
0.881561 0.840684
0.908803 0.830012
0.914321 0.817242
0.920871 0.805266
0.939564 0.777401
0.936524 0.761083
0.956589 0.742171
0.957048 0.721389
0.976342 0.691945
0.972584 0.669789
0.982797 0.618154
1.000628 0.501782
0.994492 0.367105
0.970129 0.324127
0.967117 0.270235
0.950128 0.229996
0.940773 0.210500
0.935635 0.178248
0.924253 0.146137
0.926336 0.124562
0.901090 0.101467
0.890121 0.066282
0.898944 0.046626
0.885288 0.027373
0.865581 0.011373
0.850115 -0.007679
0.847582 -0.028244
0.837580 -0.046554
0.835518 -0.071213
0.822497 -0.080493
0.812145 -0.094917
0.795270 -0.128554
0.795319 -0.141258
0.780682 -0.158833
0.765551 -0.162396
0.766242 -0.176677
0.758932 -0.191918
0.740106 -0.204534
0.738318 -0.233654
0.720154 -0.247101
0.705790 -0.250767
0.701278 -0.260414
0.681892 -0.290563
0.671873 -0.285307
0.668152 -0.314132
0.654367 -0.316301
0.657652 -0.337701
0.648839 -0.354698
0.626604 -0.349394
0.611232 -0.374282
0.600766 -0.385500
0.609675 -0.389076
0.582624 -0.408532
0.587636 -0.422796
0.569422 -0.421144
0.568211 -0.435302
0.546938 -0.457180
0.534282 -0.464646
0.520018 -0.471899
0.523979 -0.480277
0.502172 -0.480958
0.503112 -0.506751
0.486471 -0.501910
0.475224 -0.513788
0.476439 -0.533212
0.454292 -0.547187
0.445164 -0.544402
0.430272 -0.553976
0.430242 -0.557711
0.424228 -0.583328
0.406789 -0.579976
0.398179 -0.595821
0.382801 -0.609644
0.374299 -0.617590
0.374682 -0.625581
0.361824 -0.634873
0.353266 -0.636752
0.348163 -0.636264
0.323624 -0.651128
0.321905 -0.651870
0.319344 -0.674691
0.300589 -0.678357
0.288419 -0.681366
0.287183 -0.699750
0.279093 -0.708001
0.252928 -0.699857
0.259683 -0.711166
0.246158 -0.728233
0.236492 -0.717921
0.220784 -0.744685
0.215604 -0.733425
0.196100 -0.739669
0.196942 -0.762012
0.170698 -0.753231
0.164169 -0.769202
0.167421 -0.771837
0.142126 -0.772713
0.142572 -0.794794
0.131216 -0.787883
0.119814 -0.795571
0.109775 -0.800921
0.107471 -0.808102
0.085093 -0.810097
0.077167 -0.814947
0.075290 -0.831371
0.057648 -0.827641
0.054005 -0.840381
0.038507 -0.840721
0.029846 -0.858425
0.021315 -0.852076
0.012837 -0.854887
0.008666 -0.868146
-0.016934 -0.863150
-0.020698 -0.885739
-0.033551 -0.889715
-0.043661 -0.888241
-0.042776 -0.885168
-0.054301 -0.898847
-0.066751 -0.897185
-0.082839 -0.904818
-0.096168 -0.917393
-0.100187 -0.911476
-0.103695 -0.921001
-0.113055 -0.917774
-0.124339 -0.930964
-0.142691 -0.931167
-0.150877 -0.941198
-0.156903 -0.929453
-0.177757 -0.941530
-0.173061 -0.950760
-0.181871 -0.943175
-0.193618 -0.946785
-0.219747 -0.956051
-0.212337 -0.958854
-0.225492 -0.962790
-0.245636 -0.954593
-0.253135 -0.955370
-0.266082 -0.975905
-0.265916 -0.969984
-0.273652 -0.961700
-0.281946 -0.973514
-0.303543 -0.970542
-0.304031 -0.976099
-0.316981 -0.974012
-0.336837 -0.985112
-0.335022 -0.976558
-0.354941 -0.990433
-0.369197 -0.978327
-0.371361 -0.991009
-0.375700 -0.991664
-0.393895 -0.995076
-0.390353 -0.993154
-0.403718 -0.990465
-0.424972 -0.997601
-0.425286 -1.001951
-0.434152 -0.995830
-0.456496 -1.004702
-0.460775 -1.006216
-0.465713 -1.008649
-0.489663 -0.992162
-0.488516 -1.006509
-0.495596 -0.994053
-0.516082 -0.998827
-0.526136 -1.007481
-0.530211 -0.999219
-0.547308 -0.999586
-0.544907 -0.991646
-0.563006 -1.005756
-0.572749 -0.990121
-0.575030 -1.001080
-0.588020 -0.996935
-0.598708 -0.994724
-0.607176 -0.993487
-0.622487 -0.984582
-0.624904 -0.997516
-0.643960 -0.990718
-0.654649 -0.984362
-0.669864 -0.973932
-0.661850 -0.975576
-0.677306 -0.981538
-0.699174 -0.970769
-0.691825 -0.972593
-0.710432 -0.970256
-0.719258 -0.959049
-0.738769 -0.962054
-0.746540 -0.947509
-0.746119 -0.940264
-0.756552 -0.937611
-0.762937 -0.938974
-0.771048 -0.923710
-0.796252 -0.928027
-0.797746 -0.913601
-0.808220 -0.908716
-0.829274 -0.907500
-0.820573 -0.890237
-0.834625 -0.896621
-0.843902 -0.882429
-0.855666 -0.862143
-0.876483 -0.866295
-0.882648 -0.857434
-0.890578 -0.832362
-0.909775 -0.833037
-0.912830 -0.804373
-0.922606 -0.808068
-0.927517 -0.788749
-0.944567 -0.762786
-0.951601 -0.747903
-0.957586 -0.729716
-0.979538 -0.699786
-0.983327 -0.665349
-0.989484 -0.616694
-1.008264 -0.495004
-0.999003 -0.364176
-0.986689 -0.314345
-0.965859 -0.279401
-0.954840 -0.238724
-0.949846 -0.204225
-0.935370 -0.164829
-0.923312 -0.140311
-0.924584 -0.120618
-0.904325 -0.100603
-0.894763 -0.074961
-0.896476 -0.058797
-0.870000 -0.033905
-0.872884 -0.009154
-0.855985 0.008896
-0.847758 0.025551
-0.833588 0.056226
-0.837792 0.065737
-0.812420 0.079251
-0.806957 0.099802
-0.798923 0.111574
-0.799736 0.139256
-0.785472 0.149606
-0.761281 0.175559
-0.761238 0.184415
-0.752469 0.200023
-0.747559 0.216934
-0.738422 0.217361
-0.720928 0.238618
-0.706079 0.262169
-0.690577 0.269788
-0.698523 0.288400
-0.678720 0.302084
-0.668477 0.302174
-0.669866 0.313820
-0.641665 0.334650
-0.633985 0.343952
-0.631851 0.364212
-0.616353 0.359783
-0.609980 0.385391
-0.591517 0.392640
-0.594872 0.405381
-0.573975 0.413658
-0.567233 0.432694
-0.567716 0.435155
-0.556744 0.446561
-0.549624 0.458798
-0.538734 0.477215
-0.524513 0.471121
-0.519254 0.493316
-0.493880 0.497223
-0.482398 0.510109
-0.486512 0.525625
-0.469511 0.534174
-0.464085 0.535281
-0.448994 0.542716
-0.437039 0.547698
-0.433314 0.560810
-0.418970 0.567125
-0.410289 0.580180
-0.397403 0.587111
-0.388092 0.611348
-0.370941 0.621048
-0.370796 0.617184
-0.354907 0.626766
-0.347313 0.641662
-0.339844 0.653077
-0.323085 0.647575
-0.314609 0.655966
-0.309732 0.668669
-0.299704 0.669500
-0.286971 0.693319
-0.285307 0.700700
-0.274873 0.698342
-0.256051 0.700899
-0.245019 0.709499
-0.234163 0.712678
-0.232566 0.729958
-0.213480 0.740796
-0.209262 0.748107
-0.207265 0.758331
-0.180944 0.759739
-0.172794 0.767439
-0.170018 0.773928
-0.161955 0.765759
-0.156612 0.788412
-0.131742 0.792199
-0.129093 0.793794
-0.114870 0.791227
-0.100977 0.813006
-0.093754 0.819636
-0.096636 0.817620
-0.071897 0.829057
-0.063991 0.822368
-0.054595 0.835248
-0.054497 0.843179
-0.046715 0.854643
-0.031116 0.851668
-0.028977 0.849256
-0.004691 0.859776