0.011613 0.869909
0.015166 0.857689
0.035722 0.867044
0.048852 0.897030
0.059479 0.903295
0.070329 0.904630
0.052532 0.873460
0.058508 0.905545
0.075308 0.921845
0.073365 0.886194
0.115283 0.904997
0.095921 0.932472
0.125540 0.926621
0.112866 0.917727
0.131656 0.908286
0.166984 0.929887
0.151452 0.922393
0.155429 0.935941
0.195638 0.921072
0.182217 0.923451
0.215222 0.950473
0.219869 0.958511
0.223820 0.952641
0.218474 0.936672
0.241124 0.980882
0.256324 0.940422
0.260584 0.982310
0.255496 0.949387
0.255073 0.992923
0.277040 0.979496
0.286919 0.973563
0.315244 0.961432
0.313149 0.958395
0.312071 1.007069
0.329292 0.997501
0.364582 0.985511
0.360329 0.990073
0.365640 0.981856
0.397132 1.015171
0.399518 1.014061
0.407494 1.008501
0.430870 1.008228
0.395651 0.994844
0.450904 1.005168
0.415649 0.976160
0.428260 0.998062
0.452212 1.006510
0.481749 0.993765
0.464241 0.985066
0.488648 1.001055
0.496397 0.977806
0.534801 0.983294
0.501095 0.978825
0.515652 0.979412
0.532980 0.979535
0.537820 0.974461
0.535568 1.019172
0.589201 0.992991
0.594773 0.999332
0.575021 0.993369
0.593722 0.981264
0.619258 0.984430
0.636267 0.998236
0.620493 0.975337
0.623444 0.988791
0.637911 0.971552
0.676594 1.000195
0.649249 0.953503
0.656303 0.996472
0.698011 0.980644
0.684941 0.968962
0.702471 0.966146
0.702948 0.942390
0.709604 0.980650
0.763715 0.942369
0.743502 0.946132
0.758972 0.956390
0.755144 0.933836
0.784388 0.920926
0.772458 0.901675
0.781475 0.911165
0.787875 0.892908
0.827180 0.927332
0.828641 0.882466
0.852790 0.901006
0.873099 0.888078
0.874336 0.886464
0.870827 0.863821
0.891610 0.832788
0.866096 0.826888
0.889204 0.851216
0.892421 0.817891
0.914095 0.812350
0.920266 0.782547
0.938901 0.757030
0.929263 0.763029
0.938235 0.703202
0.981437 0.696114
0.983901 0.655007
0.991722 0.610840
1.003307 0.493599
1.006692 0.352872
0.987219 0.309519
0.981677 0.266277
0.965977 0.249968
0.970613 0.207183
0.961933 0.177616
0.946293 0.142244
0.933951 0.122551
0.903066 0.118073
0.917339 0.097476
0.871201 0.028662
0.860677 0.005319
0.850440 -0.014566
0.860722 0.010994
0.834665 -0.037504
0.844014 -0.040384
0.816442 -0.073944
0.844468 -0.105478
0.830655 -0.102070
0.797950 -0.124551
0.810586 -0.160812
0.787582 -0.139117
0.771554 -0.181179
0.741425 -0.163063
0.756072 -0.188553
0.715599 -0.227503
0.706056 -0.244071
0.736581 -0.233174
0.718940 -0.262744
0.694224 -0.282049
0.713874 -0.305107
0.695383 -0.286823
0.667531 -0.284267
0.644890 -0.322534
0.647293 -0.321689
0.647248 -0.333427
0.653320 -0.377719
0.617467 -0.366655
0.608866 -0.373330
0.599806 -0.396199
0.614804 -0.410834
0.573228 -0.404202
0.548764 -0.421795
0.568435 -0.439317
0.536690 -0.465871
0.530828 -0.444410
0.548338 -0.471440
0.533082 -0.467460
0.494670 -0.477032
0.484986 -0.485228
0.490495 -0.509820
0.464590 -0.536164
0.452211 -0.504810
0.464182 -0.539942
0.474527 -0.560117
0.447180 -0.535937
0.408312 -0.559733
0.411835 -0.581784
0.413666 -0.560356
0.401837 -0.585027
0.379206 -0.614018
0.367903 -0.596042
0.346825 -0.627219
0.379826 -0.634609
0.374189 -0.656286
0.316620 -0.652766
0.311578 -0.640243
0.301633 -0.648860
0.291008 -0.648166
0.306413 -0.670470
0.301484 -0.661750
0.282615 -0.713981
0.280582 -0.675176
0.262264 -0.713559
0.235697 -0.711886
0.219897 -0.738953
0.210174 -0.708372
0.206160 -0.731712
0.197382 -0.748658
0.197376 -0.770697
0.177897 -0.772121
0.179912 -0.766139
0.167881 -0.788394
0.182170 -0.772812
0.156452 -0.773674
0.136131 -0.772652
0.119848 -0.771631
0.137705 -0.818350
0.130599 -0.828725
0.105477 -0.808324
0.095084 -0.817212
0.096444 -0.800819
0.081761 -0.852893
0.078403 -0.817187
0.042249 -0.828741
0.041134 -0.861824
0.033453 -0.872016
0.007430 -0.843972
0.018477 -0.837546
-0.003413 -0.852764
0.000758 -0.866734
0.001288 -0.896745
-0.007135 -0.887994
-0.047894 -0.890441
-0.048008 -0.913035
-0.067213 -0.915818
-0.094743 -0.895787
-0.064103 -0.891643
-0.111381 -0.922135
-0.118629 -0.918126
-0.119759 -0.919566
-0.144594 -0.936564
-0.152721 -0.947759
-0.122752 -0.950360
-0.168931 -0.936113
-0.165487 -0.941185
-0.168401 -0.939091
-0.159987 -0.956926
-0.188468 -0.956590
-0.188038 -0.931760
-0.210442 -0.971569
-0.235641 -0.963606
-0.217650 -0.933714
-0.216466 -0.979514
-0.268582 -0.982473
-0.269238 -0.958075
-0.258001 -0.949457
-0.258749 -0.993841
-0.267609 -0.990386
-0.291807 -0.981964
-0.317484 -0.980518
-0.301090 -0.991643
-0.325844 -1.006689
-0.332768 -0.983458
-0.329722 -1.000155
-0.370612 -0.984098
-0.346733 -0.995122
-0.387740 -1.007018
-0.368900 -0.968190
-0.383141 -0.989158
-0.414844 -0.991576
-0.406760 -0.980868
-0.421742 -0.986999
-0.419028 -0.992440
-0.427545 -0.983707
-0.444473 -0.998767
-0.494648 -0.986306
-0.503496 -1.013630
-0.501861 -0.999986
-0.503930 -1.011934
-0.521692 -0.988527
-0.513499 -0.986485
-0.547155 -0.991920
-0.524476 -0.998821
-0.562264 -1.007101
-0.575854 -0.976066
-0.568054 -1.004309
-0.576487 -0.982248
-0.610003 -0.988966
-0.583802 -0.981523
-0.586612 -0.986672
-0.612593 -0.995862
-0.647807 -1.011598
-0.656854 -0.965738
-0.649268 -0.960679
-0.678260 -0.980836
-0.692569 -0.970920
-0.694935 -0.974149
-0.697133 -0.968787
-0.683484 -0.977162
-0.696918 -0.940139
-0.715435 -0.941281
-0.743856 -0.952688
-0.720467 -0.947257
-0.762653 -0.949119
-0.761366 -0.932472
-0.786466 -0.932490
-0.760610 -0.940317
-0.765320 -0.930872
-0.797961 -0.933304
-0.814161 -0.889837
-0.841725 -0.902473
-0.833370 -0.886918
-0.835999 -0.877006
-0.871606 -0.857756
-0.849286 -0.859950
-0.860740 -0.842708
-0.874319 -0.847231
-0.884379 -0.829494
-0.875085 -0.805365
-0.922549 -0.827275
-0.938494 -0.813097
-0.950944 -0.791039
-0.932480 -0.747360
-0.963706 -0.720928
-0.945505 -0.727482
-0.957973 -0.714310
-0.988603 -0.654033
-0.988210 -0.627961
-0.982757 -0.495966
-0.983808 -0.353660
-0.989341 -0.329404
-0.951831 -0.282819
-0.960286 -0.221657
-0.971838 -0.221727
-0.959183 -0.199214
-0.907017 -0.142396
-0.938016 -0.122707
-0.920740 -0.071969
-0.912792 -0.081190
-0.872350 -0.042153
-0.896956 -0.024808
-0.864821 0.010707
-0.840000 0.028409
-0.868479 0.037540
-0.817827 0.028221
-0.849786 0.073325
-0.838800 0.109801
-0.808074 0.105135
-0.796840 0.130109
-0.769621 0.121705
-0.761279 0.171279
-0.779655 0.150185
-0.758556 0.181190
-0.752663 0.220379
-0.755073 0.211786
-0.705827 0.236231
-0.698157 0.230746
-0.689537 0.265086
-0.694735 0.269437
-0.671784 0.306162
-0.666421 0.303553
-0.679917 0.284199
-0.680313 0.312348
-0.660416 0.314960
-0.649717 0.368758
-0.625801 0.373322
-0.643927 0.386789
-0.634357 0.405327
-0.611087 0.408563
-0.578437 0.387360
-0.556998 0.427493
-0.561852 0.429199
-0.557161 0.439393
-0.534259 0.469944
-0.518736 0.454894
-0.515055 0.485098
-0.508159 0.503478
-0.506995 0.489891
-0.479911 0.522965
-0.503860 0.521853
-0.463853 0.515665
-0.468439 0.533398
-0.443310 0.539561
-0.463171 0.540487
-0.431816 0.540164
-0.431189 0.575072
-0.396203 0.588023
-0.394929 0.588921
-0.395012 0.612757
-0.366156 0.615565
-0.404061 0.597485
-0.364829 0.616069
-0.368323 0.613979
-0.341416 0.638346
-0.315853 0.657897
-0.319536 0.677336
-0.301368 0.684947
-0.304116 0.687346
-0.295033 0.667894
-0.311282 0.680697
-0.285778 0.707795
-0.258565 0.691257
-0.239726 0.685639
-0.271273 0.723651
-0.235844 0.728587
-0.210178 0.737430
-0.216518 0.741744
-0.197064 0.764586
-0.198682 0.767155
-0.202060 0.743227
-0.176630 0.764048
-0.185281 0.765133
-0.146999 0.780931
-0.154868 0.796704
-0.163726 0.811791
-0.148141 0.793606
-0.120529 0.822963
-0.123574 0.808499
-0.078782 0.818949
-0.104448 0.823004
-0.081277 0.810050
-0.077605 0.831187
-0.049691 0.826684
-0.042127 0.836261
-0.048355 0.855488
-0.042348 0.871091
-0.020142 0.842085
-0.022576 0.853156