0.016592 0.874394
0.020979 0.891436
0.017791 0.830576
-0.000871 0.895266
0.023137 0.879500
0.057241 0.895294
0.078790 0.905211
0.067050 0.886497
0.075973 0.902862
0.103284 0.917528
0.108600 0.902479
0.114737 0.907285
0.065027 0.887962
0.150660 0.865709
0.105349 0.936460
0.129747 0.941829
0.176620 0.931240
0.179569 0.894702
0.208673 0.939121
0.160243 0.961578
0.181155 0.957433
0.240227 0.932946
0.264015 1.005218
0.211991 0.942125
0.283359 0.919936
0.250766 0.943670
0.257288 1.010605
0.214879 0.977585
0.290866 1.001903
0.332842 0.948661
0.271863 0.968796
0.316251 0.972820
0.310143 0.921598
0.356748 0.979933
0.333009 0.968719
0.376872 1.004946
0.378194 0.932374
0.375439 0.982530
0.384499 1.017757
0.335344 1.016268
0.404624 0.983835
0.398434 1.003461
0.468844 1.022274
0.381921 1.024725
0.438960 1.012416
0.454852 0.988980
0.462110 0.946358
0.466311 0.983180
0.443742 0.982463
0.448944 1.001036
0.499133 1.002580
0.513463 0.954899
0.539977 1.014195
0.517635 1.001380
0.612599 0.943988
0.562085 0.977792
0.591471 1.008718
0.548534 0.969623
0.540119 0.975700
0.589907 1.004551
0.612105 1.009408
0.639582 0.975858
0.615931 1.032079
0.642381 0.982352
0.664070 1.009457
0.606654 0.989742
0.691605 0.990270
0.656249 0.980667
0.720273 1.005106
0.689837 0.981348
0.682681 0.869749
0.685074 0.943238
0.725191 0.883436
0.747740 0.965617
0.739195 0.938250
0.742600 0.976072
0.785684 0.961274
0.784422 0.892450
0.762017 0.930847
0.814808 0.928787
0.806834 0.920768
0.851480 0.951730
0.838026 0.901398
0.816982 0.869408
0.907445 0.914563
0.836831 0.884455
0.856972 0.905376
0.861647 0.874700
0.888750 0.820765
0.887620 0.839751
0.907077 0.807761
0.930577 0.806981
0.959782 0.794313
0.939578 0.744455
0.948616 0.745901
0.970341 0.728266
0.983368 0.691372
0.934876 0.703532
0.978154 0.652543
0.958582 0.595889
1.007743 0.500221
1.005279 0.376334
0.994944 0.311424
0.934984 0.266170
0.948316 0.229676
0.943221 0.214654
0.952994 0.174035
0.882235 0.139942
0.925310 0.126350
0.907472 0.061012
0.855679 0.096271
0.857216 0.068500
0.878831 0.072808
0.854750 0.024504
0.816987 -0.015208
0.802744 -0.023614
0.836806 -0.069872
0.826769 -0.084689
0.831647 -0.093998
0.827212 -0.089257
0.778168 -0.099601
0.780108 -0.182170
0.804307 -0.121693
0.767176 -0.227261
0.809405 -0.167796
0.725302 -0.181392
0.751943 -0.242729
0.734073 -0.258684
0.732716 -0.252521
0.682314 -0.236763
0.729684 -0.277554
0.691968 -0.280391
0.678791 -0.248831
0.642535 -0.292311
0.605598 -0.324626
0.646786 -0.310103
0.674293 -0.344665
0.585331 -0.351831
0.653782 -0.362880
0.573317 -0.375655
0.579318 -0.401214
0.616861 -0.419779
0.560855 -0.387895
0.569190 -0.464570
0.516273 -0.440761
0.539142 -0.424939
0.547363 -0.456980
0.538125 -0.528535
0.456866 -0.523852
0.496916 -0.501469
0.531813 -0.506856
0.469834 -0.537648
0.467595 -0.524038
0.440212 -0.479770
0.490679 -0.557149
0.421072 -0.571182
0.435165 -0.533999
0.444411 -0.602861
0.410616 -0.593179
0.388210 -0.574469
0.426205 -0.573300
0.405590 -0.607025
0.395098 -0.590089
0.362728 -0.603906
0.310351 -0.653174
0.348555 -0.613066
0.327241 -0.658313
0.310317 -0.645217
0.332524 -0.675651
0.285368 -0.712011
0.278178 -0.694189
0.317696 -0.646382
0.251870 -0.703629
0.276945 -0.694625
0.226080 -0.707906
0.225935 -0.734115
0.282589 -0.703815
0.245901 -0.680764
0.198918 -0.760606
0.227764 -0.746726
0.193077 -0.724876
0.190033 -0.758481
0.204871 -0.722645
0.148928 -0.777031
0.170451 -0.759563
0.114638 -0.798417
0.140688 -0.811120
0.152448 -0.854062
0.087377 -0.786206
0.119962 -0.806265
0.087067 -0.785408
0.100865 -0.804335
0.089622 -0.865786
0.094703 -0.812317
0.082719 -0.848773
0.050517 -0.843377
-0.013962 -0.838788
-0.018962 -0.834742
0.043719 -0.861064
-0.004261 -0.891871
0.030529 -0.853848
0.029310 -0.853596
-0.009400 -0.871484
-0.066400 -0.946018
0.009889 -0.872299
-0.045499 -0.869706
-0.069915 -0.915288
-0.097133 -0.922801
-0.087655 -0.904127
-0.103701 -0.915566
-0.128171 -0.903923
-0.105757 -0.879382
-0.134364 -0.908874
-0.132588 -0.928490
-0.152493 -0.960761
-0.133761 -0.944714
-0.169897 -0.891008
-0.170917 -0.960411
-0.193696 -0.934005
-0.146202 -0.935140
-0.203719 -0.953130
-0.209537 -0.940062
-0.219490 -0.975528
-0.165304 -0.915544
-0.189176 -0.948882
-0.222876 -0.971300
-0.273971 -0.977693
-0.292604 -0.948048
-0.284980 -1.018791
-0.281111 -0.967047
-0.287553 -0.938353
-0.323734 -0.995387
-0.334940 -0.992644
-0.342763 -1.020763
-0.336613 -0.949251
-0.318422 -1.008749
-0.355599 -0.988873
-0.358868 -0.971800
-0.382356 -0.997456
-0.372375 -1.039568
-0.375609 -0.986186
-0.382316 -1.018980
-0.380778 -1.011815
-0.475752 -1.044450
-0.439388 -0.994523
-0.488202 -0.989034
-0.461846 -1.025669
-0.488251 -1.008793
-0.435059 -0.992193
-0.504405 -0.995894
-0.542024 -1.026187
-0.498970 -0.989430
-0.576708 -0.985782
-0.496280 -0.991384
-0.565883 -0.985439
-0.548469 -0.988350
-0.522555 -0.979897
-0.573132 -1.001111
-0.587763 -1.008625
-0.637904 -1.017650
-0.638870 -1.021116
-0.639162 -0.986615
-0.600656 -0.960084
-0.644361 -1.017469
-0.614764 -0.995217
-0.648035 -0.971530
-0.645962 -1.000075
-0.661532 -0.987837
-0.674860 -0.975330
-0.700388 -0.933220
-0.709113 -0.986896
-0.717075 -0.908938
-0.782395 -0.989145
-0.744682 -0.985900
-0.715963 -0.914516
-0.772648 -0.951786
-0.770824 -0.920602
-0.786625 -0.926297
-0.822533 -0.935992
-0.800383 -0.933452
-0.835759 -0.936382
-0.807047 -0.925763
-0.826831 -0.902322
-0.837970 -0.859820
-0.866729 -0.896869
-0.860507 -0.886377
-0.881648 -0.913725
-0.882665 -0.837371
-0.905526 -0.850910
-0.874983 -0.806863
-0.895356 -0.827474
-0.868333 -0.827685
-0.929096 -0.802784
-0.883128 -0.783372
-0.943670 -0.760947
-0.948003 -0.708738
-0.960974 -0.726759
-0.952169 -0.673987
-1.008577 -0.622059
-1.009754 -0.578332
-1.004977 -0.523425
-1.006006 -0.366617
-0.957414 -0.301484
-0.952525 -0.305386
-0.974172 -0.226949
-0.938048 -0.215028
-0.947909 -0.225577
-0.928968 -0.125771
-0.899331 -0.106874
-0.921683 -0.092464
-0.903849 -0.030366
-0.906748 -0.071509
-0.884967 -0.012473
-0.866932 -0.013019
-0.886824 0.000576
-0.866410 0.030745
-0.820454 0.062173
-0.863842 0.076391
-0.819574 0.117929
-0.793941 0.088961
-0.798570 0.128624
-0.828558 0.175731
-0.754638 0.143960
-0.759067 0.183304
-0.721952 0.169182
-0.759435 0.173640
-0.726318 0.200145
-0.722543 0.245559
-0.671008 0.254677
-0.738228 0.280664
-0.744931 0.297702
-0.692668 0.255426
-0.682098 0.278029
-0.693100 0.289231
-0.679295 0.322780
-0.599083 0.349136
-0.609285 0.342540
-0.633754 0.419161
-0.603385 0.353059
-0.594544 0.392416
-0.612587 0.424985
-0.566109 0.403793
-0.574354 0.421700
-0.566426 0.438202
-0.575195 0.445965
-0.520213 0.508142
-0.516050 0.499146
-0.506479 0.451520
-0.547699 0.488707
-0.527842 0.492115
-0.549053 0.433816
-0.455651 0.478019
-0.489133 0.531807
-0.505093 0.554144
-0.472478 0.565354
-0.464939 0.531571
-0.455258 0.586922
-0.463870 0.564182
-0.404144 0.584864
-0.397730 0.564405
-0.429953 0.601357
-0.407974 0.611326
-0.402666 0.647215
-0.391807 0.629515
-0.361575 0.653176
-0.337824 0.633625
-0.354570 0.659738
-0.378508 0.694855
-0.302068 0.687427
-0.309508 0.706556
-0.307433 0.715896
-0.265661 0.685324
-0.273041 0.686014
-0.303658 0.686849
-0.307004 0.711062
-0.211512 0.734154
-0.212786 0.696153
-0.216001 0.765328
-0.224820 0.726579
-0.205160 0.721599
-0.195685 0.742712
-0.178391 0.800490
-0.186146 0.738914
-0.168462 0.745917
-0.136048 0.733691
-0.198593 0.823658
-0.141882 0.762895
-0.133638 0.776074
-0.119601 0.799154
-0.113969 0.817151
-0.090945 0.814566
-0.091272 0.823377
-0.033449 0.798130
-0.074837 0.809173
-0.082378 0.838586
-0.046086 0.845615
-0.025591 0.865965
-0.030543 0.872340
-0.051514 0.861378
-0.004117 0.857523