-0.046882 0.818460
0.051463 0.843623
0.048101 0.922540
0.013525 0.862609
-0.005215 0.844140
0.031930 0.868351
0.063773 0.924371
0.082360 0.937433
0.047523 0.903857
0.093208 0.933957
0.052820 0.906941
0.153259 0.876591
0.119758 0.961924
0.133039 0.910645
0.188928 0.974556
0.177151 0.951483
0.159640 0.899703
0.216588 0.943478
0.193604 0.941438
0.194709 0.988691
0.200358 0.954283
0.216155 0.983744
0.266560 0.948301
0.273799 0.948126
0.276714 0.916039
0.231287 0.940660
0.224895 0.974031
0.274149 0.962347
0.324760 0.996635
0.246940 1.014211
0.278089 0.949278
0.297468 1.026531
0.298335 1.028216
0.293362 0.983680
0.303082 0.997478
0.349209 1.026767
0.337580 1.002936
0.393197 1.035418
0.369701 1.021960
0.354924 1.009668
0.374095 0.997919
0.419267 0.990009
0.464810 0.999190
0.415649 1.029610
0.429863 1.005305
0.487500 0.986093
0.436205 0.971013
0.452395 1.000457
0.473337 1.009266
0.522282 0.986726
0.497428 0.990332
0.462207 0.988013
0.536206 0.954572
0.562370 0.953690
0.539925 0.971015
0.592732 0.978678
0.558755 0.998805
0.530185 0.947998
0.590713 0.995180
0.543204 0.990035
0.564677 1.004386
0.589970 1.032380
0.587548 1.000642
0.655232 1.007913
0.653003 0.979652
0.617174 0.959509
0.647926 0.988418
0.692829 0.942694
0.634515 0.975904
0.707479 0.974601
0.662703 0.956620
0.705749 0.976883
0.742062 0.952460
0.701048 0.929248
0.767916 0.950340
0.794006 0.980686
0.775690 0.939503
0.804857 0.960312
0.759257 0.930920
0.775342 0.950312
0.838999 0.908064
0.797218 0.921720
0.859451 0.936547
0.829158 0.890098
0.872216 0.862379
0.899567 0.906668
0.833530 0.875917
0.901891 0.873975
0.846472 0.826812
0.890659 0.852959
0.863583 0.859283
0.957503 0.834692
0.872262 0.845364
0.968407 0.831317
0.957236 0.731908
0.978130 0.722367
0.992573 0.706284
0.993057 0.661599
0.987363 0.643867
0.994730 0.662619
1.046495 0.459920
1.020731 0.375250
0.997084 0.365266
0.959965 0.252925
0.922505 0.200785
0.994899 0.243631
0.941654 0.127713
0.915365 0.151866
0.898031 0.156551
0.910910 0.077115
0.874158 0.073923
0.846424 0.012083
0.878805 0.020134
0.868876 0.044713
0.815024 -0.013293
0.851421 -0.039375
0.850709 -0.052223
0.850215 -0.030239
0.844107 -0.124834
0.772861 -0.111232
0.821789 -0.157762
0.761244 -0.144262
0.816781 -0.143277
0.724195 -0.185284
0.710281 -0.156948
0.722951 -0.150139
0.756031 -0.194931
0.688785 -0.177725
0.692857 -0.221374
0.759591 -0.213232
0.669364 -0.239088
0.670167 -0.323033
0.636856 -0.334213
0.639935 -0.300011
0.701698 -0.322554
0.617671 -0.332302
0.643670 -0.353125
0.595519 -0.403303
0.599197 -0.386838
0.603086 -0.349566
0.596852 -0.406021
0.624325 -0.401980
0.599014 -0.440188
0.598992 -0.452820
0.574600 -0.478082
0.577114 -0.424778
0.553916 -0.447538
0.484661 -0.507446
0.483315 -0.494350
0.493685 -0.497650
0.465647 -0.516897
0.515545 -0.485763
0.468243 -0.524174
0.500516 -0.575952
0.433744 -0.580704
0.453532 -0.531837
0.401607 -0.569545
0.381570 -0.533963
0.394381 -0.556714
0.418456 -0.590191
0.411872 -0.632284
0.432375 -0.626096
0.386909 -0.599719
0.402323 -0.587932
0.395835 -0.662144
0.399113 -0.635776
0.388139 -0.660607
0.323678 -0.678303
0.328531 -0.617975
0.336758 -0.693446
0.295925 -0.677217
0.279214 -0.714615
0.298587 -0.661315
0.316049 -0.701700
0.236011 -0.688596
0.279615 -0.700447
0.192569 -0.695882
0.276294 -0.696953
0.252390 -0.722080
0.201957 -0.751255
0.214966 -0.699773
0.205538 -0.720409
0.207544 -0.763661
0.217460 -0.767114
0.147439 -0.765945
0.125729 -0.761207
0.139895 -0.798150
0.150387 -0.790760
0.145979 -0.771295
0.078084 -0.759600
0.112099 -0.799615
0.064636 -0.824115
0.103990 -0.826033
0.110348 -0.799381
0.052959 -0.798121
0.093483 -0.834391
0.083739 -0.814306
-0.019234 -0.860731
-0.009878 -0.815203
-0.014357 -0.864540
0.034495 -0.843608
-0.045518 -0.893535
-0.033178 -0.909806
-0.072996 -0.926990
-0.053930 -0.911756
-0.024530 -0.869416
-0.014444 -0.871986
-0.103255 -0.904816
-0.056621 -0.941323
-0.091622 -0.900355
-0.072689 -0.898100
-0.126045 -0.892537
-0.083143 -0.950831
-0.152224 -0.889987
-0.143143 -0.944093
-0.174880 -0.904942
-0.177999 -0.940923
-0.209567 -0.940964
-0.195043 -0.984452
-0.177930 -0.904570
-0.155213 -0.962794
-0.172931 -0.978992
-0.172883 -0.985770
-0.199212 -0.972438
-0.218151 -0.942115
-0.299128 -0.919626
-0.302538 -0.916449
-0.233318 -0.966381
-0.298740 -1.017065
-0.267291 -0.949381
-0.299686 -0.989465
-0.331154 -1.023547
-0.283997 -0.973552
-0.378740 -0.970752
-0.383115 -1.025128
-0.378439 -1.007051
-0.373995 -0.980059
-0.381076 -1.021102
-0.407827 -0.941809
-0.409332 -0.976974
-0.417218 -0.968720
-0.391279 -1.006697
-0.408072 -0.994834
-0.423494 -1.005737
-0.453794 -1.014110
-0.478631 -0.968244
-0.493358 -0.974063
-0.516987 -0.977171
-0.520948 -0.982686
-0.441427 -0.973277
-0.477510 -1.005563
-0.559677 -0.980161
-0.497663 -1.007244
-0.509793 -1.032915
-0.583352 -1.014295
-0.569168 -0.966146
-0.535932 -0.969972
-0.557239 -0.978553
-0.605702 -1.034758
-0.557797 -0.962095
-0.591953 -0.962282
-0.611777 -1.037277
-0.606725 -0.982450
-0.647628 -1.001159
-0.605536 -1.017683
-0.622587 -0.990342
-0.683640 -0.943254
-0.709579 -0.970808
-0.697510 -1.024539
-0.653918 -0.939801
-0.733865 -0.938306
-0.704010 -1.005883
-0.684094 -0.969426
-0.704297 -0.939981
-0.756337 -0.980781
-0.726418 -0.935056
-0.777355 -0.945786
-0.793345 -0.977219
-0.797590 -0.949906
-0.800162 -0.975187
-0.822091 -0.908100
-0.764784 -0.944248
-0.869383 -0.943647
-0.806516 -0.887866
-0.817597 -0.884680
-0.889809 -0.924278
-0.844716 -0.849860
-0.909355 -0.887758
-0.905959 -0.885705
-0.881114 -0.825139
-0.933673 -0.784532
-0.894518 -0.845940
-0.936914 -0.755874
-0.977015 -0.826997
-0.921541 -0.772099
-0.982311 -0.735846
-0.979527 -0.681303
-0.923065 -0.704438
-0.941625 -0.641961
-0.946606 -0.637460
-0.997223 -0.481828
-0.989892 -0.405562
-0.994032 -0.306873
-0.946239 -0.237960
-0.923425 -0.196667
-0.979553 -0.172690
-0.921637 -0.126132
-0.937001 -0.180899
-0.887698 -0.133818
-0.939003 -0.107394
-0.925794 -0.031834
-0.898489 -0.026345
-0.882957 -0.001692
-0.849859 0.004252
-0.822724 -0.015485
-0.870649 0.017474
-0.805067 0.067672
-0.829881 0.102050
-0.772223 0.069486
-0.804183 0.072432
-0.786659 0.079130
-0.748408 0.139954
-0.817496 0.176839
-0.775112 0.130618
-0.745402 0.141120
-0.738913 0.170113
-0.718541 0.186772
-0.757455 0.251928
-0.761652 0.197188
-0.729365 0.294260
-0.734036 0.261944
-0.714703 0.326130
-0.693483 0.302464
-0.661910 0.306240
-0.649813 0.271028
-0.671050 0.336920
-0.623206 0.319367
-0.603509 0.399049
-0.664973 0.320628
-0.562568 0.347968
-0.607188 0.365088
-0.593881 0.405875
-0.537290 0.396379
-0.588451 0.406949
-0.521091 0.436540
-0.545503 0.450526
-0.564723 0.466882
-0.482940 0.452869
-0.477043 0.480232
-0.548167 0.537593
-0.545974 0.547004
-0.468107 0.484912
-0.506184 0.491660
-0.488847 0.534599
-0.478642 0.522809
-0.418812 0.537411
-0.448161 0.538445
-0.430859 0.526656
-0.452636 0.606567
-0.382533 0.590571
-0.356939 0.634013
-0.375561 0.575748
-0.362481 0.563914
-0.357599 0.607774
-0.326167 0.626797
-0.337876 0.609076
-0.373814 0.609282
-0.333793 0.624482
-0.291353 0.656775
-0.293298 0.637665
-0.260981 0.661975
-0.248981 0.644965
-0.315903 0.701186
-0.311417 0.704410
-0.294552 0.674660
-0.213123 0.690666
-0.206168 0.770591
-0.263205 0.678211
-0.234885 0.715084
-0.187748 0.704959
-0.244261 0.778803
-0.184638 0.737471
-0.218657 0.724342
-0.209490 0.748321
-0.182177 0.758062
-0.113402 0.806879
-0.120189 0.815212
-0.104166 0.841995
-0.100628 0.795663
-0.141184 0.791439
-0.076585 0.800457
-0.055842 0.799073
-0.034745 0.842951
-0.063432 0.805386
-0.034382 0.843416
-0.040264 0.801576
-0.001298 0.801136
0.002689 0.844737
0.015172 0.903734
-0.052690 0.895134